"species","x","y","bio5","bio14","bio18"
"background",1,1,308.361111111111,24.6111111111111,379.111111111111
"background",2,2,287.666666666667,34.25,497.083333333333
"background",3,3,351.833333333333,9.25,370
"background",4,4,324.777777777778,30.3888888888889,556.694444444444
"background",5,5,295.111111111111,17.7222222222222,251.75
"background",6,6,318,13.6388888888889,399.611111111111
"background",7,7,314.055555555556,10.4722222222222,366.083333333333
"background",8,8,290.833333333333,12.9444444444444,300.638888888889
"background",9,9,312.916666666667,64.7222222222222,483.972222222222
"background",10,10,306.722222222222,129.5,411.194444444444
"background",11,11,297.583333333333,105.222222222222,560.111111111111
"background",12,12,332.555555555556,4.69444444444444,70.6111111111111
"background",13,13,339.916666666667,1,108.638888888889
"background",14,14,316.888888888889,57.8888888888889,581.888888888889
"background",15,15,286.111111111111,9.52777777777778,590.055555555556
"background",16,16,326.083333333333,55.2222222222222,247.305555555556
"background",17,17,326.583333333333,20.5555555555556,137.694444444444
"background",18,18,322.611111111111,60.6944444444444,284.166666666667
"background",19,19,337.527777777778,2.13888888888889,76.0833333333333
"background",20,20,330.388888888889,31.2777777777778,569.555555555556
"background",21,21,307.388888888889,220.527777777778,795.277777777778
"background",22,22,293.861111111111,5,449.388888888889
"background",23,23,340.888888888889,3.22222222222222,397.833333333333
"background",24,24,342.861111111111,2.13888888888889,154.5
"background",25,25,343.083333333333,0,170.027777777778
"background",26,26,333.388888888889,21.0277777777778,396.25
"background",27,27,257.305555555556,53.8055555555556,716.944444444444
"background",28,28,322.444444444444,66.5833333333333,285.833333333333
"background",29,29,335.472222222222,55.9722222222222,202.833333333333
"background",30,30,322.694444444444,45.0555555555556,559.25
"background",31,31,326.472222222222,3.88888888888889,68.5
"background",32,32,288.666666666667,13.1111111111111,147.527777777778
"background",33,33,326.388888888889,87.9444444444444,314.916666666667
"background",34,34,351.194444444444,0.916666666666667,180
"background",35,35,339.833333333333,31.4444444444444,507.388888888889
"background",36,36,313.666666666667,22.5833333333333,563.555555555556
"background",37,37,274.583333333333,81.2916666666667,570.375
"background",38,38,308.361111111111,18.6666666666667,228.805555555556
"background",39,39,337.888888888889,4.05555555555556,410.722222222222
"background",40,40,306.515151515152,61.9090909090909,290.878787878788
"background",41,41,353.416666666667,6.5,117.555555555556
"background",42,42,339.222222222222,0.722222222222222,143.305555555556
"background",43,43,322.111111111111,8.83333333333333,397.75
"background",44,44,330.527777777778,45.75,193.388888888889
"background",45,45,310.166666666667,8.5,565.305555555556
"background",46,46,314.75,3.91666666666667,230.527777777778
"background",47,47,326.055555555556,22.6666666666667,101.694444444444
"background",48,48,317.972222222222,25.7777777777778,225.916666666667
"background",49,49,324.09375,8.5625,39.90625
"background",50,50,337.972222222222,80.3611111111111,254.222222222222
"background",51,51,304.972222222222,73.8055555555556,288.111111111111
"background",52,52,304.416666666667,4.91666666666667,339.416666666667
"background",53,53,325.088235294118,2.5,85.2058823529412
"background",54,54,344.111111111111,2.47222222222222,173.5
"background",55,55,320.472222222222,2.61111111111111,63.1944444444444
"background",56,56,337.083333333333,0.25,188.805555555556
"background",57,57,283.972222222222,20.4166666666667,643.305555555556
"background",58,58,355.555555555556,6.13888888888889,340.5
"background",59,59,329.861111111111,16.0833333333333,186.555555555556
"background",60,60,318.777777777778,45.0555555555556,620.361111111111
"background",61,61,330.055555555556,67.0277777777778,261.833333333333
"background",62,62,309.5,33.5277777777778,530.138888888889
"background",63,63,346.305555555556,7.36111111111111,249.472222222222
"background",64,64,297.888888888889,57.1666666666667,452.055555555556
"background",65,65,332,4.16666666666667,418.888888888889
"background",66,66,332.527777777778,54.9166666666667,204.972222222222
"background",67,67,331.333333333333,6.16666666666667,238.583333333333
"background",68,68,324.75,37.1111111111111,150.333333333333
"background",69,69,306.75,21.4722222222222,412.277777777778
"background",70,70,340.527777777778,0.583333333333333,227.583333333333
"background",71,71,336.944444444444,7.58333333333333,469.611111111111
"background",72,72,352.5,4.44444444444444,248.055555555556
"background",73,73,319.916666666667,54,545.722222222222
"background",74,74,322.230769230769,13.6538461538462,101.884615384615
"background",75,75,316.888888888889,21.0277777777778,398.777777777778
"background",76,76,298,8.63888888888889,387.805555555556
"background",77,77,314.583333333333,4.5,191.583333333333
"background",78,78,321.916666666667,72.6111111111111,618.083333333333
"background",79,79,297.472222222222,104.388888888889,378.805555555556
"background",80,80,323.277777777778,26.6666666666667,158.75
"background",81,81,344.444444444444,1.75,484.472222222222
"background",82,82,343.222222222222,5.05555555555556,144.25
"background",83,83,331.944444444444,8.55555555555556,334.805555555556
"background",84,84,312.916666666667,230.055555555556,748.805555555556
"background",85,85,318.611111111111,59,287.638888888889
"background",86,86,312.416666666667,6.5,757.666666666667
"background",87,87,351.472222222222,6.63888888888889,110.138888888889
"background",88,88,297.333333333333,6.02777777777778,230.555555555556
"background",89,89,330.5,72.5,286.75
"background",90,90,328.277777777778,10.8333333333333,118.805555555556
"background",91,91,325.583333333333,91.4166666666667,366.194444444444
"background",92,92,282.305555555556,11.5277777777778,629.5
"background",93,93,260.388888888889,100.111111111111,492.861111111111
"background",94,94,312.638888888889,31.9166666666667,380.583333333333
"background",95,95,332.777777777778,44.5833333333333,156.805555555556
"background",96,96,321.444444444444,5.47222222222222,379.472222222222
"background",97,97,305.638888888889,104.027777777778,356.333333333333
"background",98,98,323.833333333333,55.5,247.833333333333
"background",99,99,317.638888888889,159.888888888889,576.277777777778
"background",100,100,314.25,89.3611111111111,633
"background",101,101,318.888888888889,2.61111111111111,194.222222222222
"background",102,102,335.583333333333,0.166666666666667,170.916666666667
"background",103,103,312.444444444444,112.166666666667,627.583333333333
"background",104,104,316.75,11.0555555555556,539.861111111111
"background",105,105,327.333333333333,81.3055555555556,361.194444444444
"background",106,106,325.305555555556,24.9444444444444,341.861111111111
"background",107,107,312.361111111111,106.944444444444,582.583333333333
"background",108,108,349.25,4.27777777777778,306
"background",109,109,316.388888888889,20.3333333333333,415.416666666667
"background",110,110,281.083333333333,18.1111111111111,245.972222222222
"background",111,111,315.277777777778,8.19444444444444,297.833333333333
"background",112,112,328.472222222222,17.5,105
"background",113,113,312.694444444444,13.5833333333333,436.138888888889
"background",114,114,327.388888888889,60.3888888888889,481.305555555556
"background",115,115,293.638888888889,33.3888888888889,616.888888888889
"background",116,116,315.25,103.555555555556,575.138888888889
"background",117,117,324.138888888889,2.19444444444444,177.388888888889
"background",118,118,315.944444444444,56.9166666666667,628.583333333333
"background",119,119,327.527777777778,71.1111111111111,308.027777777778
"background",120,120,311.861111111111,9.25,405.555555555556
"background",121,121,326.111111111111,95.5,342.861111111111
"background",122,122,288.944444444444,125.027777777778,470.5
"background",123,123,334.444444444444,37.2777777777778,400.583333333333
"background",124,124,310.444444444444,5.33333333333333,220.472222222222
"background",125,125,327.055555555556,54.0277777777778,203.027777777778
"background",126,126,349.861111111111,12.8333333333333,351.583333333333
"background",127,127,305.111111111111,3.33333333333333,209.166666666667
"background",128,128,335,28.0833333333333,301.611111111111
"background",129,129,329.055555555556,27.25,132.222222222222
"background",130,130,327.527777777778,21.9444444444444,468.027777777778
"background",131,131,337,13.9722222222222,350.305555555556
"background",132,132,318.305555555556,5.41666666666667,218.805555555556
"background",133,133,314.444444444444,2.61111111111111,89.9444444444444
"background",134,134,339.472222222222,0.361111111111111,147.638888888889
"background",135,135,315.194444444444,26.3611111111111,553.166666666667
"background",136,136,309.527777777778,174.861111111111,586.916666666667
"background",137,137,312.083333333333,176.777777777778,566.555555555556
"background",138,138,324.166666666667,62.8055555555556,242.055555555556
"background",139,139,297.555555555556,2.75,385.805555555556
"background",140,140,329.583333333333,26.5,162.444444444444
"background",141,141,295.416666666667,3.30555555555556,158.583333333333
"background",142,142,293.833333333333,18.7777777777778,631.305555555556
"background",143,143,334.416666666667,14.5555555555556,275.138888888889
"background",144,144,328.75,14.3888888888889,434.944444444444
"background",145,145,330.916666666667,23.4444444444444,124.444444444444
"background",146,146,264.151515151515,53.6969696969697,733.757575757576
"background",147,147,312.361111111111,199.083333333333,610.694444444444
"background",148,148,284.611111111111,116.555555555556,442.944444444444
