"species","x","y","bio5","bio14","bio18"
"species",1,1,312.638888888889,31.9166666666667,380.583333333333
"species",2,2,310.916666666667,18.0833333333333,534.222222222222
"species",3,3,312.638888888889,31.9166666666667,380.583333333333
"species",4,4,257.305555555556,53.8055555555556,716.944444444444
"species",5,5,293.638888888889,33.3888888888889,616.888888888889
"species",6,6,293.638888888889,33.3888888888889,616.888888888889
"species",7,7,310.916666666667,18.0833333333333,534.222222222222
"species",8,8,292.277777777778,24.6388888888889,452.944444444444
"species",9,9,312.638888888889,31.9166666666667,380.583333333333
"species",10,10,313.333333333333,62.4444444444444,489.555555555556
"species",11,11,300.730769230769,41.2307692307692,343.346153846154
"species",12,12,300.730769230769,41.2307692307692,343.346153846154
"species",13,13,287.666666666667,34.25,497.083333333333
"species",14,14,264.151515151515,53.6969696969697,733.757575757576
"species",15,15,310.916666666667,18.0833333333333,534.222222222222
"species",16,16,312.638888888889,34.5833333333333,351.277777777778
"species",17,17,300.730769230769,41.2307692307692,343.346153846154
"species",18,18,312.638888888889,34.5833333333333,351.277777777778
"species",19,19,282.361111111111,54.5,580.083333333333
"species",20,20,257.305555555556,53.8055555555556,716.944444444444
"species",21,21,284.583333333333,19.8055555555556,622.388888888889
"species",22,22,293.638888888889,33.3888888888889,616.888888888889
"species",23,23,257.305555555556,53.8055555555556,716.944444444444
"species",24,24,265.194444444444,23.0277777777778,718.166666666667
"species",25,25,312.638888888889,31.9166666666667,380.583333333333
"species",26,26,264.151515151515,53.6969696969697,733.757575757576
"species",27,27,292.172413793103,66.0689655172414,730.827586206897
"species",28,28,300.730769230769,41.2307692307692,343.346153846154
"species",29,29,304.083333333333,13.5833333333333,493.027777777778
"species",30,30,287.666666666667,34.25,497.083333333333
"species",31,31,312.638888888889,31.9166666666667,380.583333333333
"species",32,32,293.638888888889,33.3888888888889,616.888888888889
"species",33,33,293.638888888889,33.3888888888889,616.888888888889
"species",34,34,300.730769230769,41.2307692307692,343.346153846154
"species",35,35,292.277777777778,24.6388888888889,452.944444444444
"species",36,36,287.666666666667,34.25,497.083333333333
"species",37,37,292.277777777778,24.6388888888889,452.944444444444
"species",38,38,300.730769230769,41.2307692307692,343.346153846154
"species",39,39,274.583333333333,81.2916666666667,570.375
"species",40,40,257.305555555556,53.8055555555556,716.944444444444
"species",41,41,312.638888888889,31.9166666666667,380.583333333333
"species",42,42,278.805555555556,14.0277777777778,576.722222222222
"species",43,43,292.888888888889,64.3888888888889,306.111111111111
"species",44,44,257.305555555556,53.8055555555556,716.944444444444
"species",45,45,257.305555555556,53.8055555555556,716.944444444444
"species",46,46,300.730769230769,41.2307692307692,343.346153846154
"species",47,47,257.305555555556,53.8055555555556,716.944444444444
"species",48,48,291.222222222222,16.8888888888889,494.055555555556
"species",49,49,292.277777777778,24.6388888888889,452.944444444444
"species",50,50,308.361111111111,24.6111111111111,379.111111111111
"species",51,51,292.172413793103,66.0689655172414,730.827586206897
"species",52,52,291.222222222222,16.8888888888889,494.055555555556
"species",53,53,312.638888888889,31.9166666666667,380.583333333333
"species",54,54,312.638888888889,31.9166666666667,380.583333333333
"species",55,55,312.638888888889,31.9166666666667,380.583333333333
"species",56,56,301.888888888889,62.1388888888889,304.611111111111
"species",57,57,292.172413793103,66.0689655172414,730.827586206897
"species",58,58,312.638888888889,31.9166666666667,380.583333333333
"species",59,59,257.305555555556,53.8055555555556,716.944444444444
"species",60,60,289.333333333333,16.1111111111111,314.472222222222
"species",61,61,265.194444444444,23.0277777777778,718.166666666667
"species",62,62,312.638888888889,31.9166666666667,380.583333333333
"species",63,63,300.730769230769,41.2307692307692,343.346153846154
"species",64,64,266.444444444444,38.5277777777778,568.166666666667
"species",65,65,276.666666666667,12.8611111111111,693.5
"species",66,66,264.151515151515,53.6969696969697,733.757575757576
"species",67,67,278.555555555556,78.3333333333333,370.916666666667
"species",68,68,292.277777777778,24.6388888888889,452.944444444444
"species",69,69,265.194444444444,23.0277777777778,718.166666666667
"species",70,70,312.638888888889,31.9166666666667,380.583333333333
"species",71,71,312.638888888889,31.9166666666667,380.583333333333
"species",72,72,257.305555555556,53.8055555555556,716.944444444444
"species",73,73,287.666666666667,34.25,497.083333333333
"species",74,74,265.194444444444,23.0277777777778,718.166666666667
"species",75,75,291.222222222222,16.8888888888889,494.055555555556
"species",76,76,287.222222222222,78.8611111111111,379.25
"species",77,77,265.194444444444,23.0277777777778,718.166666666667
"species",78,78,312.638888888889,31.9166666666667,380.583333333333
"species",79,79,312.638888888889,31.9166666666667,380.583333333333
"species",80,80,312.638888888889,31.9166666666667,380.583333333333
"species",81,81,312.638888888889,31.9166666666667,380.583333333333
"species",82,82,312.638888888889,31.9166666666667,380.583333333333
"species",83,83,287.222222222222,78.8611111111111,379.25
"species",84,84,292.277777777778,24.6388888888889,452.944444444444
"species",85,85,287.666666666667,34.25,497.083333333333
"species",86,86,280.638888888889,23.4444444444444,601.305555555556
"species",87,87,335.722222222222,24.9444444444444,491.916666666667
"species",88,88,257.305555555556,53.8055555555556,716.944444444444
"species",89,89,293.638888888889,33.3888888888889,616.888888888889
"species",90,90,312.638888888889,31.9166666666667,380.583333333333
"species",91,91,287.666666666667,34.25,497.083333333333
"species",92,92,300.730769230769,41.2307692307692,343.346153846154
"species",93,93,291.222222222222,16.8888888888889,494.055555555556
"species",94,94,293.638888888889,33.3888888888889,616.888888888889
"species",95,95,282.305555555556,11.5277777777778,629.5
"species",96,96,312.638888888889,31.9166666666667,380.583333333333
"species",97,97,264.151515151515,53.6969696969697,733.757575757576
"species",98,98,287.666666666667,34.25,497.083333333333
"species",99,99,312.638888888889,31.9166666666667,380.583333333333
"species",100,100,300.730769230769,41.2307692307692,343.346153846154
"species",101,101,292.277777777778,24.6388888888889,452.944444444444
"species",102,102,292.277777777778,24.6388888888889,452.944444444444
"species",103,103,306.515151515152,61.9090909090909,290.878787878788
"species",104,104,312.638888888889,34.5833333333333,351.277777777778
"species",105,105,274.583333333333,81.2916666666667,570.375
"species",106,106,300.730769230769,41.2307692307692,343.346153846154
"species",107,107,292.277777777778,24.6388888888889,452.944444444444
"species",108,108,292.277777777778,24.6388888888889,452.944444444444
"species",109,109,291.222222222222,16.8888888888889,494.055555555556
"species",110,110,312.638888888889,31.9166666666667,380.583333333333
"species",111,111,300.730769230769,41.2307692307692,343.346153846154
"species",112,112,278.555555555556,78.3333333333333,370.916666666667
"species",113,113,282.361111111111,54.5,580.083333333333
"species",114,114,293.638888888889,33.3888888888889,616.888888888889
"species",115,115,292.172413793103,66.0689655172414,730.827586206897
"species",116,116,300.730769230769,41.2307692307692,343.346153846154
"species",117,117,282.805555555556,36.4444444444444,526.666666666667
"species",118,118,292.888888888889,64.3888888888889,306.111111111111
"species",119,119,264.151515151515,53.6969696969697,733.757575757576
"species",120,120,292.172413793103,66.0689655172414,730.827586206897
"species",121,121,282.361111111111,54.5,580.083333333333
"species",122,122,300.730769230769,41.2307692307692,343.346153846154
"species",123,123,292.277777777778,24.6388888888889,452.944444444444
"species",124,124,260.666666666667,24.5833333333333,718.055555555556
"species",125,125,300.730769230769,41.2307692307692,343.346153846154
"species",126,126,312.638888888889,34.5833333333333,351.277777777778
"species",127,127,292.277777777778,24.6388888888889,452.944444444444
"species",128,128,301.888888888889,62.1388888888889,304.611111111111
"species",129,129,286.111111111111,9.52777777777778,590.055555555556
"species",130,130,312.638888888889,31.9166666666667,380.583333333333
"species",131,131,292.172413793103,66.0689655172414,730.827586206897
"species",132,132,300.730769230769,41.2307692307692,343.346153846154
"species",133,133,287.222222222222,78.8611111111111,379.25
"species",134,134,282.361111111111,54.5,580.083333333333
"species",135,135,300.730769230769,41.2307692307692,343.346153846154
"species",136,136,264.151515151515,53.6969696969697,733.757575757576
"species",137,137,265.194444444444,23.0277777777778,718.166666666667
