"species","x","y","bio5","bio14","bio18"
"background",1,1,330,21.3611111111111,324.444444444444
"background",2,2,336.5,3.58333333333333,65.4722222222222
"background",3,3,330.75,37.8611111111111,482.305555555556
"background",4,4,311.25,40,474.083333333333
"background",5,5,309.972222222222,156.638888888889,620.027777777778
"background",6,6,332.416666666667,6.97222222222222,325.027777777778
"background",7,7,265.833333333333,93.0833333333333,505.166666666667
"background",8,8,331.305555555556,2.36111111111111,420.861111111111
"background",9,9,309.527777777778,174.861111111111,586.916666666667
"background",10,10,344.416666666667,1.5,175.861111111111
"background",11,11,345.333333333333,3.25,184.25
"background",12,12,350.388888888889,10.5833333333333,343.638888888889
"background",13,13,341.444444444444,4.05555555555556,369.861111111111
"background",14,14,334.833333333333,12.25,104.25
"background",15,15,323.833333333333,55.5,247.833333333333
"background",16,16,324.388888888889,89.7777777777778,356.972222222222
"background",17,17,322.611111111111,60.6944444444444,284.166666666667
"background",18,18,290.583333333333,7.30555555555556,657.305555555556
"background",19,19,305.305555555556,212.194444444444,710.5
"background",20,20,326.666666666667,36.0833333333333,146.444444444444
"background",21,21,339.833333333333,31.4444444444444,507.388888888889
"background",22,22,329.5,81.25,294.25
"background",23,23,334.277777777778,2.25,64.8333333333333
"background",24,24,315.555555555556,3.38888888888889,67.6944444444444
"background",25,25,324.555555555556,1.91666666666667,212.472222222222
"background",26,26,297.888888888889,57.1666666666667,452.055555555556
"background",27,27,352.388888888889,2.63888888888889,521.583333333333
"background",28,28,325.472222222222,2.83333333333333,200.666666666667
"background",29,29,321.027777777778,196.888888888889,666
"background",30,30,348.527777777778,5,360.972222222222
"background",31,31,327.361111111111,1.30555555555556,202.555555555556
"background",32,32,298.888888888889,12.3611111111111,485.222222222222
