"species","x","y","bio5","bio14","bio18"
"background",1,1,312.638888888889,34.5833333333333,351.277777777778
"background",2,2,325.694444444444,75.3611111111111,347.611111111111
"background",3,3,310.25,2.83333333333333,90.8055555555556
"background",4,4,277.944444444444,11.4722222222222,732.222222222222
"background",5,5,334.444444444444,37.2777777777778,400.583333333333
"background",6,6,325.444444444444,49.75,221.111111111111
"background",7,7,322.888888888889,62.4722222222222,393.277777777778
"background",8,8,331.944444444444,8.55555555555556,334.805555555556
"background",9,9,340.666666666667,8.36111111111111,90.5
"background",10,10,319.833333333333,66.4444444444444,284.444444444444
"background",11,11,310.444444444444,5.33333333333333,220.472222222222
"background",12,12,314.444444444444,2.61111111111111,89.9444444444444
"background",13,13,328.777777777778,45.2777777777778,348.972222222222
"background",14,14,311.194444444444,30.4166666666667,190.555555555556
"background",15,15,273.888888888889,61.8055555555556,487.805555555556
"background",16,16,324.611111111111,109.361111111111,349.944444444444
"background",17,17,276.666666666667,12.8611111111111,693.5
"background",18,18,296.333333333333,7.47222222222222,628.027777777778
"background",19,19,308.361111111111,24.6111111111111,379.111111111111
"background",20,20,331.166666666667,68.3333333333333,229.611111111111
"background",21,21,312.916666666667,64.7222222222222,483.972222222222
"background",22,22,336.305555555556,50.8611111111111,442.111111111111
"background",23,23,323,47.7777777777778,218.611111111111
"background",24,24,304.666666666667,13.2777777777778,642.222222222222
"background",25,25,317.916666666667,52.1111111111111,566.722222222222
"background",26,26,346.694444444444,0.472222222222222,230.777777777778
"background",27,27,309.5,185.194444444444,657.333333333333
"background",28,28,287.777777777778,101.666666666667,417.666666666667
"background",29,29,326.055555555556,22.6666666666667,101.694444444444
"background",30,30,350.527777777778,2.5,289.75
"background",31,31,320.5,86.3333333333333,396.25
"background",32,32,282.361111111111,54.5,580.083333333333
"background",33,33,342.527777777778,9.61111111111111,536.861111111111
"background",34,34,340.555555555556,8.83333333333333,361.722222222222
"background",35,35,334.611111111111,4.97222222222222,369.444444444444
"background",36,36,347.361111111111,18.5277777777778,488.777777777778
"background",37,37,312.638888888889,31.9166666666667,380.583333333333
"background",38,38,335.027777777778,9.94444444444444,464.444444444444
"background",39,39,305.25,2.11111111111111,258.694444444444
"background",40,40,312.972222222222,19.5277777777778,527.083333333333
"background",41,41,290.666666666667,41.9722222222222,506.472222222222
"background",42,42,339.666666666667,8.47222222222222,267.888888888889
"background",43,43,305.305555555556,212.194444444444,710.5
"background",44,44,345.888888888889,20.8611111111111,430.611111111111
"background",45,45,345.416666666667,2.77777777777778,461.222222222222
"background",46,46,317.638888888889,59.8888888888889,523.444444444444
"background",47,47,319.694444444444,42.4722222222222,517.083333333333
"background",48,48,333.833333333333,7.72222222222222,251.472222222222
"background",49,49,320.555555555556,27.25,121.722222222222
"background",50,50,342.666666666667,3.22222222222222,107.888888888889
"background",51,51,326.333333333333,58.25,233.166666666667
"background",52,52,272,83.1944444444444,486.666666666667
"background",53,53,314.25,89.3611111111111,633
"background",54,54,322.194444444444,0.972222222222222,262.861111111111
"background",55,55,315.194444444444,26.3611111111111,553.166666666667
"background",56,56,347.194444444444,4.25,114.583333333333
"background",57,57,326.583333333333,20.5555555555556,137.694444444444
"background",58,58,305.25,35.1666666666667,292.361111111111
"background",59,59,325.833333333333,43.0833333333333,197.583333333333
"background",60,60,262.833333333333,122.444444444444,460.111111111111
"background",61,61,333.111111111111,26.4722222222222,313.805555555556
"background",62,62,327.333333333333,81.3055555555556,361.194444444444
"background",63,63,333.027777777778,4.97222222222222,453.972222222222
"background",64,64,308.277777777778,13.9722222222222,621.194444444444
"background",65,65,305.555555555556,7.75,585.5
"background",66,66,288.666666666667,13.1111111111111,147.527777777778
"background",67,67,304.972222222222,73.8055555555556,288.111111111111
"background",68,68,322.611111111111,60.6944444444444,284.166666666667
"background",69,69,309.527777777778,174.861111111111,586.916666666667
"background",70,70,318.333333333333,58.8611111111111,374.666666666667
"background",71,71,332.972222222222,48.7222222222222,323.888888888889
"background",72,72,265.833333333333,93.0833333333333,505.166666666667
"background",73,73,337.527777777778,0.0277777777777778,275.944444444444
"background",74,74,307,6.52777777777778,467.361111111111
"background",75,75,309.388888888889,23.2222222222222,174.277777777778
"background",76,76,317.027777777778,0.638888888888889,214.527777777778
"background",77,77,339.916666666667,28.3333333333333,468.722222222222
"background",78,78,344.416666666667,1.5,175.861111111111
"background",79,79,347.888888888889,8.86111111111111,564.083333333333
"background",80,80,329.666666666667,89.0277777777778,278.527777777778
"background",81,81,329.75,15.3055555555556,465.694444444444
"background",82,82,316.722222222222,0.388888888888889,305.888888888889
"background",83,83,351.111111111111,1.94444444444444,460.222222222222
"background",84,84,321.166666666667,6.61111111111111,617.666666666667
"background",85,85,318.888888888889,2.61111111111111,194.222222222222
"background",86,86,335.416666666667,0.5,255.944444444444
"background",87,87,356.194444444444,3.80555555555556,627.972222222222
"background",88,88,315,134.972222222222,435.5
"background",89,89,336.305555555556,11.8888888888889,179.361111111111
"background",90,90,346.611111111111,3.44444444444444,476
"background",91,91,328.75,14.3888888888889,434.944444444444
"background",92,92,325.861111111111,22.8055555555556,107.472222222222
"background",93,93,291.777777777778,96.4444444444444,389.583333333333
"background",94,94,343.388888888889,0.527777777777778,182.861111111111
"background",95,95,336.722222222222,26.2222222222222,552.888888888889
"background",96,96,332.416666666667,6.97222222222222,325.027777777778
"background",97,97,313.666666666667,22.5833333333333,563.555555555556
"background",98,98,325.805555555556,2.80555555555556,159.611111111111
"background",99,99,336.527777777778,26.9722222222222,477.027777777778
"background",100,100,274.75,74.0555555555556,467.888888888889
"background",101,101,323.305555555556,120.944444444444,406.638888888889
"background",102,102,290.138888888889,6.33333333333333,231.5
"background",103,103,301.257142857143,66.0285714285714,276.342857142857
"background",104,104,322.444444444444,66.5833333333333,285.833333333333
"background",105,105,342.611111111111,22.6111111111111,534.138888888889
"background",106,106,324.972222222222,28.4444444444444,446.5
"background",107,107,327.444444444444,79.1388888888889,261.527777777778
"background",108,108,330.055555555556,67.0277777777778,261.833333333333
"background",109,109,296.5,8.02777777777778,564.472222222222
"background",110,110,330.916666666667,23.4444444444444,124.444444444444
"background",111,111,312.083333333333,37.3333333333333,305.888888888889
"background",112,112,339.916666666667,1,108.638888888889
"background",113,113,298.972222222222,26.75,242.361111111111
"background",114,114,313.277777777778,132.416666666667,643.944444444444
"background",115,115,330.5,1.52777777777778,89.0833333333333
"background",116,116,327.916666666667,41.7777777777778,198.222222222222
"background",117,117,335.333333333333,26.8333333333333,112.861111111111
"background",118,118,330.527777777778,45.75,193.388888888889
"background",119,119,323.25,65.5833333333333,571.972222222222
"background",120,120,343.277777777778,8.08333333333333,75.9722222222222
"background",121,121,343.388888888889,4.55555555555556,487.583333333333
"background",122,122,311.416666666667,162.166666666667,591.25
"background",123,123,315.083333333333,78.5,601.5
"background",124,124,326.416666666667,78.5,333.333333333333
"background",125,125,320.194444444444,43.5555555555556,232.416666666667
"background",126,126,330.055555555556,47.3888888888889,167.888888888889
"background",127,127,291.944444444444,78.9444444444444,451.972222222222
"background",128,128,292.172413793103,66.0689655172414,730.827586206897
"background",129,129,317.638888888889,33.9166666666667,155.277777777778
"background",130,130,326.777777777778,93.6111111111111,376
"background",131,131,323,19.5833333333333,283.611111111111
"background",132,132,261.888888888889,74.3055555555556,502.972222222222
"background",133,133,328.416666666667,49.6111111111111,543.944444444444
"background",134,134,340.527777777778,0.583333333333333,227.583333333333
"background",135,135,332.555555555556,4.69444444444444,70.6111111111111
"background",136,136,315.527777777778,5.94444444444444,617.027777777778
"background",137,137,345.305555555556,2.27777777777778,438.222222222222
"background",138,138,288.416666666667,26.7222222222222,611.416666666667
"background",139,139,293.833333333333,18.7777777777778,631.305555555556
"background",140,140,331.916666666667,12.1388888888889,396.5
"background",141,141,325.088235294118,2.5,85.2058823529412
"background",142,142,336.472222222222,22.4722222222222,365.527777777778
"background",143,143,344,3.86111111111111,242.888888888889
"background",144,144,317.222222222222,30.3055555555556,481.5
"background",145,145,327.694444444444,80.2222222222222,290.333333333333
"background",146,146,349.388888888889,1.11111111111111,439.722222222222
"background",147,147,334.277777777778,2.25,64.8333333333333
"background",148,148,254.833333333333,117.944444444444,462.166666666667
