"species","x","y","bio5","bio14","bio18"
"species",1,1,292.277777777778,24.6388888888889,452.944444444444
"species",2,2,287.666666666667,34.25,497.083333333333
"species",3,3,293.638888888889,33.3888888888889,616.888888888889
"species",4,4,287.666666666667,34.25,497.083333333333
"species",5,5,287.222222222222,78.8611111111111,379.25
"species",6,6,287.666666666667,34.25,497.083333333333
"species",7,7,300.730769230769,41.2307692307692,343.346153846154
"species",8,8,257.305555555556,53.8055555555556,716.944444444444
"species",9,9,300.730769230769,41.2307692307692,343.346153846154
"species",10,10,257.305555555556,53.8055555555556,716.944444444444
"species",11,11,300.730769230769,41.2307692307692,343.346153846154
"species",12,12,289.333333333333,16.1111111111111,314.472222222222
"species",13,13,282.361111111111,54.5,580.083333333333
"species",14,14,312.638888888889,31.9166666666667,380.583333333333
"species",15,15,312.638888888889,31.9166666666667,380.583333333333
"species",16,16,312.638888888889,31.9166666666667,380.583333333333
"species",17,17,312.638888888889,31.9166666666667,380.583333333333
"species",18,18,265.194444444444,23.0277777777778,718.166666666667
"species",19,19,300.730769230769,41.2307692307692,343.346153846154
"species",20,20,257.305555555556,53.8055555555556,716.944444444444
"species",21,21,300.730769230769,41.2307692307692,343.346153846154
"species",22,22,308.361111111111,24.6111111111111,379.111111111111
"species",23,23,291.222222222222,16.8888888888889,494.055555555556
"species",24,24,312.638888888889,31.9166666666667,380.583333333333
"species",25,25,292.888888888889,64.3888888888889,306.111111111111
"species",26,26,274.583333333333,81.2916666666667,570.375
"species",27,27,286.111111111111,9.52777777777778,590.055555555556
"species",28,28,306.515151515152,61.9090909090909,290.878787878788
"species",29,29,265.194444444444,23.0277777777778,718.166666666667
"species",30,30,300.730769230769,41.2307692307692,343.346153846154
"species",31,31,310.916666666667,18.0833333333333,534.222222222222
"species",32,32,278.555555555556,78.3333333333333,370.916666666667
"species",33,33,312.638888888889,31.9166666666667,380.583333333333
"species",34,34,264.151515151515,53.6969696969697,733.757575757576
"species",35,35,292.277777777778,24.6388888888889,452.944444444444
"species",36,36,264.151515151515,53.6969696969697,733.757575757576
"species",37,37,312.638888888889,31.9166666666667,380.583333333333
"species",38,38,312.638888888889,31.9166666666667,380.583333333333
"species",39,39,293.638888888889,33.3888888888889,616.888888888889
"species",40,40,312.638888888889,31.9166666666667,380.583333333333
"species",41,41,287.222222222222,78.8611111111111,379.25
"species",42,42,276.666666666667,12.8611111111111,693.5
"species",43,43,257.305555555556,53.8055555555556,716.944444444444
"species",44,44,300.730769230769,41.2307692307692,343.346153846154
"species",45,45,292.277777777778,24.6388888888889,452.944444444444
"species",46,46,312.638888888889,31.9166666666667,380.583333333333
"species",47,47,287.222222222222,78.8611111111111,379.25
"species",48,48,282.805555555556,36.4444444444444,526.666666666667
"species",49,49,257.305555555556,53.8055555555556,716.944444444444
"species",50,50,257.305555555556,53.8055555555556,716.944444444444
"species",51,51,312.638888888889,31.9166666666667,380.583333333333
"species",52,52,264.151515151515,53.6969696969697,733.757575757576
"species",53,53,300.730769230769,41.2307692307692,343.346153846154
"species",54,54,278.555555555556,78.3333333333333,370.916666666667
"species",55,55,293.638888888889,33.3888888888889,616.888888888889
"species",56,56,265.194444444444,23.0277777777778,718.166666666667
"species",57,57,293.638888888889,33.3888888888889,616.888888888889
"species",58,58,260.666666666667,24.5833333333333,718.055555555556
"species",59,59,257.305555555556,53.8055555555556,716.944444444444
"species",60,60,292.172413793103,66.0689655172414,730.827586206897
"species",61,61,257.305555555556,53.8055555555556,716.944444444444
"species",62,62,287.666666666667,34.25,497.083333333333
"species",63,63,287.666666666667,34.25,497.083333333333
"species",64,64,264.151515151515,53.6969696969697,733.757575757576
"species",65,65,312.638888888889,31.9166666666667,380.583333333333
"species",66,66,278.805555555556,14.0277777777778,576.722222222222
"species",67,67,312.638888888889,31.9166666666667,380.583333333333
"species",68,68,300.730769230769,41.2307692307692,343.346153846154
"species",69,69,282.361111111111,54.5,580.083333333333
"species",70,70,293.638888888889,33.3888888888889,616.888888888889
"species",71,71,287.666666666667,34.25,497.083333333333
"species",72,72,312.638888888889,34.5833333333333,351.277777777778
"species",73,73,280.638888888889,23.4444444444444,601.305555555556
"species",74,74,312.638888888889,31.9166666666667,380.583333333333
"species",75,75,292.277777777778,24.6388888888889,452.944444444444
"species",76,76,310.916666666667,18.0833333333333,534.222222222222
"species",77,77,312.638888888889,31.9166666666667,380.583333333333
"species",78,78,304.083333333333,13.5833333333333,493.027777777778
"species",79,79,300.730769230769,41.2307692307692,343.346153846154
"species",80,80,312.638888888889,31.9166666666667,380.583333333333
"species",81,81,257.305555555556,53.8055555555556,716.944444444444
"species",82,82,265.194444444444,23.0277777777778,718.166666666667
"species",83,83,301.888888888889,62.1388888888889,304.611111111111
"species",84,84,292.277777777778,24.6388888888889,452.944444444444
"species",85,85,282.361111111111,54.5,580.083333333333
"species",86,86,312.638888888889,31.9166666666667,380.583333333333
"species",87,87,312.638888888889,31.9166666666667,380.583333333333
"species",88,88,300.730769230769,41.2307692307692,343.346153846154
"species",89,89,292.277777777778,24.6388888888889,452.944444444444
"species",90,90,292.277777777778,24.6388888888889,452.944444444444
"species",91,91,292.172413793103,66.0689655172414,730.827586206897
"species",92,92,300.730769230769,41.2307692307692,343.346153846154
"species",93,93,286.111111111111,9.52777777777778,590.055555555556
"species",94,94,292.888888888889,64.3888888888889,306.111111111111
"species",95,95,292.172413793103,66.0689655172414,730.827586206897
"species",96,96,312.638888888889,34.5833333333333,351.277777777778
"species",97,97,313.333333333333,62.4444444444444,489.555555555556
"species",98,98,264.151515151515,53.6969696969697,733.757575757576
"species",99,99,287.666666666667,34.25,497.083333333333
"species",100,100,257.305555555556,53.8055555555556,716.944444444444
"species",101,101,264.151515151515,53.6969696969697,733.757575757576
"species",102,102,301.888888888889,62.1388888888889,304.611111111111
"species",103,103,291.222222222222,16.8888888888889,494.055555555556
"species",104,104,312.638888888889,31.9166666666667,380.583333333333
"species",105,105,292.277777777778,24.6388888888889,452.944444444444
"species",106,106,312.638888888889,31.9166666666667,380.583333333333
"species",107,107,265.194444444444,23.0277777777778,718.166666666667
"species",108,108,312.638888888889,31.9166666666667,380.583333333333
"species",109,109,291.222222222222,16.8888888888889,494.055555555556
"species",110,110,265.194444444444,23.0277777777778,718.166666666667
"species",111,111,257.305555555556,53.8055555555556,716.944444444444
"species",112,112,257.305555555556,53.8055555555556,716.944444444444
"species",113,113,312.638888888889,31.9166666666667,380.583333333333
"species",114,114,300.730769230769,41.2307692307692,343.346153846154
"species",115,115,312.638888888889,31.9166666666667,380.583333333333
"species",116,116,293.638888888889,33.3888888888889,616.888888888889
"species",117,117,300.730769230769,41.2307692307692,343.346153846154
"species",118,118,292.277777777778,24.6388888888889,452.944444444444
"species",119,119,288.416666666667,26.7222222222222,611.416666666667
"species",120,120,265.194444444444,23.0277777777778,718.166666666667
"species",121,121,312.638888888889,31.9166666666667,380.583333333333
"species",122,122,264.151515151515,53.6969696969697,733.757575757576
"species",123,123,300.730769230769,41.2307692307692,343.346153846154
"species",124,124,264.151515151515,53.6969696969697,733.757575757576
"species",125,125,265.194444444444,23.0277777777778,718.166666666667
"species",126,126,300.730769230769,41.2307692307692,343.346153846154
"species",127,127,313.333333333333,62.4444444444444,489.555555555556
"species",128,128,312.638888888889,31.9166666666667,380.583333333333
"species",129,129,278.805555555556,14.0277777777778,576.722222222222
"species",130,130,335.722222222222,24.9444444444444,491.916666666667
"species",131,131,272,83.1944444444444,486.666666666667
"species",132,132,293.638888888889,33.3888888888889,616.888888888889
"species",133,133,272,83.1944444444444,486.666666666667
"species",134,134,292.172413793103,66.0689655172414,730.827586206897
