"species","x","y","bio5","bio14","bio18"
"background",1,1,346.75,13.9444444444444,389.916666666667
"background",2,2,297.888888888889,57.1666666666667,452.055555555556
"background",3,3,332,4.16666666666667,418.888888888889
"background",4,4,319.583333333333,71.3611111111111,564.944444444444
"background",5,5,310.25,2.83333333333333,90.8055555555556
"background",6,6,334.611111111111,19.8333333333333,200.111111111111
"background",7,7,329.861111111111,16.0833333333333,186.555555555556
"background",8,8,335.583333333333,0.166666666666667,170.916666666667
"background",9,9,328.25,74.75,263.222222222222
"background",10,10,325.805555555556,2.80555555555556,159.611111111111
"background",11,11,331.277777777778,2.80555555555556,166.833333333333
"background",12,12,329.416666666667,9.58333333333333,262.916666666667
"background",13,13,316.805555555556,9.80555555555556,691.972222222222
"background",14,14,334.833333333333,12.25,104.25
"background",15,15,309.5,185.194444444444,657.333333333333
"background",16,16,268.777777777778,20.5,678
"background",17,17,349.861111111111,12.8333333333333,351.583333333333
"background",18,18,306.611111111111,181.361111111111,843.861111111111
"background",19,19,305.25,2.11111111111111,258.694444444444
"background",20,20,308.555555555556,37.3888888888889,451.694444444444
"background",21,21,312.083333333333,176.777777777778,566.555555555556
"background",22,22,339.361111111111,4.30555555555556,459.388888888889
"background",23,23,326.25,104.583333333333,374.777777777778
"background",24,24,281.861111111111,81.5833333333333,523.333333333333
"background",25,25,315.722222222222,3.30555555555556,215.111111111111
