"species","x","y","bio5","bio14","bio18"
"background",1,1,312.083333333333,37.3333333333333,305.888888888889
"background",2,2,339.916666666667,28.3333333333333,468.722222222222
"background",3,3,332.5,69.6388888888889,240.666666666667
"background",4,4,318.138888888889,24.6388888888889,653
"background",5,5,309.722222222222,5.55555555555556,171.666666666667
"background",6,6,339.611111111111,12.7222222222222,258.361111111111
"background",7,7,349.861111111111,12.8333333333333,351.583333333333
"background",8,8,325.472222222222,2.83333333333333,200.666666666667
"background",9,9,347.055555555556,8.72222222222222,311.75
"background",10,10,331.416666666667,56.9722222222222,373.277777777778
"background",11,11,332.555555555556,4.69444444444444,70.6111111111111
"background",12,12,302.138888888889,12.75,307.333333333333
"background",13,13,349.777777777778,5.13888888888889,549.166666666667
"background",14,14,305.638888888889,104.027777777778,356.333333333333
"background",15,15,331.277777777778,2.80555555555556,166.833333333333
"background",16,16,329.75,15.3055555555556,465.694444444444
"background",17,17,322.527777777778,20.2777777777778,201.944444444444
"background",18,18,341.972222222222,8.47222222222222,284.444444444444
"background",19,19,312.444444444444,112.166666666667,627.583333333333
"background",20,20,312.638888888889,31.9166666666667,380.583333333333
"background",21,21,328.583333333333,33.6388888888889,130.138888888889
"background",22,22,327.388888888889,60.3888888888889,481.305555555556
"background",23,23,312.916666666667,64.7222222222222,483.972222222222
"background",24,24,345.888888888889,20.8611111111111,430.611111111111
"background",25,25,329.638888888889,19.7222222222222,142.222222222222
"background",26,26,318.5,28.2222222222222,650.083333333333
"background",27,27,327.527777777778,21.9444444444444,468.027777777778
"background",28,28,315.277777777778,8.19444444444444,297.833333333333
"background",29,29,326.361111111111,18.1111111111111,379.388888888889
"background",30,30,325.888888888889,0.5,281.722222222222
"background",31,31,343.277777777778,8.08333333333333,75.9722222222222
"background",32,32,336.722222222222,26.2222222222222,552.888888888889
"background",33,33,322.444444444444,66.5833333333333,285.833333333333
"background",34,34,342.861111111111,2.13888888888889,154.5
"background",35,35,343.916666666667,11.9444444444444,336.416666666667
"background",36,36,327.361111111111,1.30555555555556,202.555555555556
"background",37,37,305.25,2.11111111111111,258.694444444444
"background",38,38,335.722222222222,24.9444444444444,491.916666666667
"background",39,39,346.305555555556,7.36111111111111,249.472222222222
"background",40,40,315.194444444444,19.6666666666667,445.444444444444
"background",41,41,323.583333333333,50.8888888888889,250.305555555556
"background",42,42,277.944444444444,11.4722222222222,732.222222222222
"background",43,43,318.611111111111,59,287.638888888889
"background",44,44,316.916666666667,64.75,589.361111111111
"background",45,45,258.805555555556,26.8611111111111,683.277777777778
"background",46,46,311.928571428571,49.75,241.071428571429
"background",47,47,315.888888888889,70.5833333333333,621.388888888889
"background",48,48,280.638888888889,23.4444444444444,601.305555555556
"background",49,49,320.111111111111,17.2777777777778,561.222222222222
"background",50,50,302.472222222222,20.0277777777778,599.166666666667
"background",51,51,308.305555555556,15.0277777777778,436.833333333333
"background",52,52,321.805555555556,54.5,266.5
"background",53,53,317,79.4722222222222,651.333333333333
"background",54,54,324.75,44.7777777777778,200.972222222222
"background",55,55,356.944444444444,11.1666666666667,348.444444444444
"background",56,56,291.222222222222,16.8888888888889,494.055555555556
"background",57,57,328.833333333333,5.11111111111111,445.222222222222
"background",58,58,322.777777777778,138.222222222222,517.805555555556
"background",59,59,312.638888888889,34.5833333333333,351.277777777778
"background",60,60,298.888888888889,12.3611111111111,485.222222222222
"background",61,61,327.916666666667,41.7777777777778,198.222222222222
"background",62,62,288.944444444444,125.027777777778,470.5
"background",63,63,274.583333333333,81.2916666666667,570.375
"background",64,64,309.388888888889,23.2222222222222,174.277777777778
"background",65,65,327.083333333333,49.0555555555556,191.694444444444
"background",66,66,322.611111111111,60.6944444444444,284.166666666667
"background",67,67,354.638888888889,9.36111111111111,75.4166666666667
"background",68,68,303.083333333333,4.97222222222222,356.277777777778
"background",69,69,315.777777777778,162.416666666667,541.194444444444
"background",70,70,313.666666666667,22.5833333333333,563.555555555556
"background",71,71,317.75,11.1666666666667,415.722222222222
"background",72,72,310.916666666667,18.0833333333333,534.222222222222
"background",73,73,327.222222222222,96.4722222222222,327.083333333333
"background",74,74,332.527777777778,54.9166666666667,204.972222222222
"background",75,75,314.305555555556,134.277777777778,628.916666666667
"background",76,76,331.916666666667,12.1388888888889,396.5
"background",77,77,315.25,103.555555555556,575.138888888889
"background",78,78,309.972222222222,156.638888888889,620.027777777778
"background",79,79,343.388888888889,0.527777777777778,182.861111111111
"background",80,80,330.916666666667,23.4444444444444,124.444444444444
"background",81,81,309.5,33.5277777777778,530.138888888889
"background",82,82,329.972222222222,23.5,360.416666666667
"background",83,83,347.361111111111,18.5277777777778,488.777777777778
"background",84,84,295.111111111111,17.7222222222222,251.75
"background",85,85,327.694444444444,80.2222222222222,290.333333333333
"background",86,86,338.833333333333,12.1388888888889,110.833333333333
"background",87,87,343.888888888889,8.69444444444444,469.444444444444
"background",88,88,350.527777777778,2.5,289.75
"background",89,89,334.416666666667,14.5555555555556,275.138888888889
"background",90,90,324.694444444444,40.9444444444444,174.527777777778
"background",91,91,324.555555555556,1.91666666666667,212.472222222222
"background",92,92,320.722222222222,84.6111111111111,421.222222222222
"background",93,93,312.111111111111,148.472222222222,601.361111111111
"background",94,94,320.5,86.3333333333333,396.25
"background",95,95,265.833333333333,93.0833333333333,505.166666666667
"background",96,96,324.611111111111,109.361111111111,349.944444444444
"background",97,97,319.027777777778,60.8611111111111,550.583333333333
"background",98,98,317.972222222222,25.7777777777778,225.916666666667
"background",99,99,312.361111111111,199.083333333333,610.694444444444
"background",100,100,310.805555555556,57.6111111111111,439.138888888889
"background",101,101,318.5,127.916666666667,581.833333333333
"background",102,102,320.777777777778,6.5,353.25
"background",103,103,305.25,35.1666666666667,292.361111111111
"background",104,104,317.027777777778,2,142.583333333333
"background",105,105,319.861111111111,36.25,142.027777777778
"background",106,106,300.730769230769,41.2307692307692,343.346153846154
"background",107,107,349.388888888889,1.11111111111111,439.722222222222
"background",108,108,321.055555555556,1.47222222222222,162.527777777778
"background",109,109,303.444444444444,11,219.388888888889
"background",110,110,308.388888888889,217.527777777778,738.444444444444
"background",111,111,323.527777777778,70.6666666666667,370.166666666667
"background",112,112,317.972222222222,54.9722222222222,583.25
"background",113,113,326.083333333333,55.2222222222222,247.305555555556
"background",114,114,333.027777777778,4.97222222222222,453.972222222222
"background",115,115,318.694444444444,34.8055555555556,264.777777777778
"background",116,116,321.166666666667,6.61111111111111,617.666666666667
"background",117,117,308.833333333333,16.9166666666667,196.222222222222
"background",118,118,306.583333333333,19.4444444444444,353.444444444444
"background",119,119,332.777777777778,44.5833333333333,156.805555555556
"background",120,120,343.111111111111,13.25,75.1944444444444
"background",121,121,340.777777777778,3.58333333333333,415.583333333333
"background",122,122,321.444444444444,8.97222222222222,350.5
"background",123,123,339.25,25.2777777777778,513.388888888889
"background",124,124,286.888888888889,14.5277777777778,613.583333333333
"background",125,125,306.515151515152,61.9090909090909,290.878787878788
"background",126,126,330.527777777778,45.75,193.388888888889
"background",127,127,352.388888888889,2.63888888888889,521.583333333333
"background",128,128,306.722222222222,129.5,411.194444444444
"background",129,129,303,28.1666666666667,161.472222222222
"background",130,130,312.416666666667,6.5,757.666666666667
"background",131,131,306.222222222222,17.5277777777778,581.888888888889
"background",132,132,261.888888888889,74.3055555555556,502.972222222222
"background",133,133,295.166666666667,126.5,536.222222222222
"background",134,134,323.833333333333,55.5,247.833333333333
"background",135,135,326.111111111111,95.5,342.861111111111
"background",136,136,312.333333333333,2.52777777777778,311.25
"background",137,137,283.666666666667,87.5151515151515,294.090909090909
"background",138,138,339.388888888889,9.66666666666667,154.361111111111
"background",139,139,281.444444444444,103.277777777778,537.916666666667
"background",140,140,273.888888888889,61.8055555555556,487.805555555556
"background",141,141,311.388888888889,4.47222222222222,389.055555555556
"background",142,142,287.666666666667,34.25,497.083333333333
"background",143,143,305.305555555556,212.194444444444,710.5
"background",144,144,324.138888888889,2.19444444444444,177.388888888889
"background",145,145,325.5,82.7777777777778,295.472222222222
"background",146,146,340.666666666667,53.9166666666667,194.277777777778
"background",147,147,340.111111111111,7.69444444444444,345.777777777778
"background",148,148,330.333333333333,14.6666666666667,351.305555555556
