"species","x","y","bio5","bio14","bio18"
"species",1,1,292.277777777778,24.6388888888889,452.944444444444
"species",2,2,300.730769230769,41.2307692307692,343.346153846154
"species",3,3,265.194444444444,23.0277777777778,718.166666666667
"species",4,4,292.277777777778,24.6388888888889,452.944444444444
"species",5,5,291.222222222222,16.8888888888889,494.055555555556
"species",6,6,300.730769230769,41.2307692307692,343.346153846154
"species",7,7,310.916666666667,18.0833333333333,534.222222222222
"species",8,8,335.722222222222,24.9444444444444,491.916666666667
"species",9,9,300.730769230769,41.2307692307692,343.346153846154
"species",10,10,264.151515151515,53.6969696969697,733.757575757576
"species",11,11,300.730769230769,41.2307692307692,343.346153846154
"species",12,12,300.730769230769,41.2307692307692,343.346153846154
"species",13,13,287.666666666667,34.25,497.083333333333
"species",14,14,300.730769230769,41.2307692307692,343.346153846154
"species",15,15,291.222222222222,16.8888888888889,494.055555555556
"species",16,16,260.666666666667,24.5833333333333,718.055555555556
"species",17,17,312.638888888889,31.9166666666667,380.583333333333
"species",18,18,257.305555555556,53.8055555555556,716.944444444444
"species",19,19,312.638888888889,31.9166666666667,380.583333333333
"species",20,20,293.638888888889,33.3888888888889,616.888888888889
"species",21,21,312.638888888889,31.9166666666667,380.583333333333
"species",22,22,293.638888888889,33.3888888888889,616.888888888889
"species",23,23,288.416666666667,26.7222222222222,611.416666666667
"species",24,24,312.638888888889,34.5833333333333,351.277777777778
"species",25,25,312.638888888889,31.9166666666667,380.583333333333
"species",26,26,287.666666666667,34.25,497.083333333333
"species",27,27,300.730769230769,41.2307692307692,343.346153846154
"species",28,28,292.172413793103,66.0689655172414,730.827586206897
"species",29,29,292.277777777778,24.6388888888889,452.944444444444
"species",30,30,312.638888888889,31.9166666666667,380.583333333333
"species",31,31,312.638888888889,31.9166666666667,380.583333333333
"species",32,32,312.638888888889,31.9166666666667,380.583333333333
"species",33,33,265.194444444444,23.0277777777778,718.166666666667
"species",34,34,264.151515151515,53.6969696969697,733.757575757576
"species",35,35,257.305555555556,53.8055555555556,716.944444444444
"species",36,36,300.730769230769,41.2307692307692,343.346153846154
"species",37,37,278.805555555556,14.0277777777778,576.722222222222
"species",38,38,300.730769230769,41.2307692307692,343.346153846154
"species",39,39,300.730769230769,41.2307692307692,343.346153846154
"species",40,40,292.172413793103,66.0689655172414,730.827586206897
"species",41,41,287.666666666667,34.25,497.083333333333
"species",42,42,300.730769230769,41.2307692307692,343.346153846154
"species",43,43,265.194444444444,23.0277777777778,718.166666666667
"species",44,44,300.730769230769,41.2307692307692,343.346153846154
"species",45,45,300.730769230769,41.2307692307692,343.346153846154
"species",46,46,274.583333333333,81.2916666666667,570.375
"species",47,47,292.277777777778,24.6388888888889,452.944444444444
"species",48,48,266.444444444444,38.5277777777778,568.166666666667
"species",49,49,265.194444444444,23.0277777777778,718.166666666667
"species",50,50,312.638888888889,31.9166666666667,380.583333333333
"species",51,51,312.638888888889,31.9166666666667,380.583333333333
"species",52,52,292.888888888889,64.3888888888889,306.111111111111
"species",53,53,292.277777777778,24.6388888888889,452.944444444444
"species",54,54,301.888888888889,62.1388888888889,304.611111111111
"species",55,55,257.305555555556,53.8055555555556,716.944444444444
"species",56,56,312.638888888889,31.9166666666667,380.583333333333
"species",57,57,300.730769230769,41.2307692307692,343.346153846154
"species",58,58,287.666666666667,34.25,497.083333333333
"species",59,59,304.083333333333,13.5833333333333,493.027777777778
"species",60,60,300.730769230769,41.2307692307692,343.346153846154
"species",61,61,284.583333333333,19.8055555555556,622.388888888889
"species",62,62,274.583333333333,81.2916666666667,570.375
"species",63,63,310.916666666667,18.0833333333333,534.222222222222
"species",64,64,257.305555555556,53.8055555555556,716.944444444444
"species",65,65,312.638888888889,31.9166666666667,380.583333333333
"species",66,66,308.361111111111,24.6111111111111,379.111111111111
"species",67,67,292.888888888889,64.3888888888889,306.111111111111
"species",68,68,257.305555555556,53.8055555555556,716.944444444444
"species",69,69,312.638888888889,31.9166666666667,380.583333333333
"species",70,70,292.172413793103,66.0689655172414,730.827586206897
"species",71,71,312.638888888889,31.9166666666667,380.583333333333
"species",72,72,287.666666666667,34.25,497.083333333333
"species",73,73,291.222222222222,16.8888888888889,494.055555555556
"species",74,74,292.277777777778,24.6388888888889,452.944444444444
"species",75,75,291.222222222222,16.8888888888889,494.055555555556
"species",76,76,272,83.1944444444444,486.666666666667
"species",77,77,287.666666666667,34.25,497.083333333333
"species",78,78,300.730769230769,41.2307692307692,343.346153846154
"species",79,79,300.730769230769,41.2307692307692,343.346153846154
"species",80,80,264.151515151515,53.6969696969697,733.757575757576
"species",81,81,308.361111111111,24.6111111111111,379.111111111111
"species",82,82,264.151515151515,53.6969696969697,733.757575757576
"species",83,83,312.638888888889,31.9166666666667,380.583333333333
"species",84,84,287.222222222222,78.8611111111111,379.25
"species",85,85,292.888888888889,64.3888888888889,306.111111111111
"species",86,86,292.277777777778,24.6388888888889,452.944444444444
"species",87,87,312.638888888889,31.9166666666667,380.583333333333
"species",88,88,287.666666666667,34.25,497.083333333333
"species",89,89,313.333333333333,62.4444444444444,489.555555555556
"species",90,90,276.666666666667,12.8611111111111,693.5
"species",91,91,278.555555555556,78.3333333333333,370.916666666667
"species",92,92,282.305555555556,11.5277777777778,629.5
"species",93,93,312.638888888889,31.9166666666667,380.583333333333
"species",94,94,312.638888888889,34.5833333333333,351.277777777778
"species",95,95,293.638888888889,33.3888888888889,616.888888888889
"species",96,96,312.638888888889,34.5833333333333,351.277777777778
"species",97,97,282.361111111111,54.5,580.083333333333
"species",98,98,280.638888888889,23.4444444444444,601.305555555556
"species",99,99,292.172413793103,66.0689655172414,730.827586206897
"species",100,100,300.730769230769,41.2307692307692,343.346153846154
"species",101,101,312.638888888889,31.9166666666667,380.583333333333
"species",102,102,282.361111111111,54.5,580.083333333333
"species",103,103,282.361111111111,54.5,580.083333333333
"species",104,104,293.638888888889,33.3888888888889,616.888888888889
"species",105,105,264.151515151515,53.6969696969697,733.757575757576
"species",106,106,300.730769230769,41.2307692307692,343.346153846154
"species",107,107,278.805555555556,14.0277777777778,576.722222222222
"species",108,108,257.305555555556,53.8055555555556,716.944444444444
"species",109,109,312.638888888889,31.9166666666667,380.583333333333
"species",110,110,286.111111111111,9.52777777777778,590.055555555556
"species",111,111,300.730769230769,41.2307692307692,343.346153846154
"species",112,112,300.730769230769,41.2307692307692,343.346153846154
"species",113,113,257.305555555556,53.8055555555556,716.944444444444
"species",114,114,292.172413793103,66.0689655172414,730.827586206897
"species",115,115,292.277777777778,24.6388888888889,452.944444444444
"species",116,116,312.638888888889,31.9166666666667,380.583333333333
"species",117,117,293.638888888889,33.3888888888889,616.888888888889
"species",118,118,312.638888888889,31.9166666666667,380.583333333333
"species",119,119,293.638888888889,33.3888888888889,616.888888888889
"species",120,120,312.638888888889,31.9166666666667,380.583333333333
"species",121,121,257.305555555556,53.8055555555556,716.944444444444
"species",122,122,293.638888888889,33.3888888888889,616.888888888889
"species",123,123,312.638888888889,31.9166666666667,380.583333333333
"species",124,124,312.638888888889,31.9166666666667,380.583333333333
"species",125,125,292.277777777778,24.6388888888889,452.944444444444
"species",126,126,312.638888888889,34.5833333333333,351.277777777778
"species",127,127,287.666666666667,34.25,497.083333333333
"species",128,128,265.194444444444,23.0277777777778,718.166666666667
"species",129,129,257.305555555556,53.8055555555556,716.944444444444
"species",130,130,287.222222222222,78.8611111111111,379.25
"species",131,131,257.305555555556,53.8055555555556,716.944444444444
"species",132,132,300.730769230769,41.2307692307692,343.346153846154
"species",133,133,264.151515151515,53.6969696969697,733.757575757576
"species",134,134,312.638888888889,31.9166666666667,380.583333333333
"species",135,135,287.666666666667,34.25,497.083333333333
"species",136,136,292.277777777778,24.6388888888889,452.944444444444
"species",137,137,292.277777777778,24.6388888888889,452.944444444444
"species",138,138,300.730769230769,41.2307692307692,343.346153846154
"species",139,139,278.805555555556,14.0277777777778,576.722222222222
"species",140,140,289.333333333333,16.1111111111111,314.472222222222
