"species","x","y","bio5","bio14","bio18"
"species",1,1,282.805555555556,36.4444444444444,526.666666666667
"species",2,2,257.305555555556,53.8055555555556,716.944444444444
"species",3,3,284.583333333333,19.8055555555556,622.388888888889
"species",4,4,287.666666666667,34.25,497.083333333333
"species",5,5,280.638888888889,23.4444444444444,601.305555555556
"species",6,6,311.928571428571,49.75,241.071428571429
"species",7,7,265.194444444444,23.0277777777778,718.166666666667
"species",8,8,335.722222222222,24.9444444444444,491.916666666667
"species",9,9,286.111111111111,9.52777777777778,590.055555555556
"species",10,10,284.583333333333,19.8055555555556,622.388888888889
"species",11,11,312.638888888889,34.5833333333333,351.277777777778
"species",12,12,300.730769230769,41.2307692307692,343.346153846154
"species",13,13,312.638888888889,34.5833333333333,351.277777777778
"species",14,14,272,83.1944444444444,486.666666666667
"species",15,15,306.515151515152,61.9090909090909,290.878787878788
"species",16,16,292.888888888889,64.3888888888889,306.111111111111
"species",17,17,264.151515151515,53.6969696969697,733.757575757576
"species",18,18,292.172413793103,66.0689655172414,730.827586206897
"species",19,19,335.722222222222,24.9444444444444,491.916666666667
"species",20,20,272,83.1944444444444,486.666666666667
"species",21,21,278.555555555556,78.3333333333333,370.916666666667
"species",22,22,292.277777777778,24.6388888888889,452.944444444444
"species",23,23,289.333333333333,16.1111111111111,314.472222222222
"species",24,24,289.333333333333,16.1111111111111,314.472222222222
"species",25,25,257.305555555556,53.8055555555556,716.944444444444
"species",26,26,264.151515151515,53.6969696969697,733.757575757576
"species",27,27,288.416666666667,26.7222222222222,611.416666666667
"species",28,28,292.888888888889,64.3888888888889,306.111111111111
"species",29,29,282.805555555556,36.4444444444444,526.666666666667
"species",30,30,310.916666666667,18.0833333333333,534.222222222222
"species",31,31,308.361111111111,24.6111111111111,379.111111111111
"species",32,32,308.361111111111,24.6111111111111,379.111111111111
