"species","x","y","bio5","bio14","bio18"
"background",1,1,356.583333333333,4.63888888888889,581.222222222222
"background",2,2,348.527777777778,5,360.972222222222
"background",3,3,341.111111111111,1.63888888888889,88.2777777777778
"background",4,4,329.694444444444,51.3055555555556,201.833333333333
"background",5,5,310.444444444444,5.33333333333333,220.472222222222
"background",6,6,287.222222222222,78.8611111111111,379.25
"background",7,7,306.611111111111,181.361111111111,843.861111111111
"background",8,8,309.527777777778,174.861111111111,586.916666666667
"background",9,9,327.222222222222,96.4722222222222,327.083333333333
"background",10,10,332.972222222222,48.7222222222222,323.888888888889
"background",11,11,324.722222222222,108.555555555556,392.5
"background",12,12,313.277777777778,132.416666666667,643.944444444444
"background",13,13,305.305555555556,212.194444444444,710.5
"background",14,14,303.083333333333,4.97222222222222,356.277777777778
"background",15,15,303.5,11,664.527777777778
"background",16,16,332.555555555556,4.69444444444444,70.6111111111111
"background",17,17,342.361111111111,16.0277777777778,553.25
"background",18,18,345.888888888889,20.8611111111111,430.611111111111
"background",19,19,326.333333333333,64.75,266.5
"background",20,20,288.194444444444,55.75,521.888888888889
"background",21,21,303.722222222222,21.3888888888889,570
"background",22,22,275,13.9444444444444,633.583333333333
"background",23,23,327.027777777778,79.1944444444444,267.111111111111
"background",24,24,300.555555555556,4.27777777777778,253.25
"background",25,25,327.694444444444,5.22222222222222,473.5
"background",26,26,326.111111111111,95.5,342.861111111111
"background",27,27,322.305555555556,105.444444444444,422.305555555556
"background",28,28,314.305555555556,12.5833333333333,147.027777777778
"background",29,29,333.611111111111,3.16666666666667,430.333333333333
"background",30,30,330.527777777778,45.75,193.388888888889
"background",31,31,329.722222222222,75.8888888888889,240.222222222222
"background",32,32,324.138888888889,2.19444444444444,177.388888888889
"background",33,33,321.111111111111,144.194444444444,471.611111111111
"background",34,34,314.666666666667,23.7777777777778,456.5
"background",35,35,315.833333333333,91.3055555555556,480.444444444444
"background",36,36,330.472222222222,75.5277777777778,273.583333333333
"background",37,37,312.638888888889,31.9166666666667,380.583333333333
"background",38,38,324.583333333333,28.1388888888889,456.638888888889
"background",39,39,320.194444444444,43.5555555555556,232.416666666667
"background",40,40,321.166666666667,6.61111111111111,617.666666666667
"background",41,41,330.333333333333,20.3333333333333,348.611111111111
"background",42,42,346.694444444444,0.472222222222222,230.777777777778
"background",43,43,342.916666666667,6.13888888888889,191.611111111111
"background",44,44,298.972222222222,26.75,242.361111111111
"background",45,45,348.25,4.30555555555556,505.111111111111
"background",46,46,329.666666666667,89.0277777777778,278.527777777778
"background",47,47,329.416666666667,9.58333333333333,262.916666666667
"background",48,48,323.527777777778,64.1944444444444,579.027777777778
"background",49,49,281.861111111111,81.5833333333333,523.333333333333
"background",50,50,319.138888888889,161.388888888889,535.944444444444
