"species","x","y","bio5","bio14","bio18"
"background",1,1,333.333333333333,24.8888888888889,371.694444444444
"background",2,2,329.861111111111,16.0833333333333,186.555555555556
"background",3,3,349.777777777778,5.13888888888889,549.166666666667
"background",4,4,324.555555555556,21.1111111111111,317.25
"background",5,5,302.222222222222,4.11111111111111,502.833333333333
"background",6,6,314.388888888889,34.0277777777778,167.222222222222
"background",7,7,285.444444444444,8.80555555555556,288.638888888889
"background",8,8,304.083333333333,13.5833333333333,493.027777777778
"background",9,9,300.555555555556,4.27777777777778,253.25
"background",10,10,331.111111111111,43.0555555555556,531.444444444444
"background",11,11,338.194444444444,10.5555555555556,507.805555555556
"background",12,12,282.305555555556,17.9444444444444,651.555555555556
"background",13,13,345.305555555556,2.27777777777778,438.222222222222
"background",14,14,320.416666666667,30.8333333333333,586.638888888889
"background",15,15,309.972222222222,156.638888888889,620.027777777778
"background",16,16,283.972222222222,20.4166666666667,643.305555555556
"background",17,17,326.888888888889,52.9722222222222,537.777777777778
"background",18,18,351.194444444444,0.916666666666667,180
"background",19,19,339.916666666667,1,108.638888888889
"background",20,20,320.5,42.3333333333333,468.055555555556
"background",21,21,338.833333333333,12.1388888888889,110.833333333333
"background",22,22,323,47.7777777777778,218.611111111111
"background",23,23,308.277777777778,13.9722222222222,621.194444444444
"background",24,24,322.694444444444,78.5,479.944444444444
"background",25,25,349.388888888889,1.11111111111111,439.722222222222
