"species","x","y","bio5","bio14","bio18"
"species",1,1,312.638888888889,34.5833333333333,351.277777777778
"species",2,2,282.361111111111,54.5,580.083333333333
"species",3,3,287.666666666667,34.25,497.083333333333
"species",4,4,284.583333333333,19.8055555555556,622.388888888889
"species",5,5,291.222222222222,16.8888888888889,494.055555555556
"species",6,6,335.722222222222,24.9444444444444,491.916666666667
"species",7,7,260.666666666667,24.5833333333333,718.055555555556
"species",8,8,276.666666666667,12.8611111111111,693.5
"species",9,9,265.194444444444,23.0277777777778,718.166666666667
"species",10,10,311.928571428571,49.75,241.071428571429
"species",11,11,287.222222222222,78.8611111111111,379.25
"species",12,12,280.638888888889,23.4444444444444,601.305555555556
"species",13,13,266.444444444444,38.5277777777778,568.166666666667
"species",14,14,272,83.1944444444444,486.666666666667
"species",15,15,308.361111111111,24.6111111111111,379.111111111111
"species",16,16,304.083333333333,13.5833333333333,493.027777777778
"species",17,17,282.805555555556,36.4444444444444,526.666666666667
"species",18,18,257.305555555556,53.8055555555556,716.944444444444
"species",19,19,310.916666666667,18.0833333333333,534.222222222222
"species",20,20,301.888888888889,62.1388888888889,304.611111111111
"species",21,21,289.333333333333,16.1111111111111,314.472222222222
"species",22,22,300.730769230769,41.2307692307692,343.346153846154
"species",23,23,264.151515151515,53.6969696969697,733.757575757576
"species",24,24,286.111111111111,9.52777777777778,590.055555555556
"species",25,25,292.172413793103,66.0689655172414,730.827586206897
