"species","x","y","bio5","bio14","bio18"
"background",1,1,297.472222222222,104.388888888889,378.805555555556
"background",2,2,315.777777777778,162.416666666667,541.194444444444
"background",3,3,306.583333333333,19.4444444444444,353.444444444444
"background",4,4,333.083333333333,11.8888888888889,488.916666666667
"background",5,5,345.888888888889,20.8611111111111,430.611111111111
"background",6,6,333.194444444444,16,206.416666666667
"background",7,7,317.916666666667,52.1111111111111,566.722222222222
"background",8,8,356.194444444444,3.80555555555556,627.972222222222
"background",9,9,337,13.9722222222222,350.305555555556
"background",10,10,320.777777777778,6.5,353.25
"background",11,11,332.777777777778,44.5833333333333,156.805555555556
"background",12,12,335.277777777778,72.9722222222222,257.75
"background",13,13,324.09375,8.5625,39.90625
"background",14,14,297.611111111111,21.9722222222222,258.25
"background",15,15,326.361111111111,18.1111111111111,379.388888888889
"background",16,16,352.5,4.44444444444444,248.055555555556
"background",17,17,320.555555555556,27.25,121.722222222222
"background",18,18,322.333333333333,5.47222222222222,541.861111111111
"background",19,19,282.722222222222,132.888888888889,558.611111111111
"background",20,20,336.583333333333,6.05555555555556,256.916666666667
"background",21,21,327.027777777778,79.1944444444444,267.111111111111
"background",22,22,313.666666666667,33.4722222222222,490
"background",23,23,318.333333333333,58.8611111111111,374.666666666667
"background",24,24,279.555555555556,11.9722222222222,660.694444444444
"background",25,25,288.5,3.22222222222222,328.361111111111
"background",26,26,346.111111111111,3.38888888888889,216.111111111111
"background",27,27,338.833333333333,12.1388888888889,110.833333333333
"background",28,28,351.472222222222,6.63888888888889,110.138888888889
"background",29,29,321.166666666667,6.61111111111111,617.666666666667
"background",30,30,348,1.44444444444444,135.805555555556
"background",31,31,334.083333333333,51.4166666666667,191.25
"background",32,32,272,117.083333333333,455.222222222222
"background",33,33,321.027777777778,196.888888888889,666
"background",34,34,314.583333333333,27.5,134.638888888889
"background",35,35,318.722222222222,3.30555555555556,325.722222222222
"background",36,36,313.666666666667,102.472222222222,366.944444444444
"background",37,37,318.166666666667,97.6388888888889,650.055555555556
"background",38,38,322.305555555556,105.444444444444,422.305555555556
"background",39,39,312.638888888889,34.5833333333333,351.277777777778
"background",40,40,268.777777777778,20.5,678
"background",41,41,309.388888888889,23.2222222222222,174.277777777778
"background",42,42,293.861111111111,5,449.388888888889
"background",43,43,334.611111111111,4.97222222222222,369.444444444444
"background",44,44,348.194444444444,1.61111111111111,409.916666666667
"background",45,45,287.222222222222,78.8611111111111,379.25
"background",46,46,334.777777777778,3.44444444444444,228.472222222222
"background",47,47,326.055555555556,22.6666666666667,101.694444444444
"background",48,48,326.583333333333,20.5555555555556,137.694444444444
"background",49,49,332.277777777778,15.5555555555556,575.638888888889
"background",50,50,346.138888888889,0.805555555555555,246.333333333333
"background",51,51,311.055555555556,13.0555555555556,187.055555555556
"background",52,52,288.666666666667,13.1111111111111,147.527777777778
"background",53,53,338.194444444444,10.5555555555556,507.805555555556
"background",54,54,336.722222222222,26.2222222222222,552.888888888889
"background",55,55,325.194444444444,25.6666666666667,497.111111111111
"background",56,56,327.75,46.4166666666667,250.833333333333
"background",57,57,308.361111111111,7.94444444444444,434.416666666667
"background",58,58,289.333333333333,16.1111111111111,314.472222222222
"background",59,59,290.875,96.8125,362.46875
"background",60,60,340.666666666667,8.36111111111111,90.5
"background",61,61,347.055555555556,8.72222222222222,311.75
"background",62,62,323,19.5833333333333,283.611111111111
"background",63,63,286.944444444444,30.6111111111111,279.416666666667
"background",64,64,331.305555555556,2.36111111111111,420.861111111111
"background",65,65,316.305555555556,26.5833333333333,489.166666666667
"background",66,66,319.638888888889,23.3888888888889,655.805555555556
"background",67,67,322.194444444444,0.972222222222222,262.861111111111
"background",68,68,347.083333333333,3.05555555555556,414.111111111111
"background",69,69,315.5,26.6388888888889,228.5
"background",70,70,323.777777777778,12.1388888888889,375.527777777778
"background",71,71,347.194444444444,4.25,114.583333333333
"background",72,72,349.861111111111,12.8333333333333,351.583333333333
"background",73,73,292.888888888889,8.77777777777778,407.027777777778
"background",74,74,320.027777777778,36.5,584.194444444444
"background",75,75,329.527777777778,0.0833333333333333,240.805555555556
"background",76,76,319.861111111111,36.25,142.027777777778
"background",77,77,322.777777777778,138.222222222222,517.805555555556
"background",78,78,328.25,74.75,263.222222222222
"background",79,79,341.111111111111,17.1111111111111,470.944444444444
"background",80,80,333.638888888889,17.4166666666667,133.75
"background",81,81,315.194444444444,26.3611111111111,553.166666666667
"background",82,82,303.5,11,664.527777777778
"background",83,83,318.5,127.916666666667,581.833333333333
"background",84,84,321.083333333333,7.97222222222222,267.666666666667
"background",85,85,312.083333333333,176.777777777778,566.555555555556
"background",86,86,314.666666666667,7.02777777777778,325.055555555556
"background",87,87,315.944444444444,56.9166666666667,628.583333333333
"background",88,88,308.555555555556,37.3888888888889,451.694444444444
"background",89,89,346.305555555556,1.13888888888889,157.361111111111
"background",90,90,313.666666666667,22.5833333333333,563.555555555556
"background",91,91,329.666666666667,89.0277777777778,278.527777777778
"background",92,92,317.027777777778,0.638888888888889,214.527777777778
"background",93,93,325.305555555556,24.9444444444444,341.861111111111
"background",94,94,303.805555555556,4.97222222222222,222.444444444444
"background",95,95,342.666666666667,3.22222222222222,107.888888888889
"background",96,96,284.944444444444,8.5,562.527777777778
"background",97,97,323.277777777778,26.6666666666667,158.75
"background",98,98,314.5,5.38888888888889,183.444444444444
"background",99,99,317.638888888889,33.9166666666667,155.277777777778
"background",100,100,327.916666666667,41.7777777777778,198.222222222222
"background",101,101,305.555555555556,7.75,585.5
"background",102,102,333.333333333333,24.8888888888889,371.694444444444
"background",103,103,270.444444444444,78.5,473.694444444444
"background",104,104,315.527777777778,5.94444444444444,617.027777777778
"background",105,105,354.638888888889,9.36111111111111,75.4166666666667
"background",106,106,312.722222222222,6.30555555555556,446.972222222222
"background",107,107,330.916666666667,23.4444444444444,124.444444444444
"background",108,108,310.444444444444,5.33333333333333,220.472222222222
"background",109,109,344.055555555556,17.4166666666667,383.75
"background",110,110,297.388888888889,1.72222222222222,335.055555555556
"background",111,111,320.194444444444,174.361111111111,594.361111111111
"background",112,112,327.861111111111,9.38888888888889,451
"background",113,113,328.583333333333,33.6388888888889,130.138888888889
"background",114,114,346.305555555556,7.36111111111111,249.472222222222
"background",115,115,343.388888888889,4.55555555555556,487.583333333333
"background",116,116,314.305555555556,12.5833333333333,147.027777777778
"background",117,117,330.5,72.5,286.75
"background",118,118,329.972222222222,23.5,360.416666666667
"background",119,119,322.611111111111,60.6944444444444,284.166666666667
"background",120,120,336.361111111111,43.3333333333333,458.5
"background",121,121,281.861111111111,81.5833333333333,523.333333333333
"background",122,122,355.944444444444,9.72222222222222,382.972222222222
"background",123,123,323.833333333333,55.5,247.833333333333
"background",124,124,312.083333333333,37.3333333333333,305.888888888889
"background",125,125,317.333333333333,31.5833333333333,472.416666666667
"background",126,126,323.583333333333,50.8888888888889,250.305555555556
"background",127,127,339.416666666667,2.52777777777778,440.861111111111
"background",128,128,342.861111111111,2.13888888888889,154.5
"background",129,129,311.388888888889,4.47222222222222,389.055555555556
"background",130,130,325,9.36111111111111,573.611111111111
"background",131,131,316.388888888889,20.3333333333333,415.416666666667
"background",132,132,343.083333333333,0,170.027777777778
"background",133,133,312.638888888889,31.9166666666667,380.583333333333
"background",134,134,308.361111111111,18.6666666666667,228.805555555556
"background",135,135,339.666666666667,8.47222222222222,267.888888888889
"background",136,136,356.583333333333,4.63888888888889,581.222222222222
"background",137,137,320.416666666667,30.8333333333333,586.638888888889
"background",138,138,325.555555555556,110.444444444444,380.805555555556
"background",139,139,291.361111111111,57.7222222222222,493.916666666667
"background",140,140,305.25,2.11111111111111,258.694444444444
"background",141,141,349.888888888889,5.61111111111111,283.333333333333
"background",142,142,326.388888888889,87.9444444444444,314.916666666667
"background",143,143,278.805555555556,14.0277777777778,576.722222222222
"background",144,144,318.444444444444,0.694444444444444,191.305555555556
"background",145,145,339.611111111111,12.7222222222222,258.361111111111
"background",146,146,281.083333333333,18.1111111111111,245.972222222222
"background",147,147,312.694444444444,13.5833333333333,436.138888888889
"background",148,148,334.277777777778,2.25,64.8333333333333
