"species","x","y","bio5","bio14","bio18"
"species",1,1,291.222222222222,16.8888888888889,494.055555555556
"species",2,2,313.333333333333,62.4444444444444,489.555555555556
"species",3,3,286.111111111111,9.52777777777778,590.055555555556
"species",4,4,312.638888888889,31.9166666666667,380.583333333333
"species",5,5,300.730769230769,41.2307692307692,343.346153846154
"species",6,6,292.277777777778,24.6388888888889,452.944444444444
"species",7,7,312.638888888889,31.9166666666667,380.583333333333
"species",8,8,293.638888888889,33.3888888888889,616.888888888889
"species",9,9,287.666666666667,34.25,497.083333333333
"species",10,10,264.151515151515,53.6969696969697,733.757575757576
"species",11,11,274.583333333333,81.2916666666667,570.375
"species",12,12,257.305555555556,53.8055555555556,716.944444444444
"species",13,13,257.305555555556,53.8055555555556,716.944444444444
"species",14,14,312.638888888889,31.9166666666667,380.583333333333
"species",15,15,312.638888888889,31.9166666666667,380.583333333333
"species",16,16,300.730769230769,41.2307692307692,343.346153846154
"species",17,17,292.277777777778,24.6388888888889,452.944444444444
"species",18,18,272,83.1944444444444,486.666666666667
"species",19,19,293.638888888889,33.3888888888889,616.888888888889
"species",20,20,300.730769230769,41.2307692307692,343.346153846154
"species",21,21,312.638888888889,31.9166666666667,380.583333333333
"species",22,22,301.888888888889,62.1388888888889,304.611111111111
"species",23,23,287.222222222222,78.8611111111111,379.25
"species",24,24,300.730769230769,41.2307692307692,343.346153846154
"species",25,25,310.916666666667,18.0833333333333,534.222222222222
"species",26,26,300.730769230769,41.2307692307692,343.346153846154
"species",27,27,300.730769230769,41.2307692307692,343.346153846154
"species",28,28,312.638888888889,31.9166666666667,380.583333333333
"species",29,29,278.805555555556,14.0277777777778,576.722222222222
"species",30,30,312.638888888889,31.9166666666667,380.583333333333
"species",31,31,257.305555555556,53.8055555555556,716.944444444444
"species",32,32,300.730769230769,41.2307692307692,343.346153846154
"species",33,33,264.151515151515,53.6969696969697,733.757575757576
"species",34,34,293.638888888889,33.3888888888889,616.888888888889
"species",35,35,257.305555555556,53.8055555555556,716.944444444444
"species",36,36,335.722222222222,24.9444444444444,491.916666666667
"species",37,37,310.916666666667,18.0833333333333,534.222222222222
"species",38,38,300.730769230769,41.2307692307692,343.346153846154
"species",39,39,292.172413793103,66.0689655172414,730.827586206897
"species",40,40,312.638888888889,31.9166666666667,380.583333333333
"species",41,41,292.172413793103,66.0689655172414,730.827586206897
"species",42,42,286.111111111111,9.52777777777778,590.055555555556
"species",43,43,292.277777777778,24.6388888888889,452.944444444444
"species",44,44,287.222222222222,78.8611111111111,379.25
"species",45,45,287.222222222222,78.8611111111111,379.25
"species",46,46,292.172413793103,66.0689655172414,730.827586206897
"species",47,47,260.666666666667,24.5833333333333,718.055555555556
"species",48,48,312.638888888889,31.9166666666667,380.583333333333
"species",49,49,287.666666666667,34.25,497.083333333333
"species",50,50,265.194444444444,23.0277777777778,718.166666666667
"species",51,51,292.277777777778,24.6388888888889,452.944444444444
"species",52,52,312.638888888889,31.9166666666667,380.583333333333
"species",53,53,257.305555555556,53.8055555555556,716.944444444444
"species",54,54,292.277777777778,24.6388888888889,452.944444444444
"species",55,55,292.888888888889,64.3888888888889,306.111111111111
"species",56,56,257.305555555556,53.8055555555556,716.944444444444
"species",57,57,287.666666666667,34.25,497.083333333333
"species",58,58,282.305555555556,11.5277777777778,629.5
"species",59,59,300.730769230769,41.2307692307692,343.346153846154
"species",60,60,282.361111111111,54.5,580.083333333333
"species",61,61,312.638888888889,31.9166666666667,380.583333333333
"species",62,62,276.666666666667,12.8611111111111,693.5
"species",63,63,312.638888888889,34.5833333333333,351.277777777778
"species",64,64,282.361111111111,54.5,580.083333333333
"species",65,65,312.638888888889,31.9166666666667,380.583333333333
"species",66,66,292.172413793103,66.0689655172414,730.827586206897
"species",67,67,257.305555555556,53.8055555555556,716.944444444444
"species",68,68,312.638888888889,31.9166666666667,380.583333333333
"species",69,69,312.638888888889,31.9166666666667,380.583333333333
"species",70,70,300.730769230769,41.2307692307692,343.346153846154
"species",71,71,287.666666666667,34.25,497.083333333333
"species",72,72,265.194444444444,23.0277777777778,718.166666666667
"species",73,73,292.277777777778,24.6388888888889,452.944444444444
"species",74,74,264.151515151515,53.6969696969697,733.757575757576
"species",75,75,292.172413793103,66.0689655172414,730.827586206897
"species",76,76,265.194444444444,23.0277777777778,718.166666666667
"species",77,77,293.638888888889,33.3888888888889,616.888888888889
"species",78,78,292.277777777778,24.6388888888889,452.944444444444
"species",79,79,278.555555555556,78.3333333333333,370.916666666667
"species",80,80,265.194444444444,23.0277777777778,718.166666666667
"species",81,81,292.277777777778,24.6388888888889,452.944444444444
"species",82,82,300.730769230769,41.2307692307692,343.346153846154
"species",83,83,312.638888888889,31.9166666666667,380.583333333333
"species",84,84,287.666666666667,34.25,497.083333333333
"species",85,85,300.730769230769,41.2307692307692,343.346153846154
"species",86,86,312.638888888889,31.9166666666667,380.583333333333
"species",87,87,300.730769230769,41.2307692307692,343.346153846154
"species",88,88,257.305555555556,53.8055555555556,716.944444444444
"species",89,89,306.515151515152,61.9090909090909,290.878787878788
"species",90,90,265.194444444444,23.0277777777778,718.166666666667
"species",91,91,300.730769230769,41.2307692307692,343.346153846154
"species",92,92,257.305555555556,53.8055555555556,716.944444444444
"species",93,93,291.222222222222,16.8888888888889,494.055555555556
"species",94,94,292.172413793103,66.0689655172414,730.827586206897
"species",95,95,292.888888888889,64.3888888888889,306.111111111111
"species",96,96,291.222222222222,16.8888888888889,494.055555555556
"species",97,97,292.277777777778,24.6388888888889,452.944444444444
"species",98,98,312.638888888889,31.9166666666667,380.583333333333
"species",99,99,265.194444444444,23.0277777777778,718.166666666667
"species",100,100,300.730769230769,41.2307692307692,343.346153846154
"species",101,101,257.305555555556,53.8055555555556,716.944444444444
"species",102,102,300.730769230769,41.2307692307692,343.346153846154
"species",103,103,293.638888888889,33.3888888888889,616.888888888889
"species",104,104,291.222222222222,16.8888888888889,494.055555555556
"species",105,105,287.666666666667,34.25,497.083333333333
"species",106,106,274.583333333333,81.2916666666667,570.375
"species",107,107,257.305555555556,53.8055555555556,716.944444444444
"species",108,108,312.638888888889,31.9166666666667,380.583333333333
"species",109,109,312.638888888889,31.9166666666667,380.583333333333
"species",110,110,292.277777777778,24.6388888888889,452.944444444444
"species",111,111,293.638888888889,33.3888888888889,616.888888888889
"species",112,112,292.277777777778,24.6388888888889,452.944444444444
"species",113,113,312.638888888889,31.9166666666667,380.583333333333
"species",114,114,312.638888888889,31.9166666666667,380.583333333333
"species",115,115,266.444444444444,38.5277777777778,568.166666666667
"species",116,116,292.277777777778,24.6388888888889,452.944444444444
"species",117,117,312.638888888889,31.9166666666667,380.583333333333
"species",118,118,265.194444444444,23.0277777777778,718.166666666667
"species",119,119,312.638888888889,31.9166666666667,380.583333333333
"species",120,120,272,83.1944444444444,486.666666666667
"species",121,121,278.555555555556,78.3333333333333,370.916666666667
"species",122,122,264.151515151515,53.6969696969697,733.757575757576
"species",123,123,293.638888888889,33.3888888888889,616.888888888889
"species",124,124,300.730769230769,41.2307692307692,343.346153846154
"species",125,125,287.666666666667,34.25,497.083333333333
"species",126,126,312.638888888889,34.5833333333333,351.277777777778
"species",127,127,312.638888888889,31.9166666666667,380.583333333333
"species",128,128,293.638888888889,33.3888888888889,616.888888888889
"species",129,129,300.730769230769,41.2307692307692,343.346153846154
"species",130,130,308.361111111111,24.6111111111111,379.111111111111
"species",131,131,312.638888888889,31.9166666666667,380.583333333333
"species",132,132,292.888888888889,64.3888888888889,306.111111111111
"species",133,133,276.666666666667,12.8611111111111,693.5
"species",134,134,257.305555555556,53.8055555555556,716.944444444444
"species",135,135,313.333333333333,62.4444444444444,489.555555555556
"species",136,136,293.638888888889,33.3888888888889,616.888888888889
"species",137,137,264.151515151515,53.6969696969697,733.757575757576
"species",138,138,301.888888888889,62.1388888888889,304.611111111111
