"species","x","y","bio5","bio14","bio18"
"background",1,1,266.444444444444,38.5277777777778,568.166666666667
"background",2,2,316.805555555556,9.80555555555556,691.972222222222
"background",3,3,292.888888888889,8.77777777777778,407.027777777778
"background",4,4,303.444444444444,11,219.388888888889
"background",5,5,317,79.4722222222222,651.333333333333
"background",6,6,308.277777777778,13.9722222222222,621.194444444444
"background",7,7,318.583333333333,19.4722222222222,214.583333333333
"background",8,8,290.833333333333,12.9444444444444,300.638888888889
"background",9,9,342.527777777778,9.61111111111111,536.861111111111
"background",10,10,322.194444444444,0.972222222222222,262.861111111111
"background",11,11,355.555555555556,6.13888888888889,340.5
"background",12,12,340.888888888889,3.22222222222222,397.833333333333
"background",13,13,346.111111111111,3.38888888888889,216.111111111111
"background",14,14,328.583333333333,33.6388888888889,130.138888888889
"background",15,15,343.888888888889,8.69444444444444,469.444444444444
"background",16,16,318,13.6388888888889,399.611111111111
"background",17,17,333.611111111111,3.16666666666667,430.333333333333
"background",18,18,311.388888888889,4.47222222222222,389.055555555556
"background",19,19,325.555555555556,110.444444444444,380.805555555556
"background",20,20,312.972222222222,19.5277777777778,527.083333333333
"background",21,21,324.972222222222,28.4444444444444,446.5
"background",22,22,317.75,11.1666666666667,415.722222222222
"background",23,23,272,117.083333333333,455.222222222222
"background",24,24,313.666666666667,28.1111111111111,437.055555555556
"background",25,25,322.777777777778,138.222222222222,517.805555555556
