"species","x","y","bio5","bio14","bio18"
"background",1,1,323.833333333333,61.6944444444444,235.055555555556
"background",2,2,356.194444444444,3.80555555555556,627.972222222222
"background",3,3,288.666666666667,13.1111111111111,147.527777777778
"background",4,4,341.111111111111,17.1111111111111,470.944444444444
"background",5,5,318.166666666667,97.6388888888889,650.055555555556
"background",6,6,284.583333333333,19.8055555555556,622.388888888889
"background",7,7,315.277777777778,8.19444444444444,297.833333333333
"background",8,8,327.222222222222,96.4722222222222,327.083333333333
"background",9,9,297.333333333333,6.02777777777778,230.555555555556
"background",10,10,302.138888888889,12.75,307.333333333333
"background",11,11,312.972222222222,19.5277777777778,527.083333333333
"background",12,12,281.444444444444,103.277777777778,537.916666666667
"background",13,13,288.194444444444,80.6111111111111,361.027777777778
"background",14,14,283.666666666667,87.5151515151515,294.090909090909
"background",15,15,314.25,89.3611111111111,633
"background",16,16,303.083333333333,4.97222222222222,356.277777777778
"background",17,17,325.194444444444,25.6666666666667,497.111111111111
"background",18,18,316.888888888889,57.8888888888889,581.888888888889
"background",19,19,329.222222222222,31.9444444444444,482.861111111111
"background",20,20,340.888888888889,3.22222222222222,397.833333333333
"background",21,21,284.944444444444,8.5,562.527777777778
"background",22,22,290.583333333333,7.30555555555556,657.305555555556
"background",23,23,313.611111111111,12.0555555555556,429.416666666667
"background",24,24,336.5,3.58333333333333,65.4722222222222
"background",25,25,326.611111111111,46.0277777777778,230.638888888889
"background",26,26,333.027777777778,4.97222222222222,453.972222222222
"background",27,27,291.777777777778,96.4444444444444,389.583333333333
"background",28,28,314.5,5.38888888888889,183.444444444444
"background",29,29,350.722222222222,0.888888888888889,131.944444444444
"background",30,30,336.722222222222,26.2222222222222,552.888888888889
"background",31,31,343.083333333333,0,170.027777777778
"background",32,32,327.888888888889,9.02777777777778,537.722222222222
"background",33,33,317.638888888889,33.9166666666667,155.277777777778
"background",34,34,314.666666666667,23.7777777777778,456.5
"background",35,35,334.416666666667,14.5555555555556,275.138888888889
"background",36,36,349.777777777778,5.13888888888889,549.166666666667
"background",37,37,304.055555555556,13.0555555555556,396.277777777778
"background",38,38,321.055555555556,1.47222222222222,162.527777777778
"background",39,39,313.333333333333,62.4444444444444,489.555555555556
"background",40,40,329.305555555556,3.36111111111111,438.861111111111
"background",41,41,335.027777777778,43.3055555555556,309.027777777778
"background",42,42,316.305555555556,26.5833333333333,489.166666666667
"background",43,43,318.444444444444,0.694444444444444,191.305555555556
"background",44,44,334.777777777778,3.44444444444444,228.472222222222
"background",45,45,293.638888888889,33.3888888888889,616.888888888889
"background",46,46,325.888888888889,0.5,281.722222222222
"background",47,47,324.166666666667,62.8055555555556,242.055555555556
"background",48,48,315.777777777778,4.41666666666667,193.527777777778
"background",49,49,320.5,86.3333333333333,396.25
"background",50,50,312.333333333333,2.52777777777778,311.25
"background",51,51,309.833333333333,211.25,650.777777777778
"background",52,52,333.083333333333,11.8888888888889,488.916666666667
"background",53,53,319.944444444444,78.0277777777778,355.361111111111
"background",54,54,343.888888888889,8.69444444444444,469.444444444444
"background",55,55,315.138888888889,76.8611111111111,668.666666666667
"background",56,56,320.888888888889,80.9166666666667,591.25
"background",57,57,316.444444444444,183.638888888889,655.861111111111
"background",58,58,331.944444444444,30,133.555555555556
"background",59,59,270.666666666667,15,684.694444444444
"background",60,60,316.888888888889,21.0277777777778,398.777777777778
"background",61,61,315.166666666667,99.5833333333333,658.388888888889
"background",62,62,351.833333333333,9.25,370
"background",63,63,324.305555555556,15.0555555555556,376.694444444444
"background",64,64,305.305555555556,212.194444444444,710.5
"background",65,65,318.5,28.2222222222222,650.083333333333
"background",66,66,325.805555555556,2.80555555555556,159.611111111111
"background",67,67,326.416666666667,78.5,333.333333333333
"background",68,68,283.972222222222,20.4166666666667,643.305555555556
"background",69,69,352.305555555556,1.22222222222222,541.527777777778
"background",70,70,354.638888888889,9.36111111111111,75.4166666666667
"background",71,71,290.666666666667,41.9722222222222,506.472222222222
"background",72,72,342.416666666667,2.19444444444444,93.5555555555556
"background",73,73,319.444444444444,1.16666666666667,161.777777777778
"background",74,74,260.388888888889,100.111111111111,492.861111111111
"background",75,75,323.583333333333,50.8888888888889,250.305555555556
"background",76,76,347.388888888889,2.86111111111111,139.416666666667
"background",77,77,319.916666666667,54,545.722222222222
"background",78,78,325.592592592593,7.7037037037037,32.1481481481481
"background",79,79,322.694444444444,78.5,479.944444444444
"background",80,80,339.611111111111,12.7222222222222,258.361111111111
"background",81,81,344.416666666667,1.5,175.861111111111
"background",82,82,312.694444444444,29.5555555555556,169.805555555556
"background",83,83,335.472222222222,55.9722222222222,202.833333333333
"background",84,84,337.888888888889,4.05555555555556,410.722222222222
"background",85,85,323,47.7777777777778,218.611111111111
"background",86,86,295.111111111111,17.7222222222222,251.75
"background",87,87,329.638888888889,19.7222222222222,142.222222222222
"background",88,88,332.222222222222,69.0833333333333,301
"background",89,89,329.027777777778,84.8888888888889,270.5
"background",90,90,328.916666666667,16.5,129.472222222222
"background",91,91,331.944444444444,8.55555555555556,334.805555555556
"background",92,92,323.777777777778,12.1388888888889,375.527777777778
"background",93,93,326.361111111111,18.1111111111111,379.388888888889
"background",94,94,330.222222222222,26.1111111111111,309.083333333333
"background",95,95,321.166666666667,6.61111111111111,617.666666666667
"background",96,96,342.611111111111,22.6111111111111,534.138888888889
"background",97,97,308.305555555556,15.0277777777778,436.833333333333
"background",98,98,318.305555555556,5.41666666666667,218.805555555556
"background",99,99,320.305555555556,53.9444444444444,245.611111111111
"background",100,100,322.777777777778,138.222222222222,517.805555555556
"background",101,101,295.166666666667,126.5,536.222222222222
"background",102,102,322.527777777778,20.2777777777778,201.944444444444
"background",103,103,317,79.4722222222222,651.333333333333
"background",104,104,324.388888888889,89.7777777777778,356.972222222222
"background",105,105,302.472222222222,20.0277777777778,599.166666666667
"background",106,106,309.722222222222,5.55555555555556,171.666666666667
"background",107,107,296.416666666667,28.1666666666667,262.777777777778
"background",108,108,287.777777777778,101.666666666667,417.666666666667
"background",109,109,325.472222222222,2.83333333333333,200.666666666667
"background",110,110,328.444444444444,3.08333333333333,130.666666666667
"background",111,111,329.527777777778,0.0833333333333333,240.805555555556
"background",112,112,321.444444444444,5.47222222222222,379.472222222222
"background",113,113,339.25,25.2777777777778,513.388888888889
"background",114,114,324.972222222222,28.4444444444444,446.5
"background",115,115,306.515151515152,61.9090909090909,290.878787878788
"background",116,116,309.972222222222,156.638888888889,620.027777777778
"background",117,117,334.611111111111,19.8333333333333,200.111111111111
"background",118,118,343.277777777778,8.08333333333333,75.9722222222222
"background",119,119,315.5,26.6388888888889,228.5
"background",120,120,356.944444444444,11.1666666666667,348.444444444444
"background",121,121,328.25,74.75,263.222222222222
"background",122,122,317.527777777778,41.6111111111111,615.222222222222
"background",123,123,316.75,11.0555555555556,539.861111111111
"background",124,124,339.916666666667,28.3333333333333,468.722222222222
"background",125,125,276.666666666667,12.8611111111111,693.5
"background",126,126,349.555555555556,2.58333333333333,421.027777777778
"background",127,127,320.555555555556,27.25,121.722222222222
"background",128,128,325.583333333333,91.4166666666667,366.194444444444
"background",129,129,323.277777777778,26.6666666666667,158.75
"background",130,130,318.138888888889,24.6388888888889,653
"background",131,131,317.5,62.8611111111111,571.555555555556
"background",132,132,268.777777777778,20.5,678
"background",133,133,265.4,93.4857142857143,475.971428571429
"background",134,134,288.416666666667,26.7222222222222,611.416666666667
"background",135,135,309.5,33.5277777777778,530.138888888889
"background",136,136,327.583333333333,67.2777777777778,283.333333333333
"background",137,137,321.916666666667,46.6944444444444,232.416666666667
"background",138,138,326.388888888889,87.9444444444444,314.916666666667
"background",139,139,321.444444444444,129.972222222222,419.083333333333
"background",140,140,328.111111111111,41.0277777777778,179.305555555556
"background",141,141,344.305555555556,0.277777777777778,147.833333333333
"background",142,142,332.333333333333,27.9444444444444,554.583333333333
"background",143,143,317.916666666667,52.1111111111111,566.722222222222
"background",144,144,322.611111111111,60.6944444444444,284.166666666667
"background",145,145,342.25,28.2222222222222,411.361111111111
"background",146,146,329.138888888889,3.16666666666667,202.472222222222
"background",147,147,321.638888888889,29.4444444444444,494.972222222222
"background",148,148,284.611111111111,116.555555555556,442.944444444444
