"species","x","y","bio5","bio14","bio18"
"background",1,1,317,1.44444444444444,197.75
"background",2,2,325.555555555556,110.444444444444,380.805555555556
"background",3,3,279.555555555556,11.9722222222222,660.694444444444
"background",4,4,342.416666666667,20.1111111111111,555.25
"background",5,5,329.055555555556,27.25,132.222222222222
"background",6,6,343.472222222222,0.583333333333333,152.277777777778
"background",7,7,328.416666666667,22.2777777777778,340.388888888889
"background",8,8,307.611111111111,214.861111111111,770.305555555556
"background",9,9,270.333333333333,124.638888888889,438.305555555556
"background",10,10,312.333333333333,2.52777777777778,311.25
"background",11,11,312.694444444444,13.5833333333333,436.138888888889
"background",12,12,296.5,8.02777777777778,564.472222222222
"background",13,13,317.972222222222,54.9722222222222,583.25
"background",14,14,334.277777777778,2.25,64.8333333333333
"background",15,15,318.694444444444,34.8055555555556,264.777777777778
"background",16,16,312.448275862069,8,246.965517241379
"background",17,17,319.027777777778,60.8611111111111,550.583333333333
"background",18,18,291.777777777778,96.4444444444444,389.583333333333
"background",19,19,288.194444444444,80.6111111111111,361.027777777778
"background",20,20,323.611111111111,118.388888888889,383.777777777778
"background",21,21,352.5,4.44444444444444,248.055555555556
"background",22,22,298.972222222222,26.75,242.361111111111
"background",23,23,266.5,92.8333333333333,453.638888888889
"background",24,24,354.166666666667,9.75,324.666666666667
"background",25,25,306.222222222222,17.5277777777778,581.888888888889
"background",26,26,321.444444444444,8.97222222222222,350.5
"background",27,27,315.194444444444,26.3611111111111,553.166666666667
"background",28,28,324.555555555556,21.1111111111111,317.25
"background",29,29,326.694444444444,4.02777777777778,196.555555555556
"background",30,30,336.75,2.44444444444444,158.083333333333
"background",31,31,289.333333333333,16.1111111111111,314.472222222222
"background",32,32,323,47.7777777777778,218.611111111111
"background",33,33,314.25,89.3611111111111,633
"background",34,34,303.5,11,664.527777777778
"background",35,35,288.527777777778,80.3055555555556,547.138888888889
"background",36,36,323.305555555556,120.944444444444,406.638888888889
"background",37,37,330.222222222222,26.1111111111111,309.083333333333
"background",38,38,331.416666666667,56.9722222222222,373.277777777778
"background",39,39,329.777777777778,43.75,369.222222222222
"background",40,40,326.972222222222,85.25,286.5
"background",41,41,321.638888888889,29.4444444444444,494.972222222222
"background",42,42,339.833333333333,31.4444444444444,507.388888888889
"background",43,43,291.222222222222,16.8888888888889,494.055555555556
"background",44,44,268.777777777778,20.5,678
"background",45,45,331.333333333333,6.16666666666667,238.583333333333
"background",46,46,309.5,185.194444444444,657.333333333333
"background",47,47,281.861111111111,81.5833333333333,523.333333333333
"background",48,48,308.305555555556,15.0277777777778,436.833333333333
"background",49,49,343.916666666667,11.9444444444444,336.416666666667
"background",50,50,295.5,7.22222222222222,382.527777777778
"background",51,51,324.361111111111,1.44444444444444,284.388888888889
"background",52,52,328.583333333333,40.4166666666667,189.333333333333
"background",53,53,338.138888888889,18.3333333333333,498.194444444444
"background",54,54,313.666666666667,28.1111111111111,437.055555555556
"background",55,55,336.527777777778,11.4444444444444,599.138888888889
"background",56,56,333.388888888889,2.11111111111111,195.75
"background",57,57,330.527777777778,45.75,193.388888888889
"background",58,58,326.361111111111,18.1111111111111,379.388888888889
"background",59,59,330.583333333333,77.6944444444444,271.305555555556
"background",60,60,317.222222222222,30.3055555555556,481.5
"background",61,61,277.944444444444,11.4722222222222,732.222222222222
"background",62,62,321.166666666667,6.61111111111111,617.666666666667
"background",63,63,324.583333333333,28.1388888888889,456.638888888889
"background",64,64,317.027777777778,0.638888888888889,214.527777777778
"background",65,65,328.416666666667,207.305555555556,706.388888888889
"background",66,66,286.111111111111,9.52777777777778,590.055555555556
"background",67,67,311.928571428571,49.75,241.071428571429
"background",68,68,310.25,2.83333333333333,90.8055555555556
"background",69,69,282.722222222222,132.888888888889,558.611111111111
"background",70,70,332.555555555556,4.69444444444444,70.6111111111111
"background",71,71,282.305555555556,17.9444444444444,651.555555555556
"background",72,72,311.25,40,474.083333333333
"background",73,73,317.638888888889,159.888888888889,576.277777777778
"background",74,74,346.305555555556,7.36111111111111,249.472222222222
"background",75,75,344.805555555556,1.61111111111111,31.75
"background",76,76,326.25,15.4166666666667,322.777777777778
"background",77,77,331.944444444444,12.6111111111111,398.5
"background",78,78,324.25,19.0277777777778,91.1666666666667
"background",79,79,317.916666666667,52.1111111111111,566.722222222222
"background",80,80,337,13.9722222222222,350.305555555556
"background",81,81,313.333333333333,62.4444444444444,489.555555555556
"background",82,82,308.361111111111,7.94444444444444,434.416666666667
"background",83,83,300.972222222222,5.97222222222222,189.138888888889
"background",84,84,315.5,7.11111111111111,683.916666666667
"background",85,85,327.75,56.9166666666667,327.555555555556
"background",86,86,319.222222222222,193.694444444444,717.916666666667
"background",87,87,317.972222222222,25.7777777777778,225.916666666667
"background",88,88,329.444444444444,77.0833333333333,309.333333333333
"background",89,89,322.444444444444,66.5833333333333,285.833333333333
"background",90,90,314.055555555556,10.4722222222222,366.083333333333
"background",91,91,314.444444444444,2.61111111111111,89.9444444444444
"background",92,92,332.972222222222,48.7222222222222,323.888888888889
"background",93,93,291.944444444444,78.9444444444444,451.972222222222
"background",94,94,314.583333333333,4.5,191.583333333333
"background",95,95,330.5,72.5,286.75
"background",96,96,347.361111111111,18.5277777777778,488.777777777778
"background",97,97,349.888888888889,5.61111111111111,283.333333333333
"background",98,98,337.472222222222,10.5,127.361111111111
"background",99,99,275,13.9444444444444,633.583333333333
"background",100,100,330.75,37.8611111111111,482.305555555556
"background",101,101,309.527777777778,174.861111111111,586.916666666667
"background",102,102,335.277777777778,72.9722222222222,257.75
"background",103,103,319.916666666667,54,545.722222222222
"background",104,104,317.333333333333,31.5833333333333,472.416666666667
"background",105,105,336.472222222222,22.4722222222222,365.527777777778
"background",106,106,317.027777777778,2,142.583333333333
"background",107,107,331.305555555556,2.36111111111111,420.861111111111
"background",108,108,288.194444444444,55.75,521.888888888889
"background",109,109,322.694444444444,45.0555555555556,559.25
"background",110,110,323.277777777778,26.6666666666667,158.75
"background",111,111,327.583333333333,67.2777777777778,283.333333333333
"background",112,112,301.257142857143,66.0285714285714,276.342857142857
"background",113,113,314.75,3.91666666666667,230.527777777778
"background",114,114,324.166666666667,62.8055555555556,242.055555555556
"background",115,115,334.694444444444,26.1388888888889,420.055555555556
"background",116,116,321.916666666667,46.6944444444444,232.416666666667
"background",117,117,295,4.88888888888889,279.194444444444
"background",118,118,273.888888888889,61.8055555555556,487.805555555556
"background",119,119,310.166666666667,8.5,565.305555555556
"background",120,120,318.611111111111,59,287.638888888889
"background",121,121,347.888888888889,8.86111111111111,564.083333333333
"background",122,122,350.527777777778,2.5,289.75
"background",123,123,260.388888888889,100.111111111111,492.861111111111
"background",124,124,302.138888888889,12.75,307.333333333333
"background",125,125,320.722222222222,84.6111111111111,421.222222222222
"background",126,126,330.055555555556,47.3888888888889,167.888888888889
"background",127,127,306.583333333333,19.4444444444444,353.444444444444
"background",128,128,328.75,14.3888888888889,434.944444444444
"background",129,129,324.777777777778,30.3888888888889,556.694444444444
"background",130,130,339.916666666667,28.3333333333333,468.722222222222
"background",131,131,336.361111111111,43.3333333333333,458.5
"background",132,132,329.722222222222,75.8888888888889,240.222222222222
"background",133,133,312.638888888889,31.9166666666667,380.583333333333
"background",134,134,305.111111111111,3.33333333333333,209.166666666667
"background",135,135,323.777777777778,12.1388888888889,375.527777777778
"background",136,136,356.944444444444,11.1666666666667,348.444444444444
"background",137,137,314.666666666667,7.02777777777778,325.055555555556
"background",138,138,317.527777777778,41.6111111111111,615.222222222222
"background",139,139,327.388888888889,60.3888888888889,481.305555555556
"background",140,140,322.777777777778,138.222222222222,517.805555555556
"background",141,141,324.555555555556,1.91666666666667,212.472222222222
"background",142,142,319.583333333333,71.3611111111111,564.944444444444
"background",143,143,293.861111111111,5,449.388888888889
"background",144,144,330.388888888889,31.2777777777778,569.555555555556
"background",145,145,302.805555555556,21.6111111111111,157.333333333333
"background",146,146,318.166666666667,97.6388888888889,650.055555555556
"background",147,147,329.027777777778,84.8888888888889,270.5
"background",148,148,345.444444444444,2.25,362.027777777778
