"species","x","y","bio5","bio14","bio18"
"background",1,1,297.888888888889,57.1666666666667,452.055555555556
"background",2,2,335.583333333333,0.166666666666667,170.916666666667
"background",3,3,325.805555555556,2.80555555555556,159.611111111111
"background",4,4,312.083333333333,176.777777777778,566.555555555556
"background",5,5,297.388888888889,1.72222222222222,335.055555555556
"background",6,6,346.75,13.9444444444444,389.916666666667
"background",7,7,268.777777777778,20.5,678
"background",8,8,329.861111111111,16.0833333333333,186.555555555556
"background",9,9,332,4.16666666666667,418.888888888889
"background",10,10,334.611111111111,19.8333333333333,200.111111111111
"background",11,11,350.722222222222,0.888888888888889,131.944444444444
"background",12,12,316.805555555556,9.80555555555556,691.972222222222
"background",13,13,334.833333333333,12.25,104.25
"background",14,14,322.230769230769,13.6538461538462,101.884615384615
"background",15,15,319.583333333333,71.3611111111111,564.944444444444
"background",16,16,349.861111111111,12.8333333333333,351.583333333333
"background",17,17,331.277777777778,2.80555555555556,166.833333333333
"background",18,18,309.5,185.194444444444,657.333333333333
"background",19,19,346.611111111111,3.44444444444444,476
"background",20,20,339.361111111111,4.30555555555556,459.388888888889
"background",21,21,338.638888888889,2.19444444444444,80.4722222222222
"background",22,22,281.861111111111,81.5833333333333,523.333333333333
"background",23,23,334.416666666667,14.5555555555556,275.138888888889
"background",24,24,282.361111111111,54.5,580.083333333333
"background",25,25,352.388888888889,2.63888888888889,521.583333333333
