"species","x","y","bio5","bio14","bio18"
"background",1,1,327.444444444444,79.1388888888889,261.527777777778
"background",2,2,332.5,69.6388888888889,240.666666666667
"background",3,3,315.25,103.555555555556,575.138888888889
"background",4,4,325.5,82.7777777777778,295.472222222222
"background",5,5,305.305555555556,212.194444444444,710.5
"background",6,6,317.972222222222,25.7777777777778,225.916666666667
"background",7,7,337.888888888889,4.05555555555556,410.722222222222
"background",8,8,317.388888888889,41.5277777777778,555.055555555556
"background",9,9,313.666666666667,22.5833333333333,563.555555555556
"background",10,10,340.527777777778,7.27777777777778,118.305555555556
"background",11,11,306.583333333333,19.4444444444444,353.444444444444
"background",12,12,320.833333333333,29.3333333333333,598.333333333333
"background",13,13,306.722222222222,129.5,411.194444444444
"background",14,14,319.861111111111,36.25,142.027777777778
"background",15,15,327.694444444444,80.2222222222222,290.333333333333
"background",16,16,332.527777777778,54.9166666666667,204.972222222222
"background",17,17,346.694444444444,0.472222222222222,230.777777777778
"background",18,18,286.888888888889,14.5277777777778,613.583333333333
"background",19,19,321.166666666667,6.61111111111111,617.666666666667
"background",20,20,297.472222222222,104.388888888889,378.805555555556
"background",21,21,322.194444444444,0.972222222222222,262.861111111111
"background",22,22,343.277777777778,8.08333333333333,75.9722222222222
"background",23,23,330.5,72.5,286.75
"background",24,24,349.388888888889,1.11111111111111,439.722222222222
"background",25,25,273.888888888889,61.8055555555556,487.805555555556
"background",26,26,323.833333333333,55.5,247.833333333333
"background",27,27,300.730769230769,41.2307692307692,343.346153846154
"background",28,28,334.416666666667,14.5555555555556,275.138888888889
"background",29,29,324.611111111111,109.361111111111,349.944444444444
"background",30,30,283.666666666667,87.5151515151515,294.090909090909
"background",31,31,329.75,15.3055555555556,465.694444444444
"background",32,32,311.928571428571,49.75,241.071428571429
"background",33,33,319.361111111111,32.0277777777778,528.222222222222
"background",34,34,308.388888888889,217.527777777778,738.444444444444
"background",35,35,339.25,25.2777777777778,513.388888888889
"background",36,36,302.472222222222,20.0277777777778,599.166666666667
"background",37,37,327.083333333333,49.0555555555556,191.694444444444
"background",38,38,346.75,13.9444444444444,389.916666666667
"background",39,39,317.972222222222,54.9722222222222,583.25
"background",40,40,332.972222222222,48.7222222222222,323.888888888889
"background",41,41,323.638888888889,44.25,179.222222222222
"background",42,42,321.444444444444,8.97222222222222,350.5
"background",43,43,320.722222222222,84.6111111111111,421.222222222222
"background",44,44,288.944444444444,125.027777777778,470.5
"background",45,45,309.527777777778,174.861111111111,586.916666666667
"background",46,46,343.888888888889,8.69444444444444,469.444444444444
"background",47,47,257.305555555556,53.8055555555556,716.944444444444
"background",48,48,340.111111111111,7.69444444444444,345.777777777778
"background",49,49,349.25,4.27777777777778,306
"background",50,50,318.5,28.2222222222222,650.083333333333
"background",51,51,261.888888888889,74.3055555555556,502.972222222222
"background",52,52,347.055555555556,8.72222222222222,311.75
"background",53,53,322.527777777778,20.2777777777778,201.944444444444
"background",54,54,320.777777777778,6.5,353.25
"background",55,55,315.5,7.11111111111111,683.916666666667
"background",56,56,327.361111111111,1.30555555555556,202.555555555556
"background",57,57,333.027777777778,4.97222222222222,453.972222222222
"background",58,58,312.638888888889,34.5833333333333,351.277777777778
"background",59,59,302.138888888889,12.75,307.333333333333
"background",60,60,339.388888888889,9.66666666666667,154.361111111111
"background",61,61,325.472222222222,2.83333333333333,200.666666666667
"background",62,62,318.694444444444,34.8055555555556,264.777777777778
"background",63,63,322.444444444444,66.5833333333333,285.833333333333
"background",64,64,329.305555555556,3.36111111111111,438.861111111111
"background",65,65,324.555555555556,1.91666666666667,212.472222222222
"background",66,66,291.222222222222,16.8888888888889,494.055555555556
"background",67,67,258.805555555556,26.8611111111111,683.277777777778
"background",68,68,326.083333333333,55.2222222222222,247.305555555556
"background",69,69,349.777777777778,5.13888888888889,549.166666666667
"background",70,70,336.944444444444,7.58333333333333,469.611111111111
"background",71,71,296.416666666667,28.1666666666667,262.777777777778
"background",72,72,343.472222222222,0.583333333333333,152.277777777778
"background",73,73,313.130434782609,31,199.95652173913
"background",74,74,320.027777777778,36.5,584.194444444444
"background",75,75,306.515151515152,61.9090909090909,290.878787878788
"background",76,76,312.111111111111,148.472222222222,601.361111111111
"background",77,77,322.611111111111,60.6944444444444,284.166666666667
"background",78,78,317.333333333333,31.5833333333333,472.416666666667
"background",79,79,259.472222222222,104.944444444444,438.222222222222
"background",80,80,332.777777777778,44.5833333333333,156.805555555556
"background",81,81,330.527777777778,45.75,193.388888888889
"background",82,82,327.916666666667,41.7777777777778,198.222222222222
"background",83,83,320.194444444444,174.361111111111,594.361111111111
"background",84,84,321.805555555556,54.5,266.5
"background",85,85,346.305555555556,7.36111111111111,249.472222222222
"background",86,86,300.972222222222,5.97222222222222,189.138888888889
"background",87,87,343.916666666667,11.9444444444444,336.416666666667
"background",88,88,310.805555555556,57.6111111111111,439.138888888889
"background",89,89,312.444444444444,112.166666666667,627.583333333333
"background",90,90,320.5,86.3333333333333,396.25
"background",91,91,309.722222222222,5.55555555555556,171.666666666667
"background",92,92,314.305555555556,134.277777777778,628.916666666667
"background",93,93,311.194444444444,30.4166666666667,190.555555555556
"background",94,94,341.972222222222,8.47222222222222,284.444444444444
"background",95,95,324.75,44.7777777777778,200.972222222222
"background",96,96,303.083333333333,4.97222222222222,356.277777777778
"background",97,97,335.722222222222,24.9444444444444,491.916666666667
"background",98,98,324.694444444444,40.9444444444444,174.527777777778
"background",99,99,309.972222222222,156.638888888889,620.027777777778
"background",100,100,329.972222222222,23.5,360.416666666667
"background",101,101,328.833333333333,5.11111111111111,445.222222222222
"background",102,102,262.833333333333,122.444444444444,460.111111111111
"background",103,103,310.222222222222,1.52777777777778,233.583333333333
"background",104,104,326.416666666667,78.5,333.333333333333
"background",105,105,315.277777777778,8.19444444444444,297.833333333333
"background",106,106,324.722222222222,108.555555555556,392.5
"background",107,107,265.833333333333,93.0833333333333,505.166666666667
"background",108,108,347.361111111111,18.5277777777778,488.777777777778
"background",109,109,331.277777777778,2.80555555555556,166.833333333333
"background",110,110,280.638888888889,23.4444444444444,601.305555555556
"background",111,111,323.527777777778,70.6666666666667,370.166666666667
"background",112,112,305.25,2.11111111111111,258.694444444444
"background",113,113,326.111111111111,95.5,342.861111111111
"background",114,114,343.083333333333,0,170.027777777778
"background",115,115,332.555555555556,4.69444444444444,70.6111111111111
"background",116,116,324.25,19.0277777777778,91.1666666666667
"background",117,117,312.416666666667,6.5,757.666666666667
"background",118,118,315.194444444444,19.6666666666667,445.444444444444
"background",119,119,281.444444444444,103.277777777778,537.916666666667
"background",120,120,320.305555555556,53.9444444444444,245.611111111111
"background",121,121,331.916666666667,12.1388888888889,396.5
"background",122,122,320.111111111111,17.2777777777778,561.222222222222
"background",123,123,356.5,4.55555555555556,548.194444444444
"background",124,124,295.111111111111,17.7222222222222,251.75
"background",125,125,311.388888888889,4.47222222222222,389.055555555556
"background",126,126,330.333333333333,14.6666666666667,351.305555555556
"background",127,127,298.888888888889,12.3611111111111,485.222222222222
"background",128,128,352.388888888889,2.63888888888889,521.583333333333
"background",129,129,303,28.1666666666667,161.472222222222
"background",130,130,292.888888888889,8.77777777777778,407.027777777778
"background",131,131,356.944444444444,11.1666666666667,348.444444444444
"background",132,132,338.833333333333,12.1388888888889,110.833333333333
"background",133,133,340.777777777778,3.58333333333333,415.583333333333
"background",134,134,312.083333333333,37.3333333333333,305.888888888889
"background",135,135,327.527777777778,21.9444444444444,468.027777777778
"background",136,136,309.5,33.5277777777778,530.138888888889
"background",137,137,321.083333333333,156.972222222222,505.75
"background",138,138,328.583333333333,33.6388888888889,130.138888888889
"background",139,139,305.25,35.1666666666667,292.361111111111
"background",140,140,329.638888888889,19.7222222222222,142.222222222222
"background",141,141,306.222222222222,17.5277777777778,581.888888888889
"background",142,142,331.416666666667,56.9722222222222,373.277777777778
"background",143,143,343.111111111111,13.25,75.1944444444444
"background",144,144,351.194444444444,0.916666666666667,180
"background",145,145,312.333333333333,2.52777777777778,311.25
"background",146,146,311.861111111111,9.25,405.555555555556
"background",147,147,305.638888888889,104.027777777778,356.333333333333
"background",148,148,321.111111111111,144.194444444444,471.611111111111
