"species","x","y","bio5","bio14","bio18"
"background",1,1,330.916666666667,23.4444444444444,124.444444444444
"background",2,2,339.222222222222,0.722222222222222,143.305555555556
"background",3,3,308.305555555556,15.0277777777778,436.833333333333
"background",4,4,337.888888888889,4.05555555555556,410.722222222222
"background",5,5,339.25,25.2777777777778,513.388888888889
"background",6,6,326,35.8055555555556,472.777777777778
"background",7,7,317.5,62.8611111111111,571.555555555556
"background",8,8,322.611111111111,60.6944444444444,284.166666666667
"background",9,9,317.861111111111,69.7777777777778,553.555555555556
"background",10,10,326.361111111111,18.1111111111111,379.388888888889
"background",11,11,284.944444444444,8.5,562.527777777778
"background",12,12,319.027777777778,60.8611111111111,550.583333333333
"background",13,13,291.777777777778,96.4444444444444,389.583333333333
"background",14,14,321.444444444444,129.972222222222,419.083333333333
"background",15,15,323.638888888889,44.25,179.222222222222
"background",16,16,314.75,3.91666666666667,230.527777777778
"background",17,17,344.333333333333,2.16666666666667,406.5
"background",18,18,315.138888888889,76.8611111111111,668.666666666667
"background",19,19,344.416666666667,1.5,175.861111111111
"background",20,20,315.888888888889,70.5833333333333,621.388888888889
"background",21,21,322.777777777778,138.222222222222,517.805555555556
"background",22,22,287.777777777778,101.666666666667,417.666666666667
"background",23,23,324.388888888889,89.7777777777778,356.972222222222
"background",24,24,291.361111111111,57.7222222222222,493.916666666667
"background",25,25,326.694444444444,4.02777777777778,196.555555555556
"background",26,26,347.388888888889,2.86111111111111,139.416666666667
"background",27,27,356.944444444444,11.1666666666667,348.444444444444
"background",28,28,326.611111111111,46.0277777777778,230.638888888889
"background",29,29,339.611111111111,12.7222222222222,258.361111111111
"background",30,30,309.833333333333,211.25,650.777777777778
"background",31,31,276.666666666667,12.8611111111111,693.5
"background",32,32,319.111111111111,177.555555555556,714.305555555556
"background",33,33,315.722222222222,3.30555555555556,215.111111111111
"background",34,34,295.166666666667,126.5,536.222222222222
"background",35,35,302.138888888889,12.75,307.333333333333
"background",36,36,288.666666666667,13.1111111111111,147.527777777778
"background",37,37,335,28.0833333333333,301.611111111111
"background",38,38,352.388888888889,2.63888888888889,521.583333333333
"background",39,39,329.305555555556,3.36111111111111,438.861111111111
"background",40,40,304.055555555556,13.0555555555556,396.277777777778
"background",41,41,325.805555555556,2.80555555555556,159.611111111111
"background",42,42,329.222222222222,31.9444444444444,482.861111111111
"background",43,43,306.888888888889,9.33333333333333,440.111111111111
"background",44,44,349.972222222222,9.22222222222222,81.9722222222222
"background",45,45,290.833333333333,12.9444444444444,300.638888888889
"background",46,46,335.75,1.47222222222222,398.416666666667
"background",47,47,342.611111111111,22.6111111111111,534.138888888889
"background",48,48,305.25,2.11111111111111,258.694444444444
"background",49,49,344.805555555556,1.61111111111111,31.75
"background",50,50,328.416666666667,22.2777777777778,340.388888888889
"background",51,51,315.777777777778,4.41666666666667,193.527777777778
"background",52,52,321.638888888889,29.4444444444444,494.972222222222
"background",53,53,295.416666666667,3.30555555555556,158.583333333333
"background",54,54,328.416666666667,207.305555555556,706.388888888889
"background",55,55,333.027777777778,4.97222222222222,453.972222222222
"background",56,56,268.777777777778,20.5,678
"background",57,57,343.277777777778,8.08333333333333,75.9722222222222
"background",58,58,331.944444444444,30,133.555555555556
"background",59,59,336.527777777778,11.4444444444444,599.138888888889
"background",60,60,343.083333333333,0,170.027777777778
"background",61,61,334.611111111111,19.8333333333333,200.111111111111
"background",62,62,330.5,72.5,286.75
"background",63,63,322.111111111111,8.83333333333333,397.75
"background",64,64,343.888888888889,8.69444444444444,469.444444444444
"background",65,65,326.388888888889,87.9444444444444,314.916666666667
"background",66,66,286.111111111111,9.52777777777778,590.055555555556
"background",67,67,325.888888888889,0.5,281.722222222222
"background",68,68,333.833333333333,7.72222222222222,251.472222222222
"background",69,69,322.833333333333,85.2777777777778,389.166666666667
"background",70,70,335.416666666667,0.5,255.944444444444
"background",71,71,302.472222222222,20.0277777777778,599.166666666667
"background",72,72,324.694444444444,40.9444444444444,174.527777777778
"background",73,73,323,47.7777777777778,218.611111111111
"background",74,74,297.333333333333,6.02777777777778,230.555555555556
"background",75,75,321.166666666667,6.61111111111111,617.666666666667
"background",76,76,318.166666666667,97.6388888888889,650.055555555556
"background",77,77,329.527777777778,0.0833333333333333,240.805555555556
"background",78,78,315.277777777778,8.19444444444444,297.833333333333
"background",79,79,320.888888888889,80.9166666666667,591.25
"background",80,80,272,117.083333333333,455.222222222222
"background",81,81,324.972222222222,28.4444444444444,446.5
"background",82,82,334.416666666667,82.4722222222222,259.555555555556
"background",83,83,281.444444444444,103.277777777778,537.916666666667
"background",84,84,314.666666666667,23.7777777777778,456.5
"background",85,85,356.194444444444,3.80555555555556,627.972222222222
"background",86,86,317,79.4722222222222,651.333333333333
"background",87,87,321.444444444444,5.47222222222222,379.472222222222
"background",88,88,303.083333333333,4.97222222222222,356.277777777778
"background",89,89,288.194444444444,80.6111111111111,361.027777777778
"background",90,90,324.166666666667,62.8055555555556,242.055555555556
"background",91,91,327.888888888889,9.02777777777778,537.722222222222
"background",92,92,354.638888888889,9.36111111111111,75.4166666666667
"background",93,93,320.305555555556,53.9444444444444,245.611111111111
"background",94,94,318.138888888889,24.6388888888889,653
"background",95,95,325.088235294118,2.5,85.2058823529412
"background",96,96,328.111111111111,41.0277777777778,179.305555555556
"background",97,97,333.083333333333,11.8888888888889,488.916666666667
"background",98,98,323.583333333333,50.8888888888889,250.305555555556
"background",99,99,325.592592592593,7.7037037037037,32.1481481481481
"background",100,100,309.5,33.5277777777778,530.138888888889
"background",101,101,327.694444444444,80.2222222222222,290.333333333333
"background",102,102,331.305555555556,2.36111111111111,420.861111111111
"background",103,103,318.444444444444,0.694444444444444,191.305555555556
"background",104,104,309.722222222222,5.55555555555556,171.666666666667
"background",105,105,316.75,11.0555555555556,539.861111111111
"background",106,106,325.194444444444,25.6666666666667,497.111111111111
"background",107,107,317.638888888889,33.9166666666667,155.277777777778
"background",108,108,323.277777777778,26.6666666666667,158.75
"background",109,109,313.666666666667,33.4722222222222,490
"background",110,110,319.916666666667,54,545.722222222222
"background",111,111,318.5,28.2222222222222,650.083333333333
"background",112,112,333.666666666667,4.36111111111111,45.1944444444444
"background",113,113,322.527777777778,20.2777777777778,201.944444444444
"background",114,114,295,4.88888888888889,279.194444444444
"background",115,115,332.527777777778,54.9166666666667,204.972222222222
"background",116,116,313.611111111111,12.0555555555556,429.416666666667
"background",117,117,314.25,89.3611111111111,633
"background",118,118,281.861111111111,81.5833333333333,523.333333333333
"background",119,119,332.222222222222,69.0833333333333,301
"background",120,120,327.222222222222,96.4722222222222,327.083333333333
"background",121,121,316.888888888889,57.8888888888889,581.888888888889
"background",122,122,295.111111111111,17.7222222222222,251.75
"background",123,123,346.611111111111,3.44444444444444,476
"background",124,124,349.555555555556,2.58333333333333,421.027777777778
"background",125,125,347.361111111111,18.5277777777778,488.777777777778
"background",126,126,293.638888888889,33.3888888888889,616.888888888889
"background",127,127,283.666666666667,87.5151515151515,294.090909090909
"background",128,128,317.388888888889,41.5277777777778,555.055555555556
"background",129,129,319.444444444444,1.16666666666667,161.777777777778
"background",130,130,319.861111111111,36.25,142.027777777778
"background",131,131,317.861111111111,13.8611111111111,194.888888888889
"background",132,132,341.805555555556,0,252.722222222222
"background",133,133,316.888888888889,21.0277777777778,398.777777777778
"background",134,134,317.527777777778,41.6111111111111,615.222222222222
"background",135,135,334.416666666667,14.5555555555556,275.138888888889
"background",136,136,316.444444444444,183.638888888889,655.861111111111
"background",137,137,332.333333333333,27.9444444444444,554.583333333333
"background",138,138,288.416666666667,26.7222222222222,611.416666666667
"background",139,139,318.305555555556,5.41666666666667,218.805555555556
"background",140,140,327.583333333333,67.2777777777778,283.333333333333
"background",141,141,341.111111111111,17.1111111111111,470.944444444444
"background",142,142,257.305555555556,53.8055555555556,716.944444444444
"background",143,143,319.944444444444,78.0277777777778,355.361111111111
"background",144,144,342.416666666667,2.19444444444444,93.5555555555556
"background",145,145,329.027777777778,84.8888888888889,270.5
"background",146,146,335.472222222222,55.9722222222222,202.833333333333
"background",147,147,339.916666666667,28.3333333333333,468.722222222222
"background",148,148,322.888888888889,62.4722222222222,393.277777777778
