"species","x","y","bio5","bio14","bio18"
"species",1,1,257.305555555556,53.8055555555556,716.944444444444
"species",2,2,292.277777777778,24.6388888888889,452.944444444444
"species",3,3,257.305555555556,53.8055555555556,716.944444444444
"species",4,4,257.305555555556,53.8055555555556,716.944444444444
"species",5,5,264.151515151515,53.6969696969697,733.757575757576
"species",6,6,278.555555555556,78.3333333333333,370.916666666667
"species",7,7,264.151515151515,53.6969696969697,733.757575757576
"species",8,8,291.222222222222,16.8888888888889,494.055555555556
"species",9,9,312.638888888889,31.9166666666667,380.583333333333
"species",10,10,292.277777777778,24.6388888888889,452.944444444444
"species",11,11,288.416666666667,26.7222222222222,611.416666666667
"species",12,12,312.638888888889,31.9166666666667,380.583333333333
"species",13,13,312.638888888889,31.9166666666667,380.583333333333
"species",14,14,282.361111111111,54.5,580.083333333333
"species",15,15,292.277777777778,24.6388888888889,452.944444444444
"species",16,16,257.305555555556,53.8055555555556,716.944444444444
"species",17,17,335.722222222222,24.9444444444444,491.916666666667
"species",18,18,291.222222222222,16.8888888888889,494.055555555556
"species",19,19,300.730769230769,41.2307692307692,343.346153846154
"species",20,20,293.638888888889,33.3888888888889,616.888888888889
"species",21,21,278.805555555556,14.0277777777778,576.722222222222
"species",22,22,312.638888888889,31.9166666666667,380.583333333333
"species",23,23,312.638888888889,31.9166666666667,380.583333333333
"species",24,24,300.730769230769,41.2307692307692,343.346153846154
"species",25,25,312.638888888889,31.9166666666667,380.583333333333
"species",26,26,310.916666666667,18.0833333333333,534.222222222222
"species",27,27,300.730769230769,41.2307692307692,343.346153846154
"species",28,28,300.730769230769,41.2307692307692,343.346153846154
"species",29,29,300.730769230769,41.2307692307692,343.346153846154
"species",30,30,300.730769230769,41.2307692307692,343.346153846154
"species",31,31,292.277777777778,24.6388888888889,452.944444444444
"species",32,32,312.638888888889,31.9166666666667,380.583333333333
"species",33,33,286.111111111111,9.52777777777778,590.055555555556
"species",34,34,272,83.1944444444444,486.666666666667
"species",35,35,301.888888888889,62.1388888888889,304.611111111111
"species",36,36,312.638888888889,31.9166666666667,380.583333333333
"species",37,37,312.638888888889,31.9166666666667,380.583333333333
"species",38,38,291.222222222222,16.8888888888889,494.055555555556
"species",39,39,278.805555555556,14.0277777777778,576.722222222222
"species",40,40,292.172413793103,66.0689655172414,730.827586206897
"species",41,41,291.222222222222,16.8888888888889,494.055555555556
"species",42,42,282.361111111111,54.5,580.083333333333
"species",43,43,293.638888888889,33.3888888888889,616.888888888889
"species",44,44,300.730769230769,41.2307692307692,343.346153846154
"species",45,45,300.730769230769,41.2307692307692,343.346153846154
"species",46,46,265.194444444444,23.0277777777778,718.166666666667
"species",47,47,292.172413793103,66.0689655172414,730.827586206897
"species",48,48,284.583333333333,19.8055555555556,622.388888888889
"species",49,49,293.638888888889,33.3888888888889,616.888888888889
"species",50,50,257.305555555556,53.8055555555556,716.944444444444
"species",51,51,293.638888888889,33.3888888888889,616.888888888889
"species",52,52,312.638888888889,34.5833333333333,351.277777777778
"species",53,53,312.638888888889,31.9166666666667,380.583333333333
"species",54,54,312.638888888889,31.9166666666667,380.583333333333
"species",55,55,312.638888888889,34.5833333333333,351.277777777778
"species",56,56,312.638888888889,31.9166666666667,380.583333333333
"species",57,57,300.730769230769,41.2307692307692,343.346153846154
"species",58,58,304.083333333333,13.5833333333333,493.027777777778
"species",59,59,292.172413793103,66.0689655172414,730.827586206897
"species",60,60,287.222222222222,78.8611111111111,379.25
"species",61,61,287.666666666667,34.25,497.083333333333
"species",62,62,287.666666666667,34.25,497.083333333333
"species",63,63,287.666666666667,34.25,497.083333333333
"species",64,64,312.638888888889,31.9166666666667,380.583333333333
"species",65,65,312.638888888889,31.9166666666667,380.583333333333
"species",66,66,312.638888888889,31.9166666666667,380.583333333333
"species",67,67,292.277777777778,24.6388888888889,452.944444444444
"species",68,68,300.730769230769,41.2307692307692,343.346153846154
"species",69,69,264.151515151515,53.6969696969697,733.757575757576
"species",70,70,313.333333333333,62.4444444444444,489.555555555556
"species",71,71,289.333333333333,16.1111111111111,314.472222222222
"species",72,72,312.638888888889,31.9166666666667,380.583333333333
"species",73,73,312.638888888889,31.9166666666667,380.583333333333
"species",74,74,264.151515151515,53.6969696969697,733.757575757576
"species",75,75,257.305555555556,53.8055555555556,716.944444444444
"species",76,76,300.730769230769,41.2307692307692,343.346153846154
"species",77,77,292.277777777778,24.6388888888889,452.944444444444
"species",78,78,292.172413793103,66.0689655172414,730.827586206897
"species",79,79,312.638888888889,31.9166666666667,380.583333333333
"species",80,80,300.730769230769,41.2307692307692,343.346153846154
"species",81,81,310.916666666667,18.0833333333333,534.222222222222
"species",82,82,313.333333333333,62.4444444444444,489.555555555556
"species",83,83,286.111111111111,9.52777777777778,590.055555555556
"species",84,84,265.194444444444,23.0277777777778,718.166666666667
"species",85,85,287.666666666667,34.25,497.083333333333
"species",86,86,287.666666666667,34.25,497.083333333333
"species",87,87,292.277777777778,24.6388888888889,452.944444444444
"species",88,88,301.888888888889,62.1388888888889,304.611111111111
"species",89,89,300.730769230769,41.2307692307692,343.346153846154
"species",90,90,292.277777777778,24.6388888888889,452.944444444444
"species",91,91,282.805555555556,36.4444444444444,526.666666666667
"species",92,92,287.222222222222,78.8611111111111,379.25
"species",93,93,292.277777777778,24.6388888888889,452.944444444444
"species",94,94,300.730769230769,41.2307692307692,343.346153846154
"species",95,95,300.730769230769,41.2307692307692,343.346153846154
"species",96,96,292.277777777778,24.6388888888889,452.944444444444
"species",97,97,312.638888888889,31.9166666666667,380.583333333333
"species",98,98,312.638888888889,31.9166666666667,380.583333333333
"species",99,99,276.666666666667,12.8611111111111,693.5
"species",100,100,300.730769230769,41.2307692307692,343.346153846154
"species",101,101,287.666666666667,34.25,497.083333333333
"species",102,102,292.277777777778,24.6388888888889,452.944444444444
"species",103,103,312.638888888889,31.9166666666667,380.583333333333
"species",104,104,257.305555555556,53.8055555555556,716.944444444444
"species",105,105,293.638888888889,33.3888888888889,616.888888888889
"species",106,106,287.666666666667,34.25,497.083333333333
"species",107,107,310.916666666667,18.0833333333333,534.222222222222
"species",108,108,260.666666666667,24.5833333333333,718.055555555556
"species",109,109,293.638888888889,33.3888888888889,616.888888888889
"species",110,110,292.277777777778,24.6388888888889,452.944444444444
"species",111,111,292.172413793103,66.0689655172414,730.827586206897
"species",112,112,312.638888888889,31.9166666666667,380.583333333333
"species",113,113,312.638888888889,31.9166666666667,380.583333333333
"species",114,114,264.151515151515,53.6969696969697,733.757575757576
"species",115,115,265.194444444444,23.0277777777778,718.166666666667
"species",116,116,287.666666666667,34.25,497.083333333333
"species",117,117,264.151515151515,53.6969696969697,733.757575757576
"species",118,118,257.305555555556,53.8055555555556,716.944444444444
"species",119,119,293.638888888889,33.3888888888889,616.888888888889
"species",120,120,287.666666666667,34.25,497.083333333333
"species",121,121,300.730769230769,41.2307692307692,343.346153846154
"species",122,122,300.730769230769,41.2307692307692,343.346153846154
"species",123,123,292.172413793103,66.0689655172414,730.827586206897
"species",124,124,292.277777777778,24.6388888888889,452.944444444444
"species",125,125,292.888888888889,64.3888888888889,306.111111111111
"species",126,126,312.638888888889,31.9166666666667,380.583333333333
"species",127,127,312.638888888889,31.9166666666667,380.583333333333
"species",128,128,265.194444444444,23.0277777777778,718.166666666667
"species",129,129,265.194444444444,23.0277777777778,718.166666666667
"species",130,130,274.583333333333,81.2916666666667,570.375
"species",131,131,278.805555555556,14.0277777777778,576.722222222222
"species",132,132,292.172413793103,66.0689655172414,730.827586206897
"species",133,133,292.888888888889,64.3888888888889,306.111111111111
"species",134,134,300.730769230769,41.2307692307692,343.346153846154
"species",135,135,278.555555555556,78.3333333333333,370.916666666667
"species",136,136,291.222222222222,16.8888888888889,494.055555555556
"species",137,137,292.277777777778,24.6388888888889,452.944444444444
"species",138,138,291.222222222222,16.8888888888889,494.055555555556
"species",139,139,300.730769230769,41.2307692307692,343.346153846154
