"species","x","y","bio5","bio14","bio18"
"background",1,1,293.638888888889,33.3888888888889,616.888888888889
"background",2,2,316.888888888889,21.0277777777778,398.777777777778
"background",3,3,339.222222222222,0.722222222222222,143.305555555556
"background",4,4,312.361111111111,106.944444444444,582.583333333333
"background",5,5,334.444444444444,37.2777777777778,400.583333333333
"background",6,6,319.694444444444,42.4722222222222,517.083333333333
"background",7,7,337.888888888889,4.05555555555556,410.722222222222
"background",8,8,340.888888888889,3.22222222222222,397.833333333333
"background",9,9,305.638888888889,104.027777777778,356.333333333333
"background",10,10,292.138888888889,80.4722222222222,333.444444444444
"background",11,11,322.230769230769,13.6538461538462,101.884615384615
"background",12,12,306.75,21.4722222222222,412.277777777778
"background",13,13,340.555555555556,8.83333333333333,361.722222222222
"background",14,14,320.472222222222,2.61111111111111,63.1944444444444
"background",15,15,321.444444444444,5.47222222222222,379.472222222222
"background",16,16,306.515151515152,61.9090909090909,290.878787878788
"background",17,17,293.833333333333,18.7777777777778,631.305555555556
"background",18,18,351.833333333333,9.25,370
"background",19,19,322.444444444444,66.5833333333333,285.833333333333
"background",20,20,284.944444444444,8.5,562.527777777778
"background",21,21,297.611111111111,21.9722222222222,258.25
"background",22,22,326.583333333333,20.5555555555556,137.694444444444
"background",23,23,258.805555555556,26.8611111111111,683.277777777778
"background",24,24,335,28.0833333333333,301.611111111111
"background",25,25,254.833333333333,117.944444444444,462.166666666667
"background",26,26,297.583333333333,105.222222222222,560.111111111111
"background",27,27,329.861111111111,16.0833333333333,186.555555555556
"background",28,28,332.555555555556,4.69444444444444,70.6111111111111
"background",29,29,314.444444444444,96.7222222222222,623.916666666667
"background",30,30,339.25,25.2777777777778,513.388888888889
"background",31,31,318,13.6388888888889,399.611111111111
"background",32,32,337.972222222222,80.3611111111111,254.222222222222
"background",33,33,284.583333333333,19.8055555555556,622.388888888889
"background",34,34,273.888888888889,61.8055555555556,487.805555555556
"background",35,35,326.472222222222,3.88888888888889,68.5
"background",36,36,340.527777777778,0.583333333333333,227.583333333333
"background",37,37,314.583333333333,4.5,191.583333333333
"background",38,38,332.777777777778,44.5833333333333,156.805555555556
"background",39,39,343.083333333333,0,170.027777777778
"background",40,40,309.5,33.5277777777778,530.138888888889
"background",41,41,303.722222222222,21.3888888888889,570
"background",42,42,312.916666666667,230.055555555556,748.805555555556
"background",43,43,318.611111111111,59,287.638888888889
"background",44,44,342.361111111111,16.0277777777778,553.25
"background",45,45,315.25,103.555555555556,575.138888888889
"background",46,46,346.305555555556,7.36111111111111,249.472222222222
"background",47,47,315.944444444444,56.9166666666667,628.583333333333
"background",48,48,288.666666666667,13.1111111111111,147.527777777778
"background",49,49,328.75,14.3888888888889,434.944444444444
"background",50,50,330,21.3611111111111,324.444444444444
"background",51,51,296.333333333333,7.47222222222222,628.027777777778
"background",52,52,329.027777777778,61.7777777777778,225.638888888889
"background",53,53,323.277777777778,26.6666666666667,158.75
"background",54,54,332,4.16666666666667,418.888888888889
"background",55,55,337.083333333333,0.25,188.805555555556
"background",56,56,314.25,89.3611111111111,633
"background",57,57,312.694444444444,13.5833333333333,436.138888888889
"background",58,58,330.388888888889,31.2777777777778,569.555555555556
"background",59,59,318.305555555556,5.41666666666667,218.805555555556
"background",60,60,315.555555555556,3.38888888888889,67.6944444444444
"background",61,61,297.472222222222,104.388888888889,378.805555555556
"background",62,62,295.416666666667,3.30555555555556,158.583333333333
"background",63,63,257.305555555556,53.8055555555556,716.944444444444
"background",64,64,322.111111111111,8.83333333333333,397.75
"background",65,65,349.388888888889,1.11111111111111,439.722222222222
"background",66,66,335.472222222222,55.9722222222222,202.833333333333
"background",67,67,317.972222222222,25.7777777777778,225.916666666667
"background",68,68,339.833333333333,31.4444444444444,507.388888888889
"background",69,69,324.09375,8.5625,39.90625
"background",70,70,324.777777777778,30.3888888888889,556.694444444444
"background",71,71,355.555555555556,6.13888888888889,340.5
"background",72,72,328.472222222222,17.5,105
"background",73,73,260.388888888889,100.111111111111,492.861111111111
"background",74,74,345.888888888889,20.8611111111111,430.611111111111
"background",75,75,317.638888888889,159.888888888889,576.277777777778
"background",76,76,349.25,4.27777777777778,306
"background",77,77,327.583333333333,67.2777777777778,283.333333333333
"background",78,78,264.151515151515,53.6969696969697,733.757575757576
"background",79,79,344.444444444444,1.75,484.472222222222
"background",80,80,323.833333333333,55.5,247.833333333333
"background",81,81,274.583333333333,81.2916666666667,570.375
"background",82,82,306.722222222222,129.5,411.194444444444
"background",83,83,331.333333333333,6.16666666666667,238.583333333333
"background",84,84,343.222222222222,5.05555555555556,144.25
"background",85,85,297.333333333333,6.02777777777778,230.555555555556
"background",86,86,326.083333333333,55.2222222222222,247.305555555556
"background",87,87,312.916666666667,64.7222222222222,483.972222222222
"background",88,88,322.694444444444,78.5,479.944444444444
"background",89,89,318.777777777778,45.0555555555556,620.361111111111
"background",90,90,329.75,15.3055555555556,465.694444444444
"background",91,91,353.416666666667,6.5,117.555555555556
"background",92,92,297.555555555556,2.75,385.805555555556
"background",93,93,324.555555555556,1.91666666666667,212.472222222222
"background",94,94,304.416666666667,4.91666666666667,339.416666666667
"background",95,95,327.333333333333,81.3055555555556,361.194444444444
"background",96,96,309.5,185.194444444444,657.333333333333
"background",97,97,335.583333333333,0.166666666666667,170.916666666667
"background",98,98,286.111111111111,9.52777777777778,590.055555555556
"background",99,99,315.111111111111,173.416666666667,561.694444444444
"background",100,100,309.527777777778,174.861111111111,586.916666666667
"background",101,101,318.5,127.916666666667,581.833333333333
"background",102,102,332.527777777778,54.9166666666667,204.972222222222
"background",103,103,330.5,72.5,286.75
"background",104,104,339.472222222222,0.361111111111111,147.638888888889
"background",105,105,339.916666666667,1,108.638888888889
"background",106,106,313.666666666667,22.5833333333333,563.555555555556
"background",107,107,344.111111111111,2.47222222222222,173.5
"background",108,108,322.833333333333,85.2777777777778,389.166666666667
"background",109,109,288.944444444444,125.027777777778,470.5
"background",110,110,352.5,4.44444444444444,248.055555555556
"background",111,111,325.305555555556,24.9444444444444,341.861111111111
"background",112,112,326.111111111111,95.5,342.861111111111
"background",113,113,315.777777777778,2.91666666666667,51.5555555555556
"background",114,114,329.583333333333,26.5,162.444444444444
"background",115,115,313.666666666667,33.4722222222222,490
"background",116,116,337,13.9722222222222,350.305555555556
"background",117,117,324.75,37.1111111111111,150.333333333333
"background",118,118,327.055555555556,54.0277777777778,203.027777777778
"background",119,119,342.861111111111,2.13888888888889,154.5
"background",120,120,286.944444444444,30.6111111111111,279.416666666667
"background",121,121,287.666666666667,34.25,497.083333333333
"background",122,122,320.833333333333,29.3333333333333,598.333333333333
"background",123,123,297.888888888889,57.1666666666667,452.055555555556
"background",124,124,327.527777777778,21.9444444444444,468.027777777778
"background",125,125,332.972222222222,48.7222222222222,323.888888888889
"background",126,126,320.222222222222,0.472222222222222,248.166666666667
"background",127,127,284.611111111111,116.555555555556,442.944444444444
"background",128,128,323.777777777778,12.1388888888889,375.527777777778
"background",129,129,266.444444444444,38.5277777777778,568.166666666667
"background",130,130,312.444444444444,112.166666666667,627.583333333333
"background",131,131,351.472222222222,6.63888888888889,110.138888888889
"background",132,132,314.305555555556,12.5833333333333,147.027777777778
"background",133,133,321.916666666667,72.6111111111111,618.083333333333
"background",134,134,326.333333333333,58.25,233.166666666667
"background",135,135,326,35.8055555555556,472.777777777778
"background",136,136,305.111111111111,3.33333333333333,209.166666666667
"background",137,137,312.361111111111,199.083333333333,610.694444444444
"background",138,138,319.833333333333,66.4444444444444,284.444444444444
"background",139,139,310.444444444444,5.33333333333333,220.472222222222
"background",140,140,330.916666666667,23.4444444444444,124.444444444444
"background",141,141,272,83.1944444444444,486.666666666667
"background",142,142,308.361111111111,24.6111111111111,379.111111111111
"background",143,143,295.583333333333,97.5,387.416666666667
"background",144,144,319.916666666667,54,545.722222222222
"background",145,145,330.333333333333,14.6666666666667,351.305555555556
"background",146,146,330.527777777778,45.75,193.388888888889
"background",147,147,314.055555555556,10.4722222222222,366.083333333333
"background",148,148,295.111111111111,17.7222222222222,251.75
