"species","x","y","bio5","bio14","bio18"
"species",1,1,257.305555555556,53.8055555555556,716.944444444444
"species",2,2,300.730769230769,41.2307692307692,343.346153846154
"species",3,3,300.730769230769,41.2307692307692,343.346153846154
"species",4,4,292.277777777778,24.6388888888889,452.944444444444
"species",5,5,264.151515151515,53.6969696969697,733.757575757576
"species",6,6,257.305555555556,53.8055555555556,716.944444444444
"species",7,7,301.888888888889,62.1388888888889,304.611111111111
"species",8,8,312.638888888889,31.9166666666667,380.583333333333
"species",9,9,312.638888888889,31.9166666666667,380.583333333333
"species",10,10,287.222222222222,78.8611111111111,379.25
"species",11,11,300.730769230769,41.2307692307692,343.346153846154
"species",12,12,264.151515151515,53.6969696969697,733.757575757576
"species",13,13,300.730769230769,41.2307692307692,343.346153846154
"species",14,14,287.666666666667,34.25,497.083333333333
"species",15,15,300.730769230769,41.2307692307692,343.346153846154
"species",16,16,282.361111111111,54.5,580.083333333333
"species",17,17,264.151515151515,53.6969696969697,733.757575757576
"species",18,18,291.222222222222,16.8888888888889,494.055555555556
"species",19,19,300.730769230769,41.2307692307692,343.346153846154
"species",20,20,312.638888888889,31.9166666666667,380.583333333333
"species",21,21,282.361111111111,54.5,580.083333333333
"species",22,22,300.730769230769,41.2307692307692,343.346153846154
"species",23,23,300.730769230769,41.2307692307692,343.346153846154
"species",24,24,265.194444444444,23.0277777777778,718.166666666667
"species",25,25,293.638888888889,33.3888888888889,616.888888888889
"species",26,26,312.638888888889,31.9166666666667,380.583333333333
"species",27,27,278.805555555556,14.0277777777778,576.722222222222
"species",28,28,300.730769230769,41.2307692307692,343.346153846154
"species",29,29,287.666666666667,34.25,497.083333333333
"species",30,30,286.111111111111,9.52777777777778,590.055555555556
"species",31,31,300.730769230769,41.2307692307692,343.346153846154
"species",32,32,291.222222222222,16.8888888888889,494.055555555556
"species",33,33,291.222222222222,16.8888888888889,494.055555555556
"species",34,34,257.305555555556,53.8055555555556,716.944444444444
"species",35,35,265.194444444444,23.0277777777778,718.166666666667
"species",36,36,292.888888888889,64.3888888888889,306.111111111111
"species",37,37,265.194444444444,23.0277777777778,718.166666666667
"species",38,38,300.730769230769,41.2307692307692,343.346153846154
"species",39,39,312.638888888889,31.9166666666667,380.583333333333
"species",40,40,264.151515151515,53.6969696969697,733.757575757576
"species",41,41,293.638888888889,33.3888888888889,616.888888888889
"species",42,42,282.305555555556,11.5277777777778,629.5
"species",43,43,312.638888888889,31.9166666666667,380.583333333333
"species",44,44,287.666666666667,34.25,497.083333333333
"species",45,45,257.305555555556,53.8055555555556,716.944444444444
"species",46,46,265.194444444444,23.0277777777778,718.166666666667
"species",47,47,312.638888888889,34.5833333333333,351.277777777778
"species",48,48,312.638888888889,31.9166666666667,380.583333333333
"species",49,49,287.222222222222,78.8611111111111,379.25
"species",50,50,287.666666666667,34.25,497.083333333333
"species",51,51,288.416666666667,26.7222222222222,611.416666666667
"species",52,52,311.928571428571,49.75,241.071428571429
"species",53,53,292.172413793103,66.0689655172414,730.827586206897
"species",54,54,289.333333333333,16.1111111111111,314.472222222222
"species",55,55,293.638888888889,33.3888888888889,616.888888888889
"species",56,56,291.222222222222,16.8888888888889,494.055555555556
"species",57,57,292.277777777778,24.6388888888889,452.944444444444
"species",58,58,312.638888888889,34.5833333333333,351.277777777778
"species",59,59,312.638888888889,31.9166666666667,380.583333333333
"species",60,60,310.916666666667,18.0833333333333,534.222222222222
"species",61,61,300.730769230769,41.2307692307692,343.346153846154
"species",62,62,300.730769230769,41.2307692307692,343.346153846154
"species",63,63,272,83.1944444444444,486.666666666667
"species",64,64,265.194444444444,23.0277777777778,718.166666666667
"species",65,65,287.666666666667,34.25,497.083333333333
"species",66,66,312.638888888889,31.9166666666667,380.583333333333
"species",67,67,293.638888888889,33.3888888888889,616.888888888889
"species",68,68,286.111111111111,9.52777777777778,590.055555555556
"species",69,69,287.666666666667,34.25,497.083333333333
"species",70,70,260.666666666667,24.5833333333333,718.055555555556
"species",71,71,276.666666666667,12.8611111111111,693.5
"species",72,72,300.730769230769,41.2307692307692,343.346153846154
"species",73,73,292.277777777778,24.6388888888889,452.944444444444
"species",74,74,292.277777777778,24.6388888888889,452.944444444444
"species",75,75,312.638888888889,31.9166666666667,380.583333333333
"species",76,76,284.583333333333,19.8055555555556,622.388888888889
"species",77,77,312.638888888889,31.9166666666667,380.583333333333
"species",78,78,300.730769230769,41.2307692307692,343.346153846154
"species",79,79,312.638888888889,31.9166666666667,380.583333333333
"species",80,80,293.638888888889,33.3888888888889,616.888888888889
"species",81,81,301.888888888889,62.1388888888889,304.611111111111
"species",82,82,300.730769230769,41.2307692307692,343.346153846154
"species",83,83,282.361111111111,54.5,580.083333333333
"species",84,84,300.730769230769,41.2307692307692,343.346153846154
"species",85,85,265.194444444444,23.0277777777778,718.166666666667
"species",86,86,312.638888888889,31.9166666666667,380.583333333333
"species",87,87,304.083333333333,13.5833333333333,493.027777777778
"species",88,88,312.638888888889,34.5833333333333,351.277777777778
"species",89,89,310.916666666667,18.0833333333333,534.222222222222
"species",90,90,278.555555555556,78.3333333333333,370.916666666667
"species",91,91,312.638888888889,31.9166666666667,380.583333333333
"species",92,92,257.305555555556,53.8055555555556,716.944444444444
"species",93,93,292.277777777778,24.6388888888889,452.944444444444
"species",94,94,293.638888888889,33.3888888888889,616.888888888889
"species",95,95,291.222222222222,16.8888888888889,494.055555555556
"species",96,96,312.638888888889,31.9166666666667,380.583333333333
"species",97,97,312.638888888889,31.9166666666667,380.583333333333
"species",98,98,312.638888888889,31.9166666666667,380.583333333333
"species",99,99,264.151515151515,53.6969696969697,733.757575757576
"species",100,100,293.638888888889,33.3888888888889,616.888888888889
"species",101,101,300.730769230769,41.2307692307692,343.346153846154
"species",102,102,312.638888888889,31.9166666666667,380.583333333333
"species",103,103,257.305555555556,53.8055555555556,716.944444444444
"species",104,104,292.277777777778,24.6388888888889,452.944444444444
"species",105,105,300.730769230769,41.2307692307692,343.346153846154
"species",106,106,300.730769230769,41.2307692307692,343.346153846154
"species",107,107,265.194444444444,23.0277777777778,718.166666666667
"species",108,108,292.277777777778,24.6388888888889,452.944444444444
"species",109,109,264.151515151515,53.6969696969697,733.757575757576
"species",110,110,312.638888888889,31.9166666666667,380.583333333333
"species",111,111,312.638888888889,31.9166666666667,380.583333333333
"species",112,112,300.730769230769,41.2307692307692,343.346153846154
"species",113,113,287.666666666667,34.25,497.083333333333
"species",114,114,312.638888888889,31.9166666666667,380.583333333333
"species",115,115,293.638888888889,33.3888888888889,616.888888888889
"species",116,116,292.277777777778,24.6388888888889,452.944444444444
"species",117,117,272,83.1944444444444,486.666666666667
"species",118,118,335.722222222222,24.9444444444444,491.916666666667
"species",119,119,257.305555555556,53.8055555555556,716.944444444444
"species",120,120,291.222222222222,16.8888888888889,494.055555555556
"species",121,121,312.638888888889,31.9166666666667,380.583333333333
"species",122,122,292.277777777778,24.6388888888889,452.944444444444
"species",123,123,257.305555555556,53.8055555555556,716.944444444444
"species",124,124,312.638888888889,31.9166666666667,380.583333333333
"species",125,125,300.730769230769,41.2307692307692,343.346153846154
"species",126,126,292.277777777778,24.6388888888889,452.944444444444
"species",127,127,280.638888888889,23.4444444444444,601.305555555556
"species",128,128,257.305555555556,53.8055555555556,716.944444444444
"species",129,129,287.666666666667,34.25,497.083333333333
"species",130,130,274.583333333333,81.2916666666667,570.375
"species",131,131,257.305555555556,53.8055555555556,716.944444444444
"species",132,132,278.805555555556,14.0277777777778,576.722222222222
"species",133,133,292.277777777778,24.6388888888889,452.944444444444
"species",134,134,308.361111111111,24.6111111111111,379.111111111111
"species",135,135,257.305555555556,53.8055555555556,716.944444444444
"species",136,136,287.666666666667,34.25,497.083333333333
"species",137,137,308.361111111111,24.6111111111111,379.111111111111
"species",138,138,292.172413793103,66.0689655172414,730.827586206897
"species",139,139,264.151515151515,53.6969696969697,733.757575757576
"species",140,140,282.361111111111,54.5,580.083333333333
