"species","x","y","bio5","bio14","bio18"
"background",1,1,327.342857142857,18.6571428571429,104.828571428571
"background",2,2,335.722222222222,24.9444444444444,491.916666666667
"background",3,3,282.722222222222,132.888888888889,558.611111111111
"background",4,4,272,83.1944444444444,486.666666666667
"background",5,5,309.5,185.194444444444,657.333333333333
"background",6,6,290.138888888889,6.33333333333333,231.5
"background",7,7,318,13.6388888888889,399.611111111111
"background",8,8,306.444444444444,34.5277777777778,197.138888888889
"background",9,9,344.222222222222,18.3055555555556,505.222222222222
"background",10,10,317.972222222222,54.9722222222222,583.25
"background",11,11,336.944444444444,7.58333333333333,469.611111111111
"background",12,12,343.888888888889,8.69444444444444,469.444444444444
"background",13,13,329.527777777778,0.0833333333333333,240.805555555556
"background",14,14,338.638888888889,2.19444444444444,80.4722222222222
"background",15,15,333.083333333333,11.8888888888889,488.916666666667
"background",16,16,329.861111111111,16.0833333333333,186.555555555556
"background",17,17,304.333333333333,5.41666666666667,567.194444444444
"background",18,18,344.416666666667,1.5,175.861111111111
"background",19,19,254.833333333333,117.944444444444,462.166666666667
"background",20,20,328.583333333333,33.6388888888889,130.138888888889
"background",21,21,322.111111111111,8.83333333333333,397.75
"background",22,22,350.527777777778,2.5,289.75
"background",23,23,323.833333333333,61.6944444444444,235.055555555556
"background",24,24,326.333333333333,64.75,266.5
"background",25,25,317.638888888889,59.8888888888889,523.444444444444
"background",26,26,318.444444444444,0.694444444444444,191.305555555556
"background",27,27,322.611111111111,60.6944444444444,284.166666666667
"background",28,28,319.111111111111,177.555555555556,714.305555555556
"background",29,29,318.583333333333,19.4722222222222,214.583333333333
"background",30,30,260.666666666667,24.5833333333333,718.055555555556
"background",31,31,328.75,14.3888888888889,434.944444444444
"background",32,32,324.694444444444,40.9444444444444,174.527777777778
"background",33,33,291.222222222222,16.8888888888889,494.055555555556
"background",34,34,317.5,62.8611111111111,571.555555555556
"background",35,35,326.111111111111,95.5,342.861111111111
"background",36,36,325.861111111111,22.8055555555556,107.472222222222
"background",37,37,327.027777777778,79.1944444444444,267.111111111111
"background",38,38,303.5,11,664.527777777778
"background",39,39,336.75,2.44444444444444,158.083333333333
"background",40,40,312.333333333333,2.52777777777778,311.25
"background",41,41,343.222222222222,5.05555555555556,144.25
"background",42,42,339.222222222222,0.722222222222222,143.305555555556
"background",43,43,341.444444444444,4.05555555555556,369.861111111111
"background",44,44,344.055555555556,17.4166666666667,383.75
"background",45,45,326.611111111111,46.0277777777778,230.638888888889
"background",46,46,305.305555555556,212.194444444444,710.5
"background",47,47,349.861111111111,12.8333333333333,351.583333333333
"background",48,48,326.333333333333,58.25,233.166666666667
"background",49,49,337.527777777778,2.13888888888889,76.0833333333333
"background",50,50,346.111111111111,3.38888888888889,216.111111111111
"background",51,51,328.694444444444,45.5555555555556,225.166666666667
"background",52,52,305.638888888889,104.027777777778,356.333333333333
"background",53,53,315.833333333333,91.3055555555556,480.444444444444
"background",54,54,327.583333333333,67.2777777777778,283.333333333333
"background",55,55,330.527777777778,45.75,193.388888888889
"background",56,56,325.777777777778,109.416666666667,397.944444444444
"background",57,57,291.361111111111,57.7222222222222,493.916666666667
"background",58,58,319.638888888889,23.3888888888889,655.805555555556
"background",59,59,304.666666666667,13.2777777777778,642.222222222222
"background",60,60,328.833333333333,5.11111111111111,445.222222222222
"background",61,61,334.611111111111,4.97222222222222,369.444444444444
"background",62,62,343.083333333333,0,170.027777777778
"background",63,63,332.277777777778,15.5555555555556,575.638888888889
"background",64,64,305.25,35.1666666666667,292.361111111111
"background",65,65,349.777777777778,5.13888888888889,549.166666666667
"background",66,66,273.388888888889,20.0277777777778,241.75
"background",67,67,349.388888888889,1.11111111111111,439.722222222222
"background",68,68,318.166666666667,97.6388888888889,650.055555555556
"background",69,69,313.611111111111,12.0555555555556,429.416666666667
"background",70,70,328.111111111111,41.0277777777778,179.305555555556
"background",71,71,324.138888888889,38.4166666666667,155.138888888889
"background",72,72,286.888888888889,14.5277777777778,613.583333333333
"background",73,73,312.583333333333,79.6944444444444,384.75
"background",74,74,341.805555555556,0,252.722222222222
"background",75,75,325.805555555556,2.80555555555556,159.611111111111
"background",76,76,318.138888888889,24.6388888888889,653
"background",77,77,347.305555555556,12.75,345.222222222222
"background",78,78,329.777777777778,43.75,369.222222222222
"background",79,79,318.611111111111,59,287.638888888889
"background",80,80,319.861111111111,36.25,142.027777777778
"background",81,81,313.333333333333,62.4444444444444,489.555555555556
"background",82,82,340.666666666667,8.36111111111111,90.5
"background",83,83,335.027777777778,9.94444444444444,464.444444444444
"background",84,84,324.75,44.7777777777778,200.972222222222
"background",85,85,348.194444444444,1.61111111111111,409.916666666667
"background",86,86,310.805555555556,57.6111111111111,439.138888888889
"background",87,87,323.611111111111,118.388888888889,383.777777777778
"background",88,88,286.944444444444,30.6111111111111,279.416666666667
"background",89,89,276.666666666667,12.8611111111111,693.5
"background",90,90,333.388888888889,2.11111111111111,195.75
"background",91,91,292.277777777778,24.6388888888889,452.944444444444
"background",92,92,265.833333333333,93.0833333333333,505.166666666667
"background",93,93,320.027777777778,36.5,584.194444444444
"background",94,94,306.75,21.4722222222222,412.277777777778
"background",95,95,327.055555555556,54.0277777777778,203.027777777778
"background",96,96,328.638888888889,86.8055555555556,321.25
"background",97,97,297.611111111111,21.9722222222222,258.25
"background",98,98,349.888888888889,5.61111111111111,283.333333333333
"background",99,99,334.888888888889,16.3611111111111,304.25
"background",100,100,331.944444444444,12.6111111111111,398.5
"background",101,101,318.305555555556,5.41666666666667,218.805555555556
"background",102,102,318.666666666667,7.52777777777778,469.722222222222
"background",103,103,329.694444444444,51.3055555555556,201.833333333333
"background",104,104,329.027777777778,6.22222222222222,418.166666666667
"background",105,105,322.888888888889,62.4722222222222,393.277777777778
"background",106,106,336.361111111111,43.3333333333333,458.5
"background",107,107,320.305555555556,53.9444444444444,245.611111111111
"background",108,108,288.666666666667,13.1111111111111,147.527777777778
"background",109,109,336.888888888889,13.3611111111111,57.5
"background",110,110,325.694444444444,75.3611111111111,347.611111111111
"background",111,111,333.333333333333,24.8888888888889,371.694444444444
"background",112,112,356.583333333333,4.63888888888889,581.222222222222
"background",113,113,311.25,40,474.083333333333
"background",114,114,330.222222222222,26.1111111111111,309.083333333333
"background",115,115,339.916666666667,28.3333333333333,468.722222222222
"background",116,116,304.055555555556,13.0555555555556,396.277777777778
"background",117,117,320.027777777778,7.38888888888889,374.5
"background",118,118,303.805555555556,4.97222222222222,222.444444444444
"background",119,119,320.861111111111,5.83333333333333,113.972222222222
"background",120,120,317.638888888889,159.888888888889,576.277777777778
"background",121,121,330.5,1.52777777777778,89.0833333333333
"background",122,122,356.5,4.55555555555556,548.194444444444
"background",123,123,329.416666666667,9.58333333333333,262.916666666667
"background",124,124,316.194444444444,36.3055555555556,493.388888888889
"background",125,125,315.888888888889,70.5833333333333,621.388888888889
"background",126,126,314.583333333333,27.5,134.638888888889
"background",127,127,323.305555555556,120.944444444444,406.638888888889
"background",128,128,313.666666666667,33.4722222222222,490
"background",129,129,317,1.44444444444444,197.75
"background",130,130,317.805555555556,8.22222222222222,354.944444444444
"background",131,131,315.944444444444,56.9166666666667,628.583333333333
"background",132,132,317.944444444444,105.305555555556,585.444444444444
"background",133,133,270.444444444444,78.5,473.694444444444
"background",134,134,308.388888888889,217.527777777778,738.444444444444
"background",135,135,304.972222222222,73.8055555555556,288.111111111111
"background",136,136,339.833333333333,31.4444444444444,507.388888888889
"background",137,137,314.416666666667,109.111111111111,400.777777777778
"background",138,138,332.416666666667,6.97222222222222,325.027777777778
"background",139,139,330.916666666667,23.4444444444444,124.444444444444
"background",140,140,326.361111111111,18.1111111111111,379.388888888889
"background",141,141,262.833333333333,122.444444444444,460.111111111111
"background",142,142,326.888888888889,52.9722222222222,537.777777777778
"background",143,143,318.333333333333,58.8611111111111,374.666666666667
"background",144,144,312.694444444444,13.5833333333333,436.138888888889
"background",145,145,332.416666666667,5.05555555555556,227.222222222222
"background",146,146,340.666666666667,53.9166666666667,194.277777777778
"background",147,147,319.944444444444,78.0277777777778,355.361111111111
"background",148,148,301.257142857143,66.0285714285714,276.342857142857
