"species","x","y","bio5","bio14","bio18"
"species",1,1,293.638888888889,33.3888888888889,616.888888888889
"species",2,2,292.277777777778,24.6388888888889,452.944444444444
"species",3,3,312.638888888889,31.9166666666667,380.583333333333
"species",4,4,257.305555555556,53.8055555555556,716.944444444444
"species",5,5,287.666666666667,34.25,497.083333333333
"species",6,6,300.730769230769,41.2307692307692,343.346153846154
"species",7,7,274.583333333333,81.2916666666667,570.375
"species",8,8,300.730769230769,41.2307692307692,343.346153846154
"species",9,9,293.638888888889,33.3888888888889,616.888888888889
"species",10,10,312.638888888889,31.9166666666667,380.583333333333
"species",11,11,257.305555555556,53.8055555555556,716.944444444444
"species",12,12,312.638888888889,31.9166666666667,380.583333333333
"species",13,13,300.730769230769,41.2307692307692,343.346153846154
"species",14,14,292.277777777778,24.6388888888889,452.944444444444
"species",15,15,292.172413793103,66.0689655172414,730.827586206897
"species",16,16,292.277777777778,24.6388888888889,452.944444444444
"species",17,17,272,83.1944444444444,486.666666666667
"species",18,18,301.888888888889,62.1388888888889,304.611111111111
"species",19,19,292.277777777778,24.6388888888889,452.944444444444
"species",20,20,282.361111111111,54.5,580.083333333333
"species",21,21,312.638888888889,31.9166666666667,380.583333333333
"species",22,22,278.805555555556,14.0277777777778,576.722222222222
"species",23,23,264.151515151515,53.6969696969697,733.757575757576
"species",24,24,292.277777777778,24.6388888888889,452.944444444444
"species",25,25,312.638888888889,31.9166666666667,380.583333333333
"species",26,26,257.305555555556,53.8055555555556,716.944444444444
"species",27,27,293.638888888889,33.3888888888889,616.888888888889
"species",28,28,286.111111111111,9.52777777777778,590.055555555556
"species",29,29,291.222222222222,16.8888888888889,494.055555555556
"species",30,30,265.194444444444,23.0277777777778,718.166666666667
"species",31,31,257.305555555556,53.8055555555556,716.944444444444
"species",32,32,257.305555555556,53.8055555555556,716.944444444444
"species",33,33,312.638888888889,31.9166666666667,380.583333333333
"species",34,34,287.666666666667,34.25,497.083333333333
"species",35,35,287.666666666667,34.25,497.083333333333
"species",36,36,282.805555555556,36.4444444444444,526.666666666667
"species",37,37,292.277777777778,24.6388888888889,452.944444444444
"species",38,38,292.172413793103,66.0689655172414,730.827586206897
"species",39,39,292.277777777778,24.6388888888889,452.944444444444
"species",40,40,264.151515151515,53.6969696969697,733.757575757576
"species",41,41,300.730769230769,41.2307692307692,343.346153846154
"species",42,42,300.730769230769,41.2307692307692,343.346153846154
"species",43,43,293.638888888889,33.3888888888889,616.888888888889
"species",44,44,293.638888888889,33.3888888888889,616.888888888889
"species",45,45,312.638888888889,31.9166666666667,380.583333333333
"species",46,46,274.583333333333,81.2916666666667,570.375
"species",47,47,300.730769230769,41.2307692307692,343.346153846154
"species",48,48,300.730769230769,41.2307692307692,343.346153846154
"species",49,49,264.151515151515,53.6969696969697,733.757575757576
"species",50,50,278.805555555556,14.0277777777778,576.722222222222
"species",51,51,312.638888888889,31.9166666666667,380.583333333333
"species",52,52,257.305555555556,53.8055555555556,716.944444444444
"species",53,53,300.730769230769,41.2307692307692,343.346153846154
"species",54,54,278.805555555556,14.0277777777778,576.722222222222
"species",55,55,272,83.1944444444444,486.666666666667
"species",56,56,300.730769230769,41.2307692307692,343.346153846154
"species",57,57,313.333333333333,62.4444444444444,489.555555555556
"species",58,58,293.638888888889,33.3888888888889,616.888888888889
"species",59,59,265.194444444444,23.0277777777778,718.166666666667
"species",60,60,300.730769230769,41.2307692307692,343.346153846154
"species",61,61,312.638888888889,31.9166666666667,380.583333333333
"species",62,62,312.638888888889,31.9166666666667,380.583333333333
"species",63,63,310.916666666667,18.0833333333333,534.222222222222
"species",64,64,292.277777777778,24.6388888888889,452.944444444444
"species",65,65,293.638888888889,33.3888888888889,616.888888888889
"species",66,66,300.730769230769,41.2307692307692,343.346153846154
"species",67,67,312.638888888889,31.9166666666667,380.583333333333
"species",68,68,291.222222222222,16.8888888888889,494.055555555556
"species",69,69,292.172413793103,66.0689655172414,730.827586206897
"species",70,70,264.151515151515,53.6969696969697,733.757575757576
"species",71,71,289.333333333333,16.1111111111111,314.472222222222
"species",72,72,300.730769230769,41.2307692307692,343.346153846154
"species",73,73,287.666666666667,34.25,497.083333333333
"species",74,74,292.277777777778,24.6388888888889,452.944444444444
"species",75,75,293.638888888889,33.3888888888889,616.888888888889
"species",76,76,291.222222222222,16.8888888888889,494.055555555556
"species",77,77,292.888888888889,64.3888888888889,306.111111111111
"species",78,78,300.730769230769,41.2307692307692,343.346153846154
"species",79,79,300.730769230769,41.2307692307692,343.346153846154
"species",80,80,312.638888888889,31.9166666666667,380.583333333333
"species",81,81,287.666666666667,34.25,497.083333333333
"species",82,82,300.730769230769,41.2307692307692,343.346153846154
"species",83,83,291.222222222222,16.8888888888889,494.055555555556
"species",84,84,312.638888888889,31.9166666666667,380.583333333333
"species",85,85,300.730769230769,41.2307692307692,343.346153846154
"species",86,86,278.555555555556,78.3333333333333,370.916666666667
"species",87,87,265.194444444444,23.0277777777778,718.166666666667
"species",88,88,292.277777777778,24.6388888888889,452.944444444444
"species",89,89,300.730769230769,41.2307692307692,343.346153846154
"species",90,90,312.638888888889,31.9166666666667,380.583333333333
"species",91,91,310.916666666667,18.0833333333333,534.222222222222
"species",92,92,312.638888888889,31.9166666666667,380.583333333333
"species",93,93,312.638888888889,31.9166666666667,380.583333333333
"species",94,94,265.194444444444,23.0277777777778,718.166666666667
"species",95,95,312.638888888889,31.9166666666667,380.583333333333
"species",96,96,278.555555555556,78.3333333333333,370.916666666667
"species",97,97,312.638888888889,31.9166666666667,380.583333333333
"species",98,98,265.194444444444,23.0277777777778,718.166666666667
"species",99,99,312.638888888889,31.9166666666667,380.583333333333
"species",100,100,312.638888888889,31.9166666666667,380.583333333333
"species",101,101,260.666666666667,24.5833333333333,718.055555555556
"species",102,102,335.722222222222,24.9444444444444,491.916666666667
"species",103,103,293.638888888889,33.3888888888889,616.888888888889
"species",104,104,257.305555555556,53.8055555555556,716.944444444444
"species",105,105,287.222222222222,78.8611111111111,379.25
"species",106,106,292.172413793103,66.0689655172414,730.827586206897
"species",107,107,292.172413793103,66.0689655172414,730.827586206897
"species",108,108,292.277777777778,24.6388888888889,452.944444444444
"species",109,109,282.361111111111,54.5,580.083333333333
"species",110,110,276.666666666667,12.8611111111111,693.5
"species",111,111,257.305555555556,53.8055555555556,716.944444444444
"species",112,112,291.222222222222,16.8888888888889,494.055555555556
"species",113,113,257.305555555556,53.8055555555556,716.944444444444
"species",114,114,264.151515151515,53.6969696969697,733.757575757576
"species",115,115,312.638888888889,31.9166666666667,380.583333333333
"species",116,116,301.888888888889,62.1388888888889,304.611111111111
"species",117,117,300.730769230769,41.2307692307692,343.346153846154
"species",118,118,292.172413793103,66.0689655172414,730.827586206897
"species",119,119,304.083333333333,13.5833333333333,493.027777777778
"species",120,120,312.638888888889,31.9166666666667,380.583333333333
"species",121,121,312.638888888889,31.9166666666667,380.583333333333
"species",122,122,287.666666666667,34.25,497.083333333333
"species",123,123,312.638888888889,34.5833333333333,351.277777777778
"species",124,124,312.638888888889,34.5833333333333,351.277777777778
"species",125,125,287.666666666667,34.25,497.083333333333
"species",126,126,300.730769230769,41.2307692307692,343.346153846154
"species",127,127,257.305555555556,53.8055555555556,716.944444444444
"species",128,128,286.111111111111,9.52777777777778,590.055555555556
"species",129,129,264.151515151515,53.6969696969697,733.757575757576
"species",130,130,300.730769230769,41.2307692307692,343.346153846154
"species",131,131,264.151515151515,53.6969696969697,733.757575757576
"species",132,132,264.151515151515,53.6969696969697,733.757575757576
"species",133,133,300.730769230769,41.2307692307692,343.346153846154
"species",134,134,312.638888888889,34.5833333333333,351.277777777778
"species",135,135,257.305555555556,53.8055555555556,716.944444444444
"species",136,136,293.638888888889,33.3888888888889,616.888888888889
