"species","x","y","bio5","bio14","bio18"
"background",1,1,330.5,72.5,286.75
"background",2,2,309.722222222222,5.55555555555556,171.666666666667
"background",3,3,320.555555555556,27.25,121.722222222222
"background",4,4,350.722222222222,0.888888888888889,131.944444444444
"background",5,5,328.416666666667,207.305555555556,706.388888888889
"background",6,6,340.888888888889,3.22222222222222,397.833333333333
"background",7,7,322.527777777778,20.2777777777778,201.944444444444
"background",8,8,333.027777777778,4.97222222222222,453.972222222222
"background",9,9,332.527777777778,54.9166666666667,204.972222222222
"background",10,10,311.416666666667,162.166666666667,591.25
"background",11,11,288.194444444444,80.6111111111111,361.027777777778
"background",12,12,305.25,2.11111111111111,258.694444444444
"background",13,13,321.166666666667,6.61111111111111,617.666666666667
"background",14,14,344.222222222222,18.3055555555556,505.222222222222
"background",15,15,337.888888888889,4.05555555555556,410.722222222222
"background",16,16,347.388888888889,2.86111111111111,139.416666666667
"background",17,17,308.305555555556,15.0277777777778,436.833333333333
"background",18,18,324.305555555556,15.0555555555556,376.694444444444
"background",19,19,288.666666666667,13.1111111111111,147.527777777778
"background",20,20,315.722222222222,3.30555555555556,215.111111111111
"background",21,21,315.277777777778,8.19444444444444,297.833333333333
"background",22,22,315.166666666667,99.5833333333333,658.388888888889
"background",23,23,329.027777777778,84.8888888888889,270.5
"background",24,24,329.638888888889,19.7222222222222,142.222222222222
"background",25,25,343.888888888889,8.69444444444444,469.444444444444
"background",26,26,324.972222222222,28.4444444444444,446.5
"background",27,27,313.666666666667,33.4722222222222,490
"background",28,28,316.305555555556,26.5833333333333,489.166666666667
"background",29,29,316.75,11.0555555555556,539.861111111111
"background",30,30,328.916666666667,16.5,129.472222222222
"background",31,31,325.088235294118,2.5,85.2058823529412
"background",32,32,313.333333333333,62.4444444444444,489.555555555556
"background",33,33,283.972222222222,20.4166666666667,643.305555555556
"background",34,34,307,6.52777777777778,467.361111111111
"background",35,35,346.611111111111,3.44444444444444,476
"background",36,36,284.611111111111,116.555555555556,442.944444444444
"background",37,37,352.388888888889,2.63888888888889,521.583333333333
"background",38,38,334.416666666667,14.5555555555556,275.138888888889
"background",39,39,322.777777777778,138.222222222222,517.805555555556
"background",40,40,335.027777777778,43.3055555555556,309.027777777778
"background",41,41,318.166666666667,97.6388888888889,650.055555555556
"background",42,42,341.111111111111,17.1111111111111,470.944444444444
"background",43,43,329.861111111111,16.0833333333333,186.555555555556
"background",44,44,332,4.16666666666667,418.888888888889
"background",45,45,333.666666666667,4.36111111111111,45.1944444444444
"background",46,46,318.444444444444,0.694444444444444,191.305555555556
"background",47,47,303.5,11,664.527777777778
"background",48,48,315.777777777778,4.41666666666667,193.527777777778
"background",49,49,284.944444444444,8.5,562.527777777778
"background",50,50,349.777777777778,5.13888888888889,549.166666666667
"background",51,51,326.694444444444,4.02777777777778,196.555555555556
"background",52,52,325.194444444444,25.6666666666667,497.111111111111
"background",53,53,326.361111111111,18.1111111111111,379.388888888889
"background",54,54,325.583333333333,91.4166666666667,366.194444444444
"background",55,55,302.472222222222,20.0277777777778,599.166666666667
"background",56,56,312.694444444444,29.5555555555556,169.805555555556
"background",57,57,319.916666666667,54,545.722222222222
"background",58,58,328.444444444444,3.08333333333333,130.666666666667
"background",59,59,295.111111111111,17.7222222222222,251.75
"background",60,60,290.833333333333,12.9444444444444,300.638888888889
"background",61,61,336.722222222222,26.2222222222222,552.888888888889
"background",62,62,319.944444444444,78.0277777777778,355.361111111111
"background",63,63,293.638888888889,33.3888888888889,616.888888888889
"background",64,64,332.222222222222,69.0833333333333,301
"background",65,65,306.515151515152,61.9090909090909,290.878787878788
"background",66,66,272,117.083333333333,455.222222222222
"background",67,67,292.888888888889,8.77777777777778,407.027777777778
"background",68,68,321.055555555556,1.47222222222222,162.527777777778
"background",69,69,288.416666666667,26.7222222222222,611.416666666667
"background",70,70,309.972222222222,156.638888888889,620.027777777778
"background",71,71,356.194444444444,3.80555555555556,627.972222222222
"background",72,72,335.416666666667,0.5,255.944444444444
"background",73,73,336.5,3.58333333333333,65.4722222222222
"background",74,74,332.333333333333,27.9444444444444,554.583333333333
"background",75,75,354.638888888889,9.36111111111111,75.4166666666667
"background",76,76,322.611111111111,60.6944444444444,284.166666666667
"background",77,77,281.444444444444,103.277777777778,537.916666666667
"background",78,78,314.5,5.38888888888889,183.444444444444
"background",79,79,331.944444444444,30,133.555555555556
"background",80,80,323,47.7777777777778,218.611111111111
"background",81,81,320.305555555556,53.9444444444444,245.611111111111
"background",82,82,333.833333333333,7.72222222222222,251.472222222222
"background",83,83,356.944444444444,11.1666666666667,348.444444444444
"background",84,84,337.527777777778,0.0277777777777778,275.944444444444
"background",85,85,335,28.0833333333333,301.611111111111
"background",86,86,321.444444444444,5.47222222222222,379.472222222222
"background",87,87,281.861111111111,81.5833333333333,523.333333333333
"background",88,88,322.888888888889,62.4722222222222,393.277777777778
"background",89,89,306.888888888889,9.33333333333333,440.111111111111
"background",90,90,305.305555555556,212.194444444444,710.5
"background",91,91,344.305555555556,0.277777777777778,147.833333333333
"background",92,92,319.444444444444,1.16666666666667,161.777777777778
"background",93,93,284.583333333333,19.8055555555556,622.388888888889
"background",94,94,342.416666666667,2.19444444444444,93.5555555555556
"background",95,95,327.583333333333,67.2777777777778,283.333333333333
"background",96,96,321.916666666667,46.6944444444444,232.416666666667
"background",97,97,324.388888888889,89.7777777777778,356.972222222222
"background",98,98,329.305555555556,3.36111111111111,438.861111111111
"background",99,99,333.083333333333,11.8888888888889,488.916666666667
"background",100,100,329.222222222222,31.9444444444444,482.861111111111
"background",101,101,325.805555555556,2.80555555555556,159.611111111111
"background",102,102,317.638888888889,33.9166666666667,155.277777777778
"background",103,103,316.888888888889,57.8888888888889,581.888888888889
"background",104,104,352.305555555556,1.22222222222222,541.527777777778
"background",105,105,327.694444444444,80.2222222222222,290.333333333333
"background",106,106,329.527777777778,0.0833333333333333,240.805555555556
"background",107,107,344.416666666667,1.5,175.861111111111
"background",108,108,336.527777777778,11.4444444444444,599.138888888889
"background",109,109,276.666666666667,12.8611111111111,693.5
"background",110,110,295.416666666667,3.30555555555556,158.583333333333
"background",111,111,302.138888888889,12.75,307.333333333333
"background",112,112,265.833333333333,93.0833333333333,505.166666666667
"background",113,113,334.611111111111,19.8333333333333,200.111111111111
"background",114,114,328.111111111111,41.0277777777778,179.305555555556
"background",115,115,331.944444444444,8.55555555555556,334.805555555556
"background",116,116,339.222222222222,0.722222222222222,143.305555555556
"background",117,117,268.777777777778,20.5,678
"background",118,118,343.277777777778,8.08333333333333,75.9722222222222
"background",119,119,339.916666666667,28.3333333333333,468.722222222222
"background",120,120,323.638888888889,44.25,179.222222222222
"background",121,121,313.611111111111,12.0555555555556,429.416666666667
"background",122,122,309.833333333333,211.25,650.777777777778
"background",123,123,317.861111111111,13.8611111111111,194.888888888889
"background",124,124,322.694444444444,78.5,479.944444444444
"background",125,125,321.444444444444,129.972222222222,419.083333333333
"background",126,126,320.5,86.3333333333333,396.25
"background",127,127,315.138888888889,76.8611111111111,668.666666666667
"background",128,128,304.055555555556,13.0555555555556,396.277777777778
"background",129,129,334.777777777778,3.44444444444444,228.472222222222
"background",130,130,349.972222222222,9.22222222222222,81.9722222222222
"background",131,131,309.5,33.5277777777778,530.138888888889
"background",132,132,318.305555555556,5.41666666666667,218.805555555556
"background",133,133,330.222222222222,26.1111111111111,309.083333333333
"background",134,134,318.777777777778,45.0555555555556,620.361111111111
"background",135,135,270.666666666667,15,684.694444444444
"background",136,136,320.888888888889,80.9166666666667,591.25
"background",137,137,327.888888888889,9.02777777777778,537.722222222222
"background",138,138,342.25,28.2222222222222,411.361111111111
"background",139,139,257.305555555556,53.8055555555556,716.944444444444
"background",140,140,327.222222222222,96.4722222222222,327.083333333333
"background",141,141,317.861111111111,69.7777777777778,553.555555555556
"background",142,142,291.777777777778,96.4444444444444,389.583333333333
"background",143,143,295,4.88888888888889,279.194444444444
"background",144,144,303.083333333333,4.97222222222222,356.277777777778
"background",145,145,341.805555555556,0,252.722222222222
"background",146,146,327.333333333333,81.3055555555556,361.194444444444
"background",147,147,316.888888888889,21.0277777777778,398.777777777778
"background",148,148,326,35.8055555555556,472.777777777778
