"species","x","y","bio5","bio14","bio18"
"species",1,1,300.730769230769,41.2307692307692,343.346153846154
"species",2,2,278.805555555556,14.0277777777778,576.722222222222
"species",3,3,257.305555555556,53.8055555555556,716.944444444444
"species",4,4,287.666666666667,34.25,497.083333333333
"species",5,5,300.730769230769,41.2307692307692,343.346153846154
"species",6,6,284.583333333333,19.8055555555556,622.388888888889
"species",7,7,292.277777777778,24.6388888888889,452.944444444444
"species",8,8,282.361111111111,54.5,580.083333333333
"species",9,9,257.305555555556,53.8055555555556,716.944444444444
"species",10,10,291.222222222222,16.8888888888889,494.055555555556
"species",11,11,292.172413793103,66.0689655172414,730.827586206897
"species",12,12,312.638888888889,34.5833333333333,351.277777777778
"species",13,13,278.555555555556,78.3333333333333,370.916666666667
"species",14,14,300.730769230769,41.2307692307692,343.346153846154
"species",15,15,306.515151515152,61.9090909090909,290.878787878788
"species",16,16,292.277777777778,24.6388888888889,452.944444444444
"species",17,17,264.151515151515,53.6969696969697,733.757575757576
"species",18,18,300.730769230769,41.2307692307692,343.346153846154
"species",19,19,292.277777777778,24.6388888888889,452.944444444444
"species",20,20,312.638888888889,31.9166666666667,380.583333333333
"species",21,21,312.638888888889,31.9166666666667,380.583333333333
"species",22,22,292.277777777778,24.6388888888889,452.944444444444
"species",23,23,300.730769230769,41.2307692307692,343.346153846154
"species",24,24,278.555555555556,78.3333333333333,370.916666666667
"species",25,25,312.638888888889,31.9166666666667,380.583333333333
"species",26,26,278.805555555556,14.0277777777778,576.722222222222
"species",27,27,257.305555555556,53.8055555555556,716.944444444444
"species",28,28,266.444444444444,38.5277777777778,568.166666666667
"species",29,29,292.172413793103,66.0689655172414,730.827586206897
"species",30,30,287.666666666667,34.25,497.083333333333
"species",31,31,287.666666666667,34.25,497.083333333333
"species",32,32,312.638888888889,31.9166666666667,380.583333333333
"species",33,33,292.277777777778,24.6388888888889,452.944444444444
"species",34,34,292.277777777778,24.6388888888889,452.944444444444
"species",35,35,287.666666666667,34.25,497.083333333333
"species",36,36,312.638888888889,31.9166666666667,380.583333333333
"species",37,37,257.305555555556,53.8055555555556,716.944444444444
"species",38,38,312.638888888889,31.9166666666667,380.583333333333
"species",39,39,312.638888888889,31.9166666666667,380.583333333333
"species",40,40,264.151515151515,53.6969696969697,733.757575757576
"species",41,41,292.172413793103,66.0689655172414,730.827586206897
"species",42,42,293.638888888889,33.3888888888889,616.888888888889
"species",43,43,292.172413793103,66.0689655172414,730.827586206897
"species",44,44,300.730769230769,41.2307692307692,343.346153846154
"species",45,45,312.638888888889,31.9166666666667,380.583333333333
"species",46,46,292.172413793103,66.0689655172414,730.827586206897
"species",47,47,335.722222222222,24.9444444444444,491.916666666667
"species",48,48,312.638888888889,34.5833333333333,351.277777777778
"species",49,49,291.222222222222,16.8888888888889,494.055555555556
"species",50,50,292.888888888889,64.3888888888889,306.111111111111
"species",51,51,265.194444444444,23.0277777777778,718.166666666667
"species",52,52,287.666666666667,34.25,497.083333333333
"species",53,53,292.277777777778,24.6388888888889,452.944444444444
"species",54,54,300.730769230769,41.2307692307692,343.346153846154
"species",55,55,293.638888888889,33.3888888888889,616.888888888889
"species",56,56,292.277777777778,24.6388888888889,452.944444444444
"species",57,57,274.583333333333,81.2916666666667,570.375
"species",58,58,310.916666666667,18.0833333333333,534.222222222222
"species",59,59,264.151515151515,53.6969696969697,733.757575757576
"species",60,60,282.361111111111,54.5,580.083333333333
"species",61,61,292.172413793103,66.0689655172414,730.827586206897
"species",62,62,287.666666666667,34.25,497.083333333333
"species",63,63,300.730769230769,41.2307692307692,343.346153846154
"species",64,64,308.361111111111,24.6111111111111,379.111111111111
"species",65,65,311.928571428571,49.75,241.071428571429
"species",66,66,300.730769230769,41.2307692307692,343.346153846154
"species",67,67,257.305555555556,53.8055555555556,716.944444444444
"species",68,68,287.222222222222,78.8611111111111,379.25
"species",69,69,257.305555555556,53.8055555555556,716.944444444444
"species",70,70,282.305555555556,11.5277777777778,629.5
"species",71,71,287.666666666667,34.25,497.083333333333
"species",72,72,300.730769230769,41.2307692307692,343.346153846154
"species",73,73,292.277777777778,24.6388888888889,452.944444444444
"species",74,74,293.638888888889,33.3888888888889,616.888888888889
"species",75,75,312.638888888889,31.9166666666667,380.583333333333
"species",76,76,300.730769230769,41.2307692307692,343.346153846154
"species",77,77,312.638888888889,31.9166666666667,380.583333333333
"species",78,78,264.151515151515,53.6969696969697,733.757575757576
"species",79,79,312.638888888889,31.9166666666667,380.583333333333
"species",80,80,293.638888888889,33.3888888888889,616.888888888889
"species",81,81,292.277777777778,24.6388888888889,452.944444444444
"species",82,82,310.916666666667,18.0833333333333,534.222222222222
"species",83,83,282.361111111111,54.5,580.083333333333
"species",84,84,293.638888888889,33.3888888888889,616.888888888889
"species",85,85,293.638888888889,33.3888888888889,616.888888888889
"species",86,86,287.666666666667,34.25,497.083333333333
"species",87,87,312.638888888889,31.9166666666667,380.583333333333
"species",88,88,312.638888888889,31.9166666666667,380.583333333333
"species",89,89,292.277777777778,24.6388888888889,452.944444444444
"species",90,90,286.111111111111,9.52777777777778,590.055555555556
"species",91,91,292.277777777778,24.6388888888889,452.944444444444
"species",92,92,274.583333333333,81.2916666666667,570.375
"species",93,93,289.333333333333,16.1111111111111,314.472222222222
"species",94,94,287.222222222222,78.8611111111111,379.25
"species",95,95,300.730769230769,41.2307692307692,343.346153846154
"species",96,96,265.194444444444,23.0277777777778,718.166666666667
"species",97,97,287.222222222222,78.8611111111111,379.25
"species",98,98,312.638888888889,31.9166666666667,380.583333333333
"species",99,99,312.638888888889,31.9166666666667,380.583333333333
"species",100,100,276.666666666667,12.8611111111111,693.5
"species",101,101,312.638888888889,31.9166666666667,380.583333333333
"species",102,102,257.305555555556,53.8055555555556,716.944444444444
"species",103,103,304.083333333333,13.5833333333333,493.027777777778
"species",104,104,312.638888888889,31.9166666666667,380.583333333333
"species",105,105,286.111111111111,9.52777777777778,590.055555555556
"species",106,106,312.638888888889,31.9166666666667,380.583333333333
"species",107,107,280.638888888889,23.4444444444444,601.305555555556
"species",108,108,312.638888888889,31.9166666666667,380.583333333333
"species",109,109,265.194444444444,23.0277777777778,718.166666666667
"species",110,110,265.194444444444,23.0277777777778,718.166666666667
"species",111,111,300.730769230769,41.2307692307692,343.346153846154
"species",112,112,300.730769230769,41.2307692307692,343.346153846154
"species",113,113,292.277777777778,24.6388888888889,452.944444444444
"species",114,114,265.194444444444,23.0277777777778,718.166666666667
"species",115,115,257.305555555556,53.8055555555556,716.944444444444
"species",116,116,257.305555555556,53.8055555555556,716.944444444444
"species",117,117,293.638888888889,33.3888888888889,616.888888888889
"species",118,118,312.638888888889,31.9166666666667,380.583333333333
"species",119,119,272,83.1944444444444,486.666666666667
"species",120,120,291.222222222222,16.8888888888889,494.055555555556
"species",121,121,313.333333333333,62.4444444444444,489.555555555556
"species",122,122,293.638888888889,33.3888888888889,616.888888888889
"species",123,123,300.730769230769,41.2307692307692,343.346153846154
"species",124,124,312.638888888889,34.5833333333333,351.277777777778
"species",125,125,264.151515151515,53.6969696969697,733.757575757576
"species",126,126,288.416666666667,26.7222222222222,611.416666666667
"species",127,127,312.638888888889,31.9166666666667,380.583333333333
"species",128,128,312.638888888889,31.9166666666667,380.583333333333
"species",129,129,310.916666666667,18.0833333333333,534.222222222222
"species",130,130,300.730769230769,41.2307692307692,343.346153846154
"species",131,131,272,83.1944444444444,486.666666666667
"species",132,132,278.805555555556,14.0277777777778,576.722222222222
"species",133,133,312.638888888889,31.9166666666667,380.583333333333
"species",134,134,293.638888888889,33.3888888888889,616.888888888889
"species",135,135,291.222222222222,16.8888888888889,494.055555555556
"species",136,136,293.638888888889,33.3888888888889,616.888888888889
"species",137,137,287.666666666667,34.25,497.083333333333
"species",138,138,300.730769230769,41.2307692307692,343.346153846154
