"species","x","y","bio5","bio14","bio18"
"background",1,1,283.972222222222,20.4166666666667,643.305555555556
"background",2,2,322.611111111111,60.6944444444444,284.166666666667
"background",3,3,312.416666666667,6.5,757.666666666667
"background",4,4,297.583333333333,105.222222222222,560.111111111111
"background",5,5,332.777777777778,44.5833333333333,156.805555555556
"background",6,6,327.527777777778,71.1111111111111,308.027777777778
"background",7,7,303.722222222222,21.3888888888889,570
"background",8,8,325.583333333333,91.4166666666667,366.194444444444
"background",9,9,335.583333333333,0.166666666666667,170.916666666667
"background",10,10,323.833333333333,55.5,247.833333333333
"background",11,11,329.861111111111,16.0833333333333,186.555555555556
"background",12,12,318,13.6388888888889,399.611111111111
"background",13,13,326,35.8055555555556,472.777777777778
"background",14,14,349.861111111111,12.8333333333333,351.583333333333
"background",15,15,330.055555555556,67.0277777777778,261.833333333333
"background",16,16,346.305555555556,7.36111111111111,249.472222222222
"background",17,17,316.388888888889,20.3333333333333,415.416666666667
"background",18,18,320.833333333333,29.3333333333333,598.333333333333
"background",19,19,328.472222222222,17.5,105
"background",20,20,257.305555555556,53.8055555555556,716.944444444444
"background",21,21,284.611111111111,116.555555555556,442.944444444444
"background",22,22,308.361111111111,24.6111111111111,379.111111111111
"background",23,23,353.416666666667,6.5,117.555555555556
"background",24,24,337.888888888889,4.05555555555556,410.722222222222
"background",25,25,319.833333333333,66.4444444444444,284.444444444444
"background",26,26,313.666666666667,33.4722222222222,490
"background",27,27,337,13.9722222222222,350.305555555556
"background",28,28,274.583333333333,81.2916666666667,570.375
"background",29,29,351.472222222222,6.63888888888889,110.138888888889
"background",30,30,326.111111111111,95.5,342.861111111111
"background",31,31,334.444444444444,37.2777777777778,400.583333333333
"background",32,32,321.444444444444,5.47222222222222,379.472222222222
"background",33,33,339.916666666667,1,108.638888888889
"background",34,34,295.111111111111,17.7222222222222,251.75
"background",35,35,297.611111111111,21.9722222222222,258.25
"background",36,36,311.861111111111,9.25,405.555555555556
"background",37,37,324.138888888889,2.19444444444444,177.388888888889
"background",38,38,264.151515151515,53.6969696969697,733.757575757576
"background",39,39,315.777777777778,2.91666666666667,51.5555555555556
"background",40,40,331.944444444444,8.55555555555556,334.805555555556
"background",41,41,325.088235294118,2.5,85.2058823529412
"background",42,42,335,28.0833333333333,301.611111111111
"background",43,43,287.222222222222,78.8611111111111,379.25
"background",44,44,315.25,103.555555555556,575.138888888889
"background",45,45,343.083333333333,0,170.027777777778
"background",46,46,324.694444444444,40.9444444444444,174.527777777778
"background",47,47,322.833333333333,85.2777777777778,389.166666666667
"background",48,48,326.083333333333,55.2222222222222,247.305555555556
"background",49,49,331.333333333333,6.16666666666667,238.583333333333
"background",50,50,330.333333333333,14.6666666666667,351.305555555556
"background",51,51,339.222222222222,0.722222222222222,143.305555555556
"background",52,52,318.583333333333,19.4722222222222,214.583333333333
"background",53,53,293.833333333333,18.7777777777778,631.305555555556
"background",54,54,335.472222222222,55.9722222222222,202.833333333333
"background",55,55,309.5,33.5277777777778,530.138888888889
"background",56,56,322.230769230769,13.6538461538462,101.884615384615
"background",57,57,342.861111111111,2.13888888888889,154.5
"background",58,58,327.388888888889,60.3888888888889,481.305555555556
"background",59,59,306.611111111111,181.361111111111,843.861111111111
"background",60,60,326.583333333333,20.5555555555556,137.694444444444
"background",61,61,287.666666666667,34.25,497.083333333333
"background",62,62,306.75,21.4722222222222,412.277777777778
"background",63,63,254.833333333333,117.944444444444,462.166666666667
"background",64,64,327.583333333333,67.2777777777778,283.333333333333
"background",65,65,319.916666666667,54,545.722222222222
"background",66,66,337.972222222222,80.3611111111111,254.222222222222
"background",67,67,334.277777777778,97.6666666666667,310.861111111111
"background",68,68,310.166666666667,8.5,565.305555555556
"background",69,69,323.277777777778,26.6666666666667,158.75
"background",70,70,318.611111111111,59,287.638888888889
"background",71,71,322.694444444444,45.0555555555556,559.25
"background",72,72,313.666666666667,22.5833333333333,563.555555555556
"background",73,73,339.833333333333,31.4444444444444,507.388888888889
"background",74,74,312.916666666667,64.7222222222222,483.972222222222
"background",75,75,293.638888888889,33.3888888888889,616.888888888889
"background",76,76,329.027777777778,61.7777777777778,225.638888888889
"background",77,77,349.388888888889,1.11111111111111,439.722222222222
"background",78,78,314.444444444444,96.7222222222222,623.916666666667
"background",79,79,332.972222222222,48.7222222222222,323.888888888889
"background",80,80,325.305555555556,24.9444444444444,341.861111111111
"background",81,81,333.388888888889,21.0277777777778,396.25
"background",82,82,322.111111111111,8.83333333333333,397.75
"background",83,83,322.694444444444,78.5,479.944444444444
"background",84,84,344.444444444444,1.75,484.472222222222
"background",85,85,326.472222222222,3.88888888888889,68.5
"background",86,86,314.944444444444,119.75,425.277777777778
"background",87,87,328.277777777778,10.8333333333333,118.805555555556
"background",88,88,327.333333333333,81.3055555555556,361.194444444444
"background",89,89,330.527777777778,45.75,193.388888888889
"background",90,90,317.638888888889,159.888888888889,576.277777777778
"background",91,91,320.222222222222,0.472222222222222,248.166666666667
"background",92,92,318.305555555556,5.41666666666667,218.805555555556
"background",93,93,297.555555555556,2.75,385.805555555556
"background",94,94,288.666666666667,13.1111111111111,147.527777777778
"background",95,95,334.416666666667,14.5555555555556,275.138888888889
"background",96,96,314.444444444444,2.61111111111111,89.9444444444444
"background",97,97,355.555555555556,6.13888888888889,340.5
"background",98,98,318.777777777778,45.0555555555556,620.361111111111
"background",99,99,312.361111111111,199.083333333333,610.694444444444
"background",100,100,258.805555555556,26.8611111111111,683.277777777778
"background",101,101,296.333333333333,7.47222222222222,628.027777777778
"background",102,102,339.25,25.2777777777778,513.388888888889
"background",103,103,290.833333333333,12.9444444444444,300.638888888889
"background",104,104,318.5,127.916666666667,581.833333333333
"background",105,105,320.472222222222,2.61111111111111,63.1944444444444
"background",106,106,306.722222222222,129.5,411.194444444444
"background",107,107,312.694444444444,13.5833333333333,436.138888888889
"background",108,108,309.5,185.194444444444,657.333333333333
"background",109,109,295.416666666667,3.30555555555556,158.583333333333
"background",110,110,315.555555555556,3.38888888888889,67.6944444444444
"background",111,111,314.25,89.3611111111111,633
"background",112,112,312.083333333333,176.777777777778,566.555555555556
"background",113,113,315.277777777778,8.19444444444444,297.833333333333
"background",114,114,342.611111111111,22.6111111111111,534.138888888889
"background",115,115,343.222222222222,5.05555555555556,144.25
"background",116,116,312.444444444444,112.166666666667,627.583333333333
"background",117,117,266.444444444444,38.5277777777778,568.166666666667
"background",118,118,260.388888888889,100.111111111111,492.861111111111
"background",119,119,326.055555555556,22.6666666666667,101.694444444444
"background",120,120,327.527777777778,21.9444444444444,468.027777777778
"background",121,121,286.944444444444,30.6111111111111,279.416666666667
"background",122,122,306.515151515152,61.9090909090909,290.878787878788
"background",123,123,330,21.3611111111111,324.444444444444
"background",124,124,286.111111111111,9.52777777777778,590.055555555556
"background",125,125,340.527777777778,0.583333333333333,227.583333333333
"background",126,126,352.5,4.44444444444444,248.055555555556
"background",127,127,324.75,37.1111111111111,150.333333333333
"background",128,128,304.972222222222,73.8055555555556,288.111111111111
"background",129,129,347.055555555556,8.72222222222222,311.75
"background",130,130,312.638888888889,31.9166666666667,380.583333333333
"background",131,131,332.555555555556,4.69444444444444,70.6111111111111
"background",132,132,314.583333333333,4.5,191.583333333333
"background",133,133,317.972222222222,25.7777777777778,225.916666666667
"background",134,134,305.638888888889,104.027777777778,356.333333333333
"background",135,135,350.722222222222,0.888888888888889,131.944444444444
"background",136,136,310.444444444444,5.33333333333333,220.472222222222
"background",137,137,272,83.1944444444444,486.666666666667
"background",138,138,297.333333333333,6.02777777777778,230.555555555556
"background",139,139,322.444444444444,66.5833333333333,285.833333333333
"background",140,140,308.361111111111,18.6666666666667,228.805555555556
"background",141,141,342.361111111111,16.0277777777778,553.25
"background",142,142,329.055555555556,27.25,132.222222222222
"background",143,143,351.194444444444,0.916666666666667,180
"background",144,144,324.555555555556,1.91666666666667,212.472222222222
"background",145,145,340.555555555556,8.83333333333333,361.722222222222
"background",146,146,329.583333333333,26.5,162.444444444444
"background",147,147,295.583333333333,97.5,387.416666666667
"background",148,148,330.388888888889,31.2777777777778,569.555555555556
