"species","x","y","bio5","bio14","bio18"
"species",1,1,291.222222222222,16.8888888888889,494.055555555556
"species",2,2,293.638888888889,33.3888888888889,616.888888888889
"species",3,3,312.638888888889,31.9166666666667,380.583333333333
"species",4,4,272,83.1944444444444,486.666666666667
"species",5,5,264.151515151515,53.6969696969697,733.757575757576
"species",6,6,280.638888888889,23.4444444444444,601.305555555556
"species",7,7,312.638888888889,31.9166666666667,380.583333333333
"species",8,8,300.730769230769,41.2307692307692,343.346153846154
"species",9,9,264.151515151515,53.6969696969697,733.757575757576
"species",10,10,293.638888888889,33.3888888888889,616.888888888889
"species",11,11,276.666666666667,12.8611111111111,693.5
"species",12,12,300.730769230769,41.2307692307692,343.346153846154
"species",13,13,278.555555555556,78.3333333333333,370.916666666667
"species",14,14,292.277777777778,24.6388888888889,452.944444444444
"species",15,15,292.888888888889,64.3888888888889,306.111111111111
"species",16,16,257.305555555556,53.8055555555556,716.944444444444
"species",17,17,264.151515151515,53.6969696969697,733.757575757576
"species",18,18,292.172413793103,66.0689655172414,730.827586206897
"species",19,19,312.638888888889,34.5833333333333,351.277777777778
"species",20,20,266.444444444444,38.5277777777778,568.166666666667
"species",21,21,312.638888888889,31.9166666666667,380.583333333333
"species",22,22,272,83.1944444444444,486.666666666667
"species",23,23,300.730769230769,41.2307692307692,343.346153846154
"species",24,24,300.730769230769,41.2307692307692,343.346153846154
"species",25,25,265.194444444444,23.0277777777778,718.166666666667
"species",26,26,287.666666666667,34.25,497.083333333333
"species",27,27,312.638888888889,31.9166666666667,380.583333333333
"species",28,28,257.305555555556,53.8055555555556,716.944444444444
"species",29,29,260.666666666667,24.5833333333333,718.055555555556
"species",30,30,312.638888888889,34.5833333333333,351.277777777778
"species",31,31,300.730769230769,41.2307692307692,343.346153846154
"species",32,32,293.638888888889,33.3888888888889,616.888888888889
"species",33,33,292.277777777778,24.6388888888889,452.944444444444
"species",34,34,257.305555555556,53.8055555555556,716.944444444444
"species",35,35,282.361111111111,54.5,580.083333333333
"species",36,36,292.172413793103,66.0689655172414,730.827586206897
"species",37,37,284.583333333333,19.8055555555556,622.388888888889
"species",38,38,287.666666666667,34.25,497.083333333333
"species",39,39,300.730769230769,41.2307692307692,343.346153846154
"species",40,40,293.638888888889,33.3888888888889,616.888888888889
"species",41,41,300.730769230769,41.2307692307692,343.346153846154
"species",42,42,300.730769230769,41.2307692307692,343.346153846154
"species",43,43,288.416666666667,26.7222222222222,611.416666666667
"species",44,44,292.277777777778,24.6388888888889,452.944444444444
"species",45,45,312.638888888889,31.9166666666667,380.583333333333
"species",46,46,312.638888888889,34.5833333333333,351.277777777778
"species",47,47,300.730769230769,41.2307692307692,343.346153846154
"species",48,48,300.730769230769,41.2307692307692,343.346153846154
"species",49,49,308.361111111111,24.6111111111111,379.111111111111
"species",50,50,308.361111111111,24.6111111111111,379.111111111111
"species",51,51,287.666666666667,34.25,497.083333333333
"species",52,52,287.666666666667,34.25,497.083333333333
"species",53,53,274.583333333333,81.2916666666667,570.375
"species",54,54,264.151515151515,53.6969696969697,733.757575757576
"species",55,55,257.305555555556,53.8055555555556,716.944444444444
"species",56,56,291.222222222222,16.8888888888889,494.055555555556
"species",57,57,292.277777777778,24.6388888888889,452.944444444444
"species",58,58,312.638888888889,31.9166666666667,380.583333333333
"species",59,59,312.638888888889,31.9166666666667,380.583333333333
"species",60,60,264.151515151515,53.6969696969697,733.757575757576
"species",61,61,293.638888888889,33.3888888888889,616.888888888889
"species",62,62,293.638888888889,33.3888888888889,616.888888888889
"species",63,63,312.638888888889,31.9166666666667,380.583333333333
"species",64,64,282.805555555556,36.4444444444444,526.666666666667
"species",65,65,291.222222222222,16.8888888888889,494.055555555556
"species",66,66,312.638888888889,34.5833333333333,351.277777777778
"species",67,67,278.805555555556,14.0277777777778,576.722222222222
"species",68,68,300.730769230769,41.2307692307692,343.346153846154
"species",69,69,291.222222222222,16.8888888888889,494.055555555556
"species",70,70,312.638888888889,31.9166666666667,380.583333333333
"species",71,71,265.194444444444,23.0277777777778,718.166666666667
"species",72,72,312.638888888889,31.9166666666667,380.583333333333
"species",73,73,291.222222222222,16.8888888888889,494.055555555556
"species",74,74,292.277777777778,24.6388888888889,452.944444444444
"species",75,75,291.222222222222,16.8888888888889,494.055555555556
"species",76,76,300.730769230769,41.2307692307692,343.346153846154
"species",77,77,257.305555555556,53.8055555555556,716.944444444444
"species",78,78,312.638888888889,31.9166666666667,380.583333333333
"species",79,79,312.638888888889,31.9166666666667,380.583333333333
"species",80,80,312.638888888889,31.9166666666667,380.583333333333
"species",81,81,312.638888888889,31.9166666666667,380.583333333333
"species",82,82,310.916666666667,18.0833333333333,534.222222222222
"species",83,83,286.111111111111,9.52777777777778,590.055555555556
"species",84,84,257.305555555556,53.8055555555556,716.944444444444
"species",85,85,293.638888888889,33.3888888888889,616.888888888889
"species",86,86,312.638888888889,31.9166666666667,380.583333333333
"species",87,87,287.666666666667,34.25,497.083333333333
"species",88,88,287.666666666667,34.25,497.083333333333
"species",89,89,287.666666666667,34.25,497.083333333333
"species",90,90,300.730769230769,41.2307692307692,343.346153846154
"species",91,91,312.638888888889,31.9166666666667,380.583333333333
"species",92,92,311.928571428571,49.75,241.071428571429
"species",93,93,300.730769230769,41.2307692307692,343.346153846154
"species",94,94,300.730769230769,41.2307692307692,343.346153846154
"species",95,95,292.277777777778,24.6388888888889,452.944444444444
"species",96,96,300.730769230769,41.2307692307692,343.346153846154
"species",97,97,300.730769230769,41.2307692307692,343.346153846154
"species",98,98,300.730769230769,41.2307692307692,343.346153846154
"species",99,99,278.555555555556,78.3333333333333,370.916666666667
"species",100,100,274.583333333333,81.2916666666667,570.375
"species",101,101,292.888888888889,64.3888888888889,306.111111111111
"species",102,102,292.277777777778,24.6388888888889,452.944444444444
"species",103,103,312.638888888889,31.9166666666667,380.583333333333
"species",104,104,278.805555555556,14.0277777777778,576.722222222222
"species",105,105,300.730769230769,41.2307692307692,343.346153846154
"species",106,106,292.277777777778,24.6388888888889,452.944444444444
"species",107,107,292.172413793103,66.0689655172414,730.827586206897
"species",108,108,257.305555555556,53.8055555555556,716.944444444444
"species",109,109,257.305555555556,53.8055555555556,716.944444444444
"species",110,110,335.722222222222,24.9444444444444,491.916666666667
"species",111,111,278.805555555556,14.0277777777778,576.722222222222
"species",112,112,312.638888888889,31.9166666666667,380.583333333333
"species",113,113,292.888888888889,64.3888888888889,306.111111111111
"species",114,114,310.916666666667,18.0833333333333,534.222222222222
"species",115,115,292.172413793103,66.0689655172414,730.827586206897
"species",116,116,265.194444444444,23.0277777777778,718.166666666667
"species",117,117,312.638888888889,31.9166666666667,380.583333333333
"species",118,118,312.638888888889,31.9166666666667,380.583333333333
"species",119,119,292.277777777778,24.6388888888889,452.944444444444
"species",120,120,310.916666666667,18.0833333333333,534.222222222222
"species",121,121,300.730769230769,41.2307692307692,343.346153846154
"species",122,122,300.730769230769,41.2307692307692,343.346153846154
"species",123,123,300.730769230769,41.2307692307692,343.346153846154
"species",124,124,292.277777777778,24.6388888888889,452.944444444444
"species",125,125,306.515151515152,61.9090909090909,290.878787878788
"species",126,126,292.172413793103,66.0689655172414,730.827586206897
"species",127,127,312.638888888889,31.9166666666667,380.583333333333
"species",128,128,293.638888888889,33.3888888888889,616.888888888889
"species",129,129,292.172413793103,66.0689655172414,730.827586206897
"species",130,130,312.638888888889,31.9166666666667,380.583333333333
"species",131,131,282.305555555556,11.5277777777778,629.5
"species",132,132,312.638888888889,31.9166666666667,380.583333333333
"species",133,133,293.638888888889,33.3888888888889,616.888888888889
"species",134,134,300.730769230769,41.2307692307692,343.346153846154
"species",135,135,312.638888888889,31.9166666666667,380.583333333333
"species",136,136,300.730769230769,41.2307692307692,343.346153846154
"species",137,137,287.222222222222,78.8611111111111,379.25
"species",138,138,313.333333333333,62.4444444444444,489.555555555556
"species",139,139,257.305555555556,53.8055555555556,716.944444444444
"species",140,140,300.730769230769,41.2307692307692,343.346153846154
