"species","x","y","bio5","bio14","bio18"
"background",1,1,317.75,11.1666666666667,415.722222222222
"background",2,2,293.638888888889,33.3888888888889,616.888888888889
"background",3,3,305.25,35.1666666666667,292.361111111111
"background",4,4,306.75,21.4722222222222,412.277777777778
"background",5,5,303.805555555556,4.97222222222222,222.444444444444
"background",6,6,339.833333333333,31.4444444444444,507.388888888889
"background",7,7,304.666666666667,13.2777777777778,642.222222222222
"background",8,8,304.972222222222,73.8055555555556,288.111111111111
"background",9,9,343.388888888889,4.55555555555556,487.583333333333
"background",10,10,304.055555555556,13.0555555555556,396.277777777778
"background",11,11,331.416666666667,56.9722222222222,373.277777777778
"background",12,12,288.666666666667,13.1111111111111,147.527777777778
"background",13,13,335.027777777778,9.94444444444444,464.444444444444
"background",14,14,327.583333333333,67.2777777777778,283.333333333333
"background",15,15,254.833333333333,117.944444444444,462.166666666667
"background",16,16,290.875,96.8125,362.46875
"background",17,17,324.138888888889,38.4166666666667,155.138888888889
"background",18,18,260.388888888889,100.111111111111,492.861111111111
"background",19,19,326.972222222222,85.25,286.5
"background",20,20,349.777777777778,5.13888888888889,549.166666666667
"background",21,21,318.166666666667,97.6388888888889,650.055555555556
"background",22,22,328.111111111111,41.0277777777778,179.305555555556
"background",23,23,333.083333333333,11.8888888888889,488.916666666667
"background",24,24,326.416666666667,78.5,333.333333333333
"background",25,25,350.527777777778,2.5,289.75
"background",26,26,332.416666666667,5.05555555555556,227.222222222222
"background",27,27,325.777777777778,109.416666666667,397.944444444444
"background",28,28,318.333333333333,58.8611111111111,374.666666666667
"background",29,29,305.305555555556,212.194444444444,710.5
"background",30,30,318.666666666667,7.52777777777778,469.722222222222
"background",31,31,310.805555555556,57.6111111111111,439.138888888889
"background",32,32,335.333333333333,26.8333333333333,112.861111111111
"background",33,33,315.944444444444,56.9166666666667,628.583333333333
"background",34,34,326.611111111111,46.0277777777778,230.638888888889
"background",35,35,323.833333333333,61.6944444444444,235.055555555556
"background",36,36,329.027777777778,6.22222222222222,418.166666666667
"background",37,37,349.861111111111,12.8333333333333,351.583333333333
"background",38,38,320.305555555556,53.9444444444444,245.611111111111
"background",39,39,328.25,74.75,263.222222222222
"background",40,40,315.888888888889,70.5833333333333,621.388888888889
"background",41,41,349.972222222222,9.22222222222222,81.9722222222222
"background",42,42,318.611111111111,59,287.638888888889
"background",43,43,342.666666666667,3.22222222222222,107.888888888889
"background",44,44,318,13.6388888888889,399.611111111111
"background",45,45,327.027777777778,79.1944444444444,267.111111111111
"background",46,46,328.694444444444,45.5555555555556,225.166666666667
"background",47,47,272,117.083333333333,455.222222222222
"background",48,48,306.583333333333,19.4444444444444,353.444444444444
"background",49,49,322.888888888889,62.4722222222222,393.277777777778
"background",50,50,320.555555555556,27.25,121.722222222222
"background",51,51,323,47.7777777777778,218.611111111111
"background",52,52,319.916666666667,54,545.722222222222
"background",53,53,326.361111111111,18.1111111111111,379.388888888889
"background",54,54,315.833333333333,91.3055555555556,480.444444444444
"background",55,55,309.527777777778,174.861111111111,586.916666666667
"background",56,56,325.833333333333,43.0833333333333,197.583333333333
"background",57,57,290.138888888889,6.33333333333333,231.5
"background",58,58,324.75,44.7777777777778,200.972222222222
"background",59,59,313.666666666667,33.4722222222222,490
"background",60,60,320.5,86.3333333333333,396.25
"background",61,61,334,17.6666666666667,328.944444444444
"background",62,62,341.444444444444,4.05555555555556,369.861111111111
"background",63,63,345.305555555556,2.27777777777778,438.222222222222
"background",64,64,333.027777777778,4.97222222222222,453.972222222222
"background",65,65,329.777777777778,43.75,369.222222222222
"background",66,66,282.305555555556,11.5277777777778,629.5
"background",67,67,324.972222222222,28.4444444444444,446.5
"background",68,68,340.527777777778,7.27777777777778,118.305555555556
"background",69,69,356.5,4.55555555555556,548.194444444444
"background",70,70,343.083333333333,0,170.027777777778
"background",71,71,324.694444444444,40.9444444444444,174.527777777778
"background",72,72,319.111111111111,177.555555555556,714.305555555556
"background",73,73,317,1.44444444444444,197.75
"background",74,74,320.027777777778,7.38888888888889,374.5
"background",75,75,330.916666666667,23.4444444444444,124.444444444444
"background",76,76,349.388888888889,1.11111111111111,439.722222222222
"background",77,77,273.388888888889,20.0277777777778,241.75
"background",78,78,344.444444444444,1.75,484.472222222222
"background",79,79,329.861111111111,16.0833333333333,186.555555555556
"background",80,80,272,83.1944444444444,486.666666666667
"background",81,81,282.722222222222,132.888888888889,558.611111111111
"background",82,82,262.833333333333,122.444444444444,460.111111111111
"background",83,83,322.611111111111,60.6944444444444,284.166666666667
"background",84,84,314.583333333333,27.5,134.638888888889
"background",85,85,307.388888888889,220.527777777778,795.277777777778
"background",86,86,313.666666666667,28.1111111111111,437.055555555556
"background",87,87,308.388888888889,217.527777777778,738.444444444444
"background",88,88,338.638888888889,2.19444444444444,80.4722222222222
"background",89,89,286.944444444444,30.6111111111111,279.416666666667
"background",90,90,338.333333333333,30.3888888888889,347.527777777778
"background",91,91,349.888888888889,5.61111111111111,283.333333333333
"background",92,92,340.666666666667,8.36111111111111,90.5
"background",93,93,319.861111111111,36.25,142.027777777778
"background",94,94,287.777777777778,101.666666666667,417.666666666667
"background",95,95,334.611111111111,4.97222222222222,369.444444444444
"background",96,96,325.861111111111,22.8055555555556,107.472222222222
"background",97,97,319.944444444444,78.0277777777778,355.361111111111
"background",98,98,335.722222222222,24.9444444444444,491.916666666667
"background",99,99,314.416666666667,109.111111111111,400.777777777778
"background",100,100,348.194444444444,1.61111111111111,409.916666666667
"background",101,101,314.25,89.3611111111111,633
"background",102,102,328.416666666667,207.305555555556,706.388888888889
"background",103,103,313.333333333333,62.4444444444444,489.555555555556
"background",104,104,277.944444444444,11.4722222222222,732.222222222222
"background",105,105,312.583333333333,79.6944444444444,384.75
"background",106,106,313.611111111111,12.0555555555556,429.416666666667
"background",107,107,320.861111111111,5.83333333333333,113.972222222222
"background",108,108,325.694444444444,75.3611111111111,347.611111111111
"background",109,109,317.805555555556,8.22222222222222,354.944444444444
"background",110,110,276.666666666667,12.8611111111111,693.5
"background",111,111,312.972222222222,19.5277777777778,527.083333333333
"background",112,112,315.5,26.6388888888889,228.5
"background",113,113,329.416666666667,9.58333333333333,262.916666666667
"background",114,114,313.277777777778,132.416666666667,643.944444444444
"background",115,115,319.027777777778,60.8611111111111,550.583333333333
"background",116,116,344.027777777778,2.41666666666667,163.638888888889
"background",117,117,332.416666666667,6.97222222222222,325.027777777778
"background",118,118,323.305555555556,120.944444444444,406.638888888889
"background",119,119,312.722222222222,6.30555555555556,446.972222222222
"background",120,120,336.888888888889,13.3611111111111,57.5
"background",121,121,329.583333333333,26.5,162.444444444444
"background",122,122,328.638888888889,86.8055555555556,321.25
"background",123,123,325.194444444444,25.6666666666667,497.111111111111
"background",124,124,339.222222222222,0.722222222222222,143.305555555556
"background",125,125,318.583333333333,19.4722222222222,214.583333333333
"background",126,126,331.944444444444,12.6111111111111,398.5
"background",127,127,270.444444444444,78.5,473.694444444444
"background",128,128,303.5,11,664.527777777778
"background",129,129,297.611111111111,21.9722222222222,258.25
"background",130,130,333.388888888889,21.0277777777778,396.25
"background",131,131,286.888888888889,14.5277777777778,613.583333333333
"background",132,132,331.944444444444,30,133.555555555556
"background",133,133,312.111111111111,148.472222222222,601.361111111111
"background",134,134,318.777777777778,45.0555555555556,620.361111111111
"background",135,135,320.027777777778,36.5,584.194444444444
"background",136,136,346.111111111111,3.38888888888889,216.111111111111
"background",137,137,317.638888888889,159.888888888889,576.277777777778
"background",138,138,330.527777777778,45.75,193.388888888889
"background",139,139,326.083333333333,55.2222222222222,247.305555555556
"background",140,140,330.5,1.52777777777778,89.0833333333333
"background",141,141,326.333333333333,58.25,233.166666666667
"background",142,142,278.805555555556,14.0277777777778,576.722222222222
"background",143,143,343.888888888889,8.69444444444444,469.444444444444
"background",144,144,260.666666666667,24.5833333333333,718.055555555556
"background",145,145,318.305555555556,5.41666666666667,218.805555555556
"background",146,146,290.666666666667,41.9722222222222,506.472222222222
"background",147,147,329.694444444444,51.3055555555556,201.833333333333
"background",148,148,329.527777777778,0.0833333333333333,240.805555555556
