"species","x","y","bio5","bio14","bio18"
"species",1,1,292.172413793103,66.0689655172414,730.827586206897
"species",2,2,287.666666666667,34.25,497.083333333333
"species",3,3,293.638888888889,33.3888888888889,616.888888888889
"species",4,4,287.666666666667,34.25,497.083333333333
"species",5,5,257.305555555556,53.8055555555556,716.944444444444
"species",6,6,264.151515151515,53.6969696969697,733.757575757576
"species",7,7,291.222222222222,16.8888888888889,494.055555555556
"species",8,8,312.638888888889,31.9166666666667,380.583333333333
"species",9,9,257.305555555556,53.8055555555556,716.944444444444
"species",10,10,310.916666666667,18.0833333333333,534.222222222222
"species",11,11,300.730769230769,41.2307692307692,343.346153846154
"species",12,12,272,83.1944444444444,486.666666666667
"species",13,13,312.638888888889,31.9166666666667,380.583333333333
"species",14,14,312.638888888889,31.9166666666667,380.583333333333
"species",15,15,274.583333333333,81.2916666666667,570.375
"species",16,16,312.638888888889,31.9166666666667,380.583333333333
"species",17,17,257.305555555556,53.8055555555556,716.944444444444
"species",18,18,282.361111111111,54.5,580.083333333333
"species",19,19,312.638888888889,31.9166666666667,380.583333333333
"species",20,20,257.305555555556,53.8055555555556,716.944444444444
"species",21,21,312.638888888889,31.9166666666667,380.583333333333
"species",22,22,293.638888888889,33.3888888888889,616.888888888889
"species",23,23,287.666666666667,34.25,497.083333333333
"species",24,24,282.305555555556,11.5277777777778,629.5
"species",25,25,300.730769230769,41.2307692307692,343.346153846154
"species",26,26,312.638888888889,31.9166666666667,380.583333333333
"species",27,27,312.638888888889,31.9166666666667,380.583333333333
"species",28,28,274.583333333333,81.2916666666667,570.375
"species",29,29,308.361111111111,24.6111111111111,379.111111111111
"species",30,30,292.277777777778,24.6388888888889,452.944444444444
"species",31,31,293.638888888889,33.3888888888889,616.888888888889
"species",32,32,292.277777777778,24.6388888888889,452.944444444444
"species",33,33,310.916666666667,18.0833333333333,534.222222222222
"species",34,34,264.151515151515,53.6969696969697,733.757575757576
"species",35,35,312.638888888889,31.9166666666667,380.583333333333
"species",36,36,312.638888888889,34.5833333333333,351.277777777778
"species",37,37,293.638888888889,33.3888888888889,616.888888888889
"species",38,38,306.515151515152,61.9090909090909,290.878787878788
"species",39,39,287.666666666667,34.25,497.083333333333
"species",40,40,260.666666666667,24.5833333333333,718.055555555556
"species",41,41,300.730769230769,41.2307692307692,343.346153846154
"species",42,42,287.222222222222,78.8611111111111,379.25
"species",43,43,265.194444444444,23.0277777777778,718.166666666667
"species",44,44,312.638888888889,31.9166666666667,380.583333333333
"species",45,45,292.277777777778,24.6388888888889,452.944444444444
"species",46,46,293.638888888889,33.3888888888889,616.888888888889
"species",47,47,288.416666666667,26.7222222222222,611.416666666667
"species",48,48,300.730769230769,41.2307692307692,343.346153846154
"species",49,49,300.730769230769,41.2307692307692,343.346153846154
"species",50,50,312.638888888889,31.9166666666667,380.583333333333
"species",51,51,292.172413793103,66.0689655172414,730.827586206897
"species",52,52,291.222222222222,16.8888888888889,494.055555555556
"species",53,53,300.730769230769,41.2307692307692,343.346153846154
"species",54,54,280.638888888889,23.4444444444444,601.305555555556
"species",55,55,272,83.1944444444444,486.666666666667
"species",56,56,287.666666666667,34.25,497.083333333333
"species",57,57,264.151515151515,53.6969696969697,733.757575757576
"species",58,58,312.638888888889,31.9166666666667,380.583333333333
"species",59,59,257.305555555556,53.8055555555556,716.944444444444
"species",60,60,287.666666666667,34.25,497.083333333333
"species",61,61,286.111111111111,9.52777777777778,590.055555555556
"species",62,62,312.638888888889,31.9166666666667,380.583333333333
"species",63,63,257.305555555556,53.8055555555556,716.944444444444
"species",64,64,312.638888888889,34.5833333333333,351.277777777778
"species",65,65,282.361111111111,54.5,580.083333333333
"species",66,66,278.555555555556,78.3333333333333,370.916666666667
"species",67,67,287.666666666667,34.25,497.083333333333
"species",68,68,293.638888888889,33.3888888888889,616.888888888889
"species",69,69,312.638888888889,31.9166666666667,380.583333333333
"species",70,70,313.333333333333,62.4444444444444,489.555555555556
"species",71,71,312.638888888889,31.9166666666667,380.583333333333
"species",72,72,300.730769230769,41.2307692307692,343.346153846154
"species",73,73,312.638888888889,31.9166666666667,380.583333333333
"species",74,74,264.151515151515,53.6969696969697,733.757575757576
"species",75,75,300.730769230769,41.2307692307692,343.346153846154
"species",76,76,292.277777777778,24.6388888888889,452.944444444444
"species",77,77,310.916666666667,18.0833333333333,534.222222222222
"species",78,78,292.277777777778,24.6388888888889,452.944444444444
"species",79,79,291.222222222222,16.8888888888889,494.055555555556
"species",80,80,291.222222222222,16.8888888888889,494.055555555556
"species",81,81,300.730769230769,41.2307692307692,343.346153846154
"species",82,82,308.361111111111,24.6111111111111,379.111111111111
"species",83,83,292.277777777778,24.6388888888889,452.944444444444
"species",84,84,300.730769230769,41.2307692307692,343.346153846154
"species",85,85,292.172413793103,66.0689655172414,730.827586206897
"species",86,86,312.638888888889,31.9166666666667,380.583333333333
"species",87,87,300.730769230769,41.2307692307692,343.346153846154
"species",88,88,265.194444444444,23.0277777777778,718.166666666667
"species",89,89,300.730769230769,41.2307692307692,343.346153846154
"species",90,90,312.638888888889,31.9166666666667,380.583333333333
"species",91,91,300.730769230769,41.2307692307692,343.346153846154
"species",92,92,313.333333333333,62.4444444444444,489.555555555556
"species",93,93,276.666666666667,12.8611111111111,693.5
"species",94,94,312.638888888889,31.9166666666667,380.583333333333
"species",95,95,284.583333333333,19.8055555555556,622.388888888889
"species",96,96,292.172413793103,66.0689655172414,730.827586206897
"species",97,97,291.222222222222,16.8888888888889,494.055555555556
"species",98,98,292.277777777778,24.6388888888889,452.944444444444
"species",99,99,312.638888888889,31.9166666666667,380.583333333333
"species",100,100,312.638888888889,31.9166666666667,380.583333333333
"species",101,101,300.730769230769,41.2307692307692,343.346153846154
"species",102,102,292.888888888889,64.3888888888889,306.111111111111
"species",103,103,292.277777777778,24.6388888888889,452.944444444444
"species",104,104,292.277777777778,24.6388888888889,452.944444444444
"species",105,105,293.638888888889,33.3888888888889,616.888888888889
"species",106,106,278.805555555556,14.0277777777778,576.722222222222
"species",107,107,301.888888888889,62.1388888888889,304.611111111111
"species",108,108,300.730769230769,41.2307692307692,343.346153846154
"species",109,109,312.638888888889,31.9166666666667,380.583333333333
"species",110,110,291.222222222222,16.8888888888889,494.055555555556
"species",111,111,282.361111111111,54.5,580.083333333333
"species",112,112,300.730769230769,41.2307692307692,343.346153846154
"species",113,113,265.194444444444,23.0277777777778,718.166666666667
"species",114,114,300.730769230769,41.2307692307692,343.346153846154
"species",115,115,292.277777777778,24.6388888888889,452.944444444444
"species",116,116,312.638888888889,31.9166666666667,380.583333333333
"species",117,117,312.638888888889,34.5833333333333,351.277777777778
"species",118,118,300.730769230769,41.2307692307692,343.346153846154
"species",119,119,312.638888888889,34.5833333333333,351.277777777778
"species",120,120,312.638888888889,31.9166666666667,380.583333333333
"species",121,121,264.151515151515,53.6969696969697,733.757575757576
"species",122,122,292.277777777778,24.6388888888889,452.944444444444
"species",123,123,265.194444444444,23.0277777777778,718.166666666667
"species",124,124,312.638888888889,31.9166666666667,380.583333333333
"species",125,125,264.151515151515,53.6969696969697,733.757575757576
"species",126,126,265.194444444444,23.0277777777778,718.166666666667
"species",127,127,287.666666666667,34.25,497.083333333333
"species",128,128,293.638888888889,33.3888888888889,616.888888888889
"species",129,129,276.666666666667,12.8611111111111,693.5
"species",130,130,312.638888888889,31.9166666666667,380.583333333333
"species",131,131,286.111111111111,9.52777777777778,590.055555555556
"species",132,132,257.305555555556,53.8055555555556,716.944444444444
"species",133,133,335.722222222222,24.9444444444444,491.916666666667
"species",134,134,287.666666666667,34.25,497.083333333333
