"species","x","y","bio5","bio14","bio18"
"background",1,1,345.888888888889,20.8611111111111,430.611111111111
"background",2,2,320.305555555556,53.9444444444444,245.611111111111
"background",3,3,295.416666666667,3.30555555555556,158.583333333333
"background",4,4,262.833333333333,122.444444444444,460.111111111111
"background",5,5,328.277777777778,10.8333333333333,118.805555555556
"background",6,6,320.194444444444,43.5555555555556,232.416666666667
"background",7,7,308.361111111111,24.6111111111111,379.111111111111
"background",8,8,312.638888888889,31.9166666666667,380.583333333333
"background",9,9,347.083333333333,3.05555555555556,414.111111111111
"background",10,10,320.722222222222,84.6111111111111,421.222222222222
"background",11,11,344.416666666667,1.5,175.861111111111
"background",12,12,330.222222222222,26.1111111111111,309.083333333333
"background",13,13,332.5,69.6388888888889,240.666666666667
"background",14,14,297.333333333333,6.02777777777778,230.555555555556
"background",15,15,259.611111111111,113.833333333333,478.055555555556
"background",16,16,339.361111111111,4.30555555555556,459.388888888889
