"species","x","y","bio5","bio14","bio18"
"background",1,1,297.555555555556,2.75,385.805555555556
"background",2,2,325.194444444444,39.1388888888889,163.972222222222
"background",3,3,332,4.16666666666667,418.888888888889
"background",4,4,329.527777777778,0.0833333333333333,240.805555555556
"background",5,5,336.722222222222,26.2222222222222,552.888888888889
"background",6,6,332.527777777778,54.9166666666667,204.972222222222
"background",7,7,322.444444444444,66.5833333333333,285.833333333333
"background",8,8,320.305555555556,53.9444444444444,245.611111111111
"background",9,9,325.944444444444,114.861111111111,390.888888888889
"background",10,10,286.888888888889,14.5277777777778,613.583333333333
"background",11,11,317.527777777778,41.6111111111111,615.222222222222
"background",12,12,349.777777777778,5.13888888888889,549.166666666667
"background",13,13,320.833333333333,29.3333333333333,598.333333333333
"background",14,14,319.361111111111,32.0277777777778,528.222222222222
"background",15,15,288.194444444444,55.75,521.888888888889
"background",16,16,306.611111111111,181.361111111111,843.861111111111
"background",17,17,277.944444444444,11.4722222222222,732.222222222222
"background",18,18,321.444444444444,5.47222222222222,379.472222222222
"background",19,19,293.833333333333,18.7777777777778,631.305555555556
"background",20,20,292.888888888889,8.77777777777778,407.027777777778
"background",21,21,324.694444444444,40.9444444444444,174.527777777778
"background",22,22,324.75,37.1111111111111,150.333333333333
"background",23,23,260.666666666667,24.5833333333333,718.055555555556
"background",24,24,329.694444444444,51.3055555555556,201.833333333333
"background",25,25,329.638888888889,19.7222222222222,142.222222222222
