"species","x","y","bio5","bio14","bio18","bio19"
"background",1,1,318.583333333333,161.388888888889,520.833333333333,821.666666666667
"background",2,2,330.527777777778,45.75,193.388888888889,724.777777777778
"background",3,3,308.361111111111,18.6666666666667,228.805555555556,366.25
"background",4,4,311.25,40,474.083333333333,205.277777777778
"background",5,5,340.527777777778,7.27777777777778,118.305555555556,267.722222222222
"background",6,6,331.277777777778,14.5833333333333,313.388888888889,697.5
"background",7,7,336.305555555556,11.8888888888889,179.361111111111,134.055555555556
"background",8,8,327.694444444444,5.22222222222222,473.5,69.6944444444444
"background",9,9,288.5,3.22222222222222,328.361111111111,15.6111111111111
"background",10,10,316.888888888889,21.0277777777778,398.777777777778,116.388888888889
"background",11,11,328.583333333333,40.4166666666667,189.333333333333,1170.25
"background",12,12,327.083333333333,49.0555555555556,191.694444444444,956.944444444444
"background",13,13,343.916666666667,11.9444444444444,336.416666666667,146.944444444444
"background",14,14,335.416666666667,0.5,255.944444444444,3.94444444444444
"background",15,15,288.194444444444,80.6111111111111,361.027777777778,394.527777777778
"background",16,16,265.833333333333,93.0833333333333,505.166666666667,324.388888888889
"background",17,17,320.111111111111,17.2777777777778,561.222222222222,98
"background",18,18,312.722222222222,6.30555555555556,446.972222222222,89.4166666666667
"background",19,19,341.805555555556,0,252.722222222222,3.41666666666667
"background",20,20,296.333333333333,7.47222222222222,628.027777777778,44.75
"background",21,21,344.805555555556,1.61111111111111,31.75,679
"background",22,22,316.388888888889,20.3333333333333,415.416666666667,79.5555555555556
"background",23,23,323.833333333333,55.5,247.833333333333,836.416666666667
"background",24,24,341.111111111111,17.1111111111111,470.944444444444,102.5
