"species","x","y","bio5","bio14","bio18","bio19"
"species",1,1,308.361111111111,24.6111111111111,379.111111111111,90.3888888888889
"species",2,2,306.515151515152,61.9090909090909,290.878787878788,244.272727272727
"species",3,3,278.805555555556,14.0277777777778,576.722222222222,53.9444444444444
"species",4,4,264.151515151515,53.6969696969697,733.757575757576,184.787878787879
"species",5,5,272,83.1944444444444,486.666666666667,296.083333333333
"species",6,6,289.333333333333,16.1111111111111,314.472222222222,65.3611111111111
"species",7,7,311.928571428571,49.75,241.071428571429,458.428571428571
"species",8,8,293.638888888889,33.3888888888889,616.888888888889,114.833333333333
"species",9,9,274.583333333333,81.2916666666667,570.375,268.458333333333
"species",10,10,312.638888888889,34.5833333333333,351.277777777778,120.722222222222
"species",11,11,284.583333333333,19.8055555555556,622.388888888889,85.7777777777778
"species",12,12,266.444444444444,38.5277777777778,568.166666666667,131.277777777778
"species",13,13,291.222222222222,16.8888888888889,494.055555555556,72.4722222222222
"species",14,14,257.305555555556,53.8055555555556,716.944444444444,180.222222222222
"species",15,15,288.416666666667,26.7222222222222,611.416666666667,112.944444444444
"species",16,16,260.666666666667,24.5833333333333,718.055555555556,104
"species",17,17,287.666666666667,34.25,497.083333333333,120.333333333333
"species",18,18,287.222222222222,78.8611111111111,379.25,333.388888888889
"species",19,19,282.361111111111,54.5,580.083333333333,215.527777777778
"species",20,20,310.916666666667,18.0833333333333,534.222222222222,71.0277777777778
"species",21,21,292.277777777778,24.6388888888889,452.944444444444,109.444444444444
"species",22,22,304.083333333333,13.5833333333333,493.027777777778,52.7777777777778
"species",23,23,292.172413793103,66.0689655172414,730.827586206897,222.103448275862
"species",24,24,313.333333333333,62.4444444444444,489.555555555556,295.555555555556
