"species","x","y","bio5","bio14","bio18"
"background",1,1,317.388888888889,41.5277777777778,555.055555555556
"background",2,2,338.861111111111,5.77777777777778,141.166666666667
"background",3,3,320.222222222222,0.472222222222222,248.166666666667
"background",4,4,312.916666666667,64.7222222222222,483.972222222222
"background",5,5,339.833333333333,31.4444444444444,507.388888888889
"background",6,6,326.416666666667,78.5,333.333333333333
"background",7,7,330.055555555556,67.0277777777778,261.833333333333
"background",8,8,258.805555555556,26.8611111111111,683.277777777778
"background",9,9,303.194444444444,77.2777777777778,495.638888888889
"background",10,10,320.472222222222,2.61111111111111,63.1944444444444
"background",11,11,346.611111111111,3.44444444444444,476
"background",12,12,318.305555555556,5.41666666666667,218.805555555556
"background",13,13,291.944444444444,78.9444444444444,451.972222222222
"background",14,14,319.944444444444,78.0277777777778,355.361111111111
"background",15,15,334.277777777778,97.6666666666667,310.861111111111
"background",16,16,355.944444444444,9.72222222222222,382.972222222222
"background",17,17,326.25,104.583333333333,374.777777777778
"background",18,18,311.194444444444,30.4166666666667,190.555555555556
"background",19,19,321.5,3.69444444444444,354.916666666667
"background",20,20,323.638888888889,44.25,179.222222222222
"background",21,21,308.833333333333,16.9166666666667,196.222222222222
"background",22,22,298,8.63888888888889,387.805555555556
"background",23,23,319.424242424242,11.6969696969697,56.5454545454545
"background",24,24,318.861111111111,18.5555555555556,554.444444444444
"background",25,25,338.194444444444,10.5555555555556,507.805555555556
