"species","x","y","bio5","bio14","bio18"
"species",1,1,257.305555555556,53.8055555555556,716.944444444444
"species",2,2,293.638888888889,33.3888888888889,616.888888888889
"species",3,3,300.730769230769,41.2307692307692,343.346153846154
"species",4,4,300.730769230769,41.2307692307692,343.346153846154
"species",5,5,300.730769230769,41.2307692307692,343.346153846154
"species",6,6,280.638888888889,23.4444444444444,601.305555555556
"species",7,7,308.361111111111,24.6111111111111,379.111111111111
"species",8,8,264.151515151515,53.6969696969697,733.757575757576
"species",9,9,264.151515151515,53.6969696969697,733.757575757576
"species",10,10,300.730769230769,41.2307692307692,343.346153846154
"species",11,11,293.638888888889,33.3888888888889,616.888888888889
"species",12,12,287.222222222222,78.8611111111111,379.25
"species",13,13,264.151515151515,53.6969696969697,733.757575757576
"species",14,14,287.666666666667,34.25,497.083333333333
"species",15,15,308.361111111111,24.6111111111111,379.111111111111
"species",16,16,287.666666666667,34.25,497.083333333333
"species",17,17,300.730769230769,41.2307692307692,343.346153846154
"species",18,18,291.222222222222,16.8888888888889,494.055555555556
"species",19,19,312.638888888889,31.9166666666667,380.583333333333
"species",20,20,266.444444444444,38.5277777777778,568.166666666667
"species",21,21,300.730769230769,41.2307692307692,343.346153846154
"species",22,22,293.638888888889,33.3888888888889,616.888888888889
"species",23,23,292.277777777778,24.6388888888889,452.944444444444
"species",24,24,291.222222222222,16.8888888888889,494.055555555556
"species",25,25,291.222222222222,16.8888888888889,494.055555555556
"species",26,26,300.730769230769,41.2307692307692,343.346153846154
"species",27,27,287.666666666667,34.25,497.083333333333
"species",28,28,293.638888888889,33.3888888888889,616.888888888889
"species",29,29,257.305555555556,53.8055555555556,716.944444444444
"species",30,30,282.361111111111,54.5,580.083333333333
"species",31,31,312.638888888889,31.9166666666667,380.583333333333
"species",32,32,288.416666666667,26.7222222222222,611.416666666667
"species",33,33,300.730769230769,41.2307692307692,343.346153846154
"species",34,34,300.730769230769,41.2307692307692,343.346153846154
"species",35,35,278.555555555556,78.3333333333333,370.916666666667
"species",36,36,292.277777777778,24.6388888888889,452.944444444444
"species",37,37,312.638888888889,31.9166666666667,380.583333333333
"species",38,38,300.730769230769,41.2307692307692,343.346153846154
"species",39,39,278.805555555556,14.0277777777778,576.722222222222
"species",40,40,312.638888888889,31.9166666666667,380.583333333333
"species",41,41,265.194444444444,23.0277777777778,718.166666666667
"species",42,42,265.194444444444,23.0277777777778,718.166666666667
"species",43,43,265.194444444444,23.0277777777778,718.166666666667
"species",44,44,300.730769230769,41.2307692307692,343.346153846154
"species",45,45,264.151515151515,53.6969696969697,733.757575757576
"species",46,46,276.666666666667,12.8611111111111,693.5
"species",47,47,292.172413793103,66.0689655172414,730.827586206897
"species",48,48,257.305555555556,53.8055555555556,716.944444444444
"species",49,49,278.805555555556,14.0277777777778,576.722222222222
"species",50,50,292.277777777778,24.6388888888889,452.944444444444
"species",51,51,265.194444444444,23.0277777777778,718.166666666667
"species",52,52,287.666666666667,34.25,497.083333333333
"species",53,53,284.583333333333,19.8055555555556,622.388888888889
"species",54,54,257.305555555556,53.8055555555556,716.944444444444
"species",55,55,265.194444444444,23.0277777777778,718.166666666667
"species",56,56,310.916666666667,18.0833333333333,534.222222222222
"species",57,57,287.222222222222,78.8611111111111,379.25
"species",58,58,312.638888888889,31.9166666666667,380.583333333333
"species",59,59,312.638888888889,31.9166666666667,380.583333333333
"species",60,60,292.277777777778,24.6388888888889,452.944444444444
"species",61,61,312.638888888889,31.9166666666667,380.583333333333
"species",62,62,312.638888888889,31.9166666666667,380.583333333333
"species",63,63,264.151515151515,53.6969696969697,733.757575757576
"species",64,64,282.805555555556,36.4444444444444,526.666666666667
"species",65,65,293.638888888889,33.3888888888889,616.888888888889
"species",66,66,287.666666666667,34.25,497.083333333333
"species",67,67,301.888888888889,62.1388888888889,304.611111111111
"species",68,68,272,83.1944444444444,486.666666666667
"species",69,69,292.277777777778,24.6388888888889,452.944444444444
"species",70,70,264.151515151515,53.6969696969697,733.757575757576
"species",71,71,292.277777777778,24.6388888888889,452.944444444444
"species",72,72,292.888888888889,64.3888888888889,306.111111111111
"species",73,73,292.172413793103,66.0689655172414,730.827586206897
"species",74,74,312.638888888889,31.9166666666667,380.583333333333
"species",75,75,312.638888888889,31.9166666666667,380.583333333333
"species",76,76,300.730769230769,41.2307692307692,343.346153846154
"species",77,77,278.805555555556,14.0277777777778,576.722222222222
"species",78,78,301.888888888889,62.1388888888889,304.611111111111
"species",79,79,292.277777777778,24.6388888888889,452.944444444444
"species",80,80,300.730769230769,41.2307692307692,343.346153846154
"species",81,81,292.277777777778,24.6388888888889,452.944444444444
"species",82,82,300.730769230769,41.2307692307692,343.346153846154
"species",83,83,265.194444444444,23.0277777777778,718.166666666667
"species",84,84,292.277777777778,24.6388888888889,452.944444444444
"species",85,85,291.222222222222,16.8888888888889,494.055555555556
"species",86,86,286.111111111111,9.52777777777778,590.055555555556
"species",87,87,312.638888888889,31.9166666666667,380.583333333333
"species",88,88,292.277777777778,24.6388888888889,452.944444444444
"species",89,89,306.515151515152,61.9090909090909,290.878787878788
"species",90,90,312.638888888889,31.9166666666667,380.583333333333
"species",91,91,293.638888888889,33.3888888888889,616.888888888889
"species",92,92,313.333333333333,62.4444444444444,489.555555555556
"species",93,93,312.638888888889,31.9166666666667,380.583333333333
"species",94,94,265.194444444444,23.0277777777778,718.166666666667
"species",95,95,292.888888888889,64.3888888888889,306.111111111111
"species",96,96,291.222222222222,16.8888888888889,494.055555555556
"species",97,97,292.277777777778,24.6388888888889,452.944444444444
"species",98,98,257.305555555556,53.8055555555556,716.944444444444
"species",99,99,278.555555555556,78.3333333333333,370.916666666667
"species",100,100,286.111111111111,9.52777777777778,590.055555555556
"species",101,101,312.638888888889,31.9166666666667,380.583333333333
"species",102,102,310.916666666667,18.0833333333333,534.222222222222
"species",103,103,312.638888888889,31.9166666666667,380.583333333333
"species",104,104,293.638888888889,33.3888888888889,616.888888888889
"species",105,105,276.666666666667,12.8611111111111,693.5
"species",106,106,300.730769230769,41.2307692307692,343.346153846154
"species",107,107,292.172413793103,66.0689655172414,730.827586206897
"species",108,108,257.305555555556,53.8055555555556,716.944444444444
"species",109,109,282.361111111111,54.5,580.083333333333
"species",110,110,287.666666666667,34.25,497.083333333333
"species",111,111,300.730769230769,41.2307692307692,343.346153846154
"species",112,112,300.730769230769,41.2307692307692,343.346153846154
"species",113,113,312.638888888889,31.9166666666667,380.583333333333
"species",114,114,312.638888888889,31.9166666666667,380.583333333333
"species",115,115,312.638888888889,31.9166666666667,380.583333333333
"species",116,116,293.638888888889,33.3888888888889,616.888888888889
"species",117,117,300.730769230769,41.2307692307692,343.346153846154
"species",118,118,312.638888888889,31.9166666666667,380.583333333333
"species",119,119,300.730769230769,41.2307692307692,343.346153846154
"species",120,120,272,83.1944444444444,486.666666666667
"species",121,121,292.277777777778,24.6388888888889,452.944444444444
"species",122,122,287.666666666667,34.25,497.083333333333
"species",123,123,300.730769230769,41.2307692307692,343.346153846154
"species",124,124,257.305555555556,53.8055555555556,716.944444444444
"species",125,125,264.151515151515,53.6969696969697,733.757575757576
"species",126,126,312.638888888889,34.5833333333333,351.277777777778
"species",127,127,335.722222222222,24.9444444444444,491.916666666667
"species",128,128,312.638888888889,31.9166666666667,380.583333333333
"species",129,129,312.638888888889,31.9166666666667,380.583333333333
"species",130,130,312.638888888889,31.9166666666667,380.583333333333
"species",131,131,265.194444444444,23.0277777777778,718.166666666667
"species",132,132,287.222222222222,78.8611111111111,379.25
"species",133,133,264.151515151515,53.6969696969697,733.757575757576
"species",134,134,312.638888888889,31.9166666666667,380.583333333333
"species",135,135,300.730769230769,41.2307692307692,343.346153846154
"species",136,136,312.638888888889,31.9166666666667,380.583333333333
"species",137,137,287.666666666667,34.25,497.083333333333
"species",138,138,313.333333333333,62.4444444444444,489.555555555556
