"species","x","y","bio5","bio14","bio18","bio19"
"background",1,1,298.888888888889,12.3611111111111,485.222222222222,52.1111111111111
"background",2,2,340.555555555556,8.83333333333333,361.722222222222,123.083333333333
"background",3,3,308.361111111111,18.6666666666667,228.805555555556,366.25
"background",4,4,341.805555555556,0,252.722222222222,3.41666666666667
"background",5,5,327.694444444444,5.22222222222222,473.5,69.6944444444444
"background",6,6,342.611111111111,22.6111111111111,534.138888888889,113.777777777778
"background",7,7,333.666666666667,4.36111111111111,45.1944444444444,709.472222222222
"background",8,8,323.833333333333,55.5,247.833333333333,836.416666666667
"background",9,9,336.305555555556,11.8888888888889,179.361111111111,134.055555555556
"background",10,10,331.277777777778,14.5833333333333,313.388888888889,697.5
"background",11,11,312.722222222222,6.30555555555556,446.972222222222,89.4166666666667
"background",12,12,288.194444444444,80.6111111111111,361.027777777778,394.527777777778
"background",13,13,343.916666666667,11.9444444444444,336.416666666667,146.944444444444
"background",14,14,330.527777777778,45.75,193.388888888889,724.777777777778
"background",15,15,311.25,40,474.083333333333,205.277777777778
"background",16,16,320.111111111111,17.2777777777778,561.222222222222,98
"background",17,17,303.083333333333,4.97222222222222,356.277777777778,19.6388888888889
"background",18,18,316.888888888889,21.0277777777778,398.777777777778,116.388888888889
"background",19,19,265.833333333333,93.0833333333333,505.166666666667,324.388888888889
"background",20,20,318.583333333333,161.388888888889,520.833333333333,821.666666666667
"background",21,21,328.583333333333,40.4166666666667,189.333333333333,1170.25
"background",22,22,335.416666666667,0.5,255.944444444444,3.94444444444444
"background",23,23,288.5,3.22222222222222,328.361111111111,15.6111111111111
"background",24,24,329.861111111111,16.0833333333333,186.555555555556,766.083333333333
