"species","x","y","bio5","bio14","bio18"
"background",1,1,275,13.9444444444444,633.583333333333
"background",2,2,314.583333333333,4.5,191.583333333333
"background",3,3,303.5,11,664.527777777778
"background",4,4,309.5,185.194444444444,657.333333333333
"background",5,5,319.583333333333,71.3611111111111,564.944444444444
"background",6,6,327.333333333333,81.3055555555556,361.194444444444
"background",7,7,319.111111111111,177.555555555556,714.305555555556
"background",8,8,291.944444444444,78.9444444444444,451.972222222222
"background",9,9,317.638888888889,159.888888888889,576.277777777778
"background",10,10,322.694444444444,78.5,479.944444444444
"background",11,11,289.333333333333,16.1111111111111,314.472222222222
"background",12,12,288.194444444444,55.75,521.888888888889
"background",13,13,296.5,8.02777777777778,564.472222222222
"background",14,14,341.972222222222,8.47222222222222,284.444444444444
"background",15,15,317,1.44444444444444,197.75
"background",16,16,295.388888888889,32.1666666666667,581.194444444444
"background",17,17,331.416666666667,56.9722222222222,373.277777777778
"background",18,18,314.666666666667,7.02777777777778,325.055555555556
"background",19,19,326.972222222222,85.25,286.5
"background",20,20,310.166666666667,8.5,565.305555555556
"background",21,21,324.555555555556,21.1111111111111,317.25
"background",22,22,326.777777777778,93.6111111111111,376
"background",23,23,315.777777777778,4.41666666666667,193.527777777778
"background",24,24,327.388888888889,60.3888888888889,481.305555555556
"background",25,25,345.888888888889,20.8611111111111,430.611111111111
"background",26,26,321.166666666667,6.61111111111111,617.666666666667
"background",27,27,307.611111111111,214.861111111111,770.305555555556
"background",28,28,320.194444444444,174.361111111111,594.361111111111
"background",29,29,344.805555555556,1.61111111111111,31.75
"background",30,30,342.916666666667,6.13888888888889,191.611111111111
"background",31,31,323.305555555556,120.944444444444,406.638888888889
"background",32,32,303.444444444444,11,219.388888888889
"background",33,33,335.027777777778,43.3055555555556,309.027777777778
"background",34,34,332.555555555556,4.69444444444444,70.6111111111111
"background",35,35,330.527777777778,45.75,193.388888888889
"background",36,36,343.388888888889,4.55555555555556,487.583333333333
"background",37,37,279.555555555556,11.9722222222222,660.694444444444
"background",38,38,281.861111111111,81.5833333333333,523.333333333333
"background",39,39,325.555555555556,110.444444444444,380.805555555556
"background",40,40,317.916666666667,52.1111111111111,566.722222222222
"background",41,41,323.833333333333,55.5,247.833333333333
"background",42,42,313.666666666667,28.1111111111111,437.055555555556
"background",43,43,328.583333333333,40.4166666666667,189.333333333333
"background",44,44,326.25,15.4166666666667,322.777777777778
"background",45,45,328.75,14.3888888888889,434.944444444444
"background",46,46,349.777777777778,5.13888888888889,549.166666666667
"background",47,47,347.055555555556,8.72222222222222,311.75
"background",48,48,354.361111111111,6.58333333333333,608.444444444444
"background",49,49,302.805555555556,21.6111111111111,157.333333333333
"background",50,50,315.5,7.11111111111111,683.916666666667
"background",51,51,315.194444444444,26.3611111111111,553.166666666667
"background",52,52,319.916666666667,54,545.722222222222
"background",53,53,324.972222222222,28.4444444444444,446.5
"background",54,54,317.972222222222,54.9722222222222,583.25
"background",55,55,292.172413793103,66.0689655172414,730.827586206897
"background",56,56,282.305555555556,17.9444444444444,651.555555555556
"background",57,57,314.25,89.3611111111111,633
"background",58,58,312.694444444444,13.5833333333333,436.138888888889
"background",59,59,324.555555555556,1.91666666666667,212.472222222222
"background",60,60,300.555555555556,4.27777777777778,253.25
"background",61,61,317.333333333333,31.5833333333333,472.416666666667
"background",62,62,295.5,7.22222222222222,382.527777777778
"background",63,63,298.972222222222,26.75,242.361111111111
"background",64,64,350.722222222222,0.888888888888889,131.944444444444
"background",65,65,266.5,92.8333333333333,453.638888888889
"background",66,66,321.638888888889,29.4444444444444,494.972222222222
"background",67,67,335.277777777778,72.9722222222222,257.75
"background",68,68,347.361111111111,18.5277777777778,488.777777777778
"background",69,69,311.928571428571,49.75,241.071428571429
"background",70,70,336.527777777778,11.4444444444444,599.138888888889
"background",71,71,318.694444444444,34.8055555555556,264.777777777778
"background",72,72,339.833333333333,31.4444444444444,507.388888888889
"background",73,73,329.638888888889,19.7222222222222,142.222222222222
"background",74,74,310.25,2.83333333333333,90.8055555555556
"background",75,75,317.027777777778,0.638888888888889,214.527777777778
"background",76,76,343.916666666667,11.9444444444444,336.416666666667
"background",77,77,308.861111111111,47.6111111111111,452.305555555556
"background",78,78,317.222222222222,30.3055555555556,481.5
"background",79,79,333.333333333333,24.8888888888889,371.694444444444
"background",80,80,322.444444444444,66.5833333333333,285.833333333333
"background",81,81,286.111111111111,9.52777777777778,590.055555555556
"background",82,82,346.305555555556,7.36111111111111,249.472222222222
"background",83,83,317.972222222222,25.7777777777778,225.916666666667
"background",84,84,329.027777777778,84.8888888888889,270.5
"background",85,85,336.75,2.44444444444444,158.083333333333
"background",86,86,347.888888888889,8.86111111111111,564.083333333333
"background",87,87,326.694444444444,4.02777777777778,196.555555555556
"background",88,88,312.333333333333,2.52777777777778,311.25
"background",89,89,270.333333333333,124.638888888889,438.305555555556
"background",90,90,320.722222222222,84.6111111111111,421.222222222222
"background",91,91,277.944444444444,11.4722222222222,732.222222222222
"background",92,92,339.916666666667,28.3333333333333,468.722222222222
"background",93,93,318.166666666667,97.6388888888889,650.055555555556
"background",94,94,284.944444444444,8.5,562.527777777778
"background",95,95,329.444444444444,77.0833333333333,309.333333333333
"background",96,96,293.861111111111,5,449.388888888889
"background",97,97,324.583333333333,28.1388888888889,456.638888888889
"background",98,98,325.444444444444,49.75,221.111111111111
"background",99,99,313.611111111111,12.0555555555556,429.416666666667
"background",100,100,332.972222222222,48.7222222222222,323.888888888889
"background",101,101,322.777777777778,138.222222222222,517.805555555556
"background",102,102,334.694444444444,26.1388888888889,420.055555555556
"background",103,103,328.416666666667,207.305555555556,706.388888888889
"background",104,104,346.75,13.9444444444444,389.916666666667
"background",105,105,327.75,56.9166666666667,327.555555555556
"background",106,106,273.888888888889,61.8055555555556,487.805555555556
"background",107,107,326.361111111111,18.1111111111111,379.388888888889
"background",108,108,336.361111111111,43.3333333333333,458.5
"background",109,109,333.333333333333,0.333333333333333,277.194444444444
"background",110,110,295.166666666667,126.5,536.222222222222
"background",111,111,330.388888888889,31.2777777777778,569.555555555556
"background",112,112,317.527777777778,41.6111111111111,615.222222222222
"background",113,113,327.583333333333,67.2777777777778,283.333333333333
"background",114,114,312.638888888889,31.9166666666667,380.583333333333
"background",115,115,331.944444444444,12.6111111111111,398.5
"background",116,116,324.25,19.0277777777778,91.1666666666667
"background",117,117,291.194444444444,30.7777777777778,217.694444444444
"background",118,118,324.166666666667,62.8055555555556,242.055555555556
"background",119,119,309.527777777778,174.861111111111,586.916666666667
"background",120,120,300.972222222222,5.97222222222222,189.138888888889
"background",121,121,346.611111111111,3.44444444444444,476
"background",122,122,321.916666666667,46.6944444444444,232.416666666667
"background",123,123,314.444444444444,96.7222222222222,623.916666666667
"background",124,124,313.333333333333,62.4444444444444,489.555555555556
"background",125,125,324.777777777778,30.3888888888889,556.694444444444
"background",126,126,334.277777777778,2.25,64.8333333333333
"background",127,127,350.527777777778,2.5,289.75
"background",128,128,324.388888888889,89.7777777777778,356.972222222222
"background",129,129,315.083333333333,78.5,601.5
"background",130,130,356.944444444444,11.1666666666667,348.444444444444
"background",131,131,268.777777777778,20.5,678
"background",132,132,328.611111111111,3.63888888888889,437.083333333333
"background",133,133,319.222222222222,193.694444444444,717.916666666667
"background",134,134,344.333333333333,2.16666666666667,406.5
"background",135,135,336.472222222222,22.4722222222222,365.527777777778
"background",136,136,325,9.36111111111111,573.611111111111
"background",137,137,325.583333333333,91.4166666666667,366.194444444444
"background",138,138,320.777777777778,6.5,353.25
"background",139,139,329.694444444444,51.3055555555556,201.833333333333
"background",140,140,288.527777777778,80.3055555555556,547.138888888889
"background",141,141,331.333333333333,6.16666666666667,238.583333333333
"background",142,142,333.388888888889,2.11111111111111,195.75
"background",143,143,308.388888888889,217.527777777778,738.444444444444
"background",144,144,291.777777777778,96.4444444444444,389.583333333333
"background",145,145,314.75,3.91666666666667,230.527777777778
"background",146,146,319.027777777778,60.8611111111111,550.583333333333
"background",147,147,323,47.7777777777778,218.611111111111
"background",148,148,330.5,72.5,286.75
