"species","x","y","bio5","bio14","bio18"
"species",1,1,257.305555555556,53.8055555555556,716.944444444444
"species",2,2,293.638888888889,33.3888888888889,616.888888888889
"species",3,3,312.638888888889,31.9166666666667,380.583333333333
"species",4,4,292.172413793103,66.0689655172414,730.827586206897
"species",5,5,257.305555555556,53.8055555555556,716.944444444444
"species",6,6,312.638888888889,31.9166666666667,380.583333333333
"species",7,7,292.277777777778,24.6388888888889,452.944444444444
"species",8,8,286.111111111111,9.52777777777778,590.055555555556
"species",9,9,282.805555555556,36.4444444444444,526.666666666667
"species",10,10,293.638888888889,33.3888888888889,616.888888888889
"species",11,11,292.172413793103,66.0689655172414,730.827586206897
"species",12,12,312.638888888889,31.9166666666667,380.583333333333
"species",13,13,300.730769230769,41.2307692307692,343.346153846154
"species",14,14,312.638888888889,34.5833333333333,351.277777777778
"species",15,15,312.638888888889,31.9166666666667,380.583333333333
"species",16,16,291.222222222222,16.8888888888889,494.055555555556
"species",17,17,308.361111111111,24.6111111111111,379.111111111111
"species",18,18,264.151515151515,53.6969696969697,733.757575757576
"species",19,19,300.730769230769,41.2307692307692,343.346153846154
"species",20,20,300.730769230769,41.2307692307692,343.346153846154
"species",21,21,274.583333333333,81.2916666666667,570.375
"species",22,22,300.730769230769,41.2307692307692,343.346153846154
"species",23,23,300.730769230769,41.2307692307692,343.346153846154
"species",24,24,292.277777777778,24.6388888888889,452.944444444444
"species",25,25,272,83.1944444444444,486.666666666667
"species",26,26,274.583333333333,81.2916666666667,570.375
"species",27,27,287.666666666667,34.25,497.083333333333
"species",28,28,293.638888888889,33.3888888888889,616.888888888889
"species",29,29,292.277777777778,24.6388888888889,452.944444444444
"species",30,30,300.730769230769,41.2307692307692,343.346153846154
"species",31,31,292.172413793103,66.0689655172414,730.827586206897
"species",32,32,312.638888888889,31.9166666666667,380.583333333333
"species",33,33,313.333333333333,62.4444444444444,489.555555555556
"species",34,34,312.638888888889,31.9166666666667,380.583333333333
"species",35,35,257.305555555556,53.8055555555556,716.944444444444
"species",36,36,265.194444444444,23.0277777777778,718.166666666667
"species",37,37,300.730769230769,41.2307692307692,343.346153846154
"species",38,38,265.194444444444,23.0277777777778,718.166666666667
"species",39,39,300.730769230769,41.2307692307692,343.346153846154
"species",40,40,292.277777777778,24.6388888888889,452.944444444444
"species",41,41,265.194444444444,23.0277777777778,718.166666666667
"species",42,42,300.730769230769,41.2307692307692,343.346153846154
"species",43,43,265.194444444444,23.0277777777778,718.166666666667
"species",44,44,287.666666666667,34.25,497.083333333333
"species",45,45,300.730769230769,41.2307692307692,343.346153846154
"species",46,46,287.222222222222,78.8611111111111,379.25
"species",47,47,289.333333333333,16.1111111111111,314.472222222222
"species",48,48,276.666666666667,12.8611111111111,693.5
"species",49,49,300.730769230769,41.2307692307692,343.346153846154
"species",50,50,300.730769230769,41.2307692307692,343.346153846154
"species",51,51,301.888888888889,62.1388888888889,304.611111111111
"species",52,52,300.730769230769,41.2307692307692,343.346153846154
"species",53,53,257.305555555556,53.8055555555556,716.944444444444
"species",54,54,278.555555555556,78.3333333333333,370.916666666667
"species",55,55,312.638888888889,31.9166666666667,380.583333333333
"species",56,56,287.222222222222,78.8611111111111,379.25
"species",57,57,278.805555555556,14.0277777777778,576.722222222222
"species",58,58,300.730769230769,41.2307692307692,343.346153846154
"species",59,59,293.638888888889,33.3888888888889,616.888888888889
"species",60,60,312.638888888889,31.9166666666667,380.583333333333
"species",61,61,291.222222222222,16.8888888888889,494.055555555556
"species",62,62,287.666666666667,34.25,497.083333333333
"species",63,63,312.638888888889,31.9166666666667,380.583333333333
"species",64,64,266.444444444444,38.5277777777778,568.166666666667
"species",65,65,300.730769230769,41.2307692307692,343.346153846154
"species",66,66,300.730769230769,41.2307692307692,343.346153846154
"species",67,67,264.151515151515,53.6969696969697,733.757575757576
"species",68,68,293.638888888889,33.3888888888889,616.888888888889
"species",69,69,300.730769230769,41.2307692307692,343.346153846154
"species",70,70,312.638888888889,31.9166666666667,380.583333333333
"species",71,71,292.277777777778,24.6388888888889,452.944444444444
"species",72,72,293.638888888889,33.3888888888889,616.888888888889
"species",73,73,312.638888888889,31.9166666666667,380.583333333333
"species",74,74,293.638888888889,33.3888888888889,616.888888888889
"species",75,75,292.277777777778,24.6388888888889,452.944444444444
"species",76,76,292.277777777778,24.6388888888889,452.944444444444
"species",77,77,312.638888888889,31.9166666666667,380.583333333333
"species",78,78,312.638888888889,31.9166666666667,380.583333333333
"species",79,79,287.666666666667,34.25,497.083333333333
"species",80,80,291.222222222222,16.8888888888889,494.055555555556
"species",81,81,264.151515151515,53.6969696969697,733.757575757576
"species",82,82,292.172413793103,66.0689655172414,730.827586206897
"species",83,83,280.638888888889,23.4444444444444,601.305555555556
"species",84,84,312.638888888889,34.5833333333333,351.277777777778
"species",85,85,264.151515151515,53.6969696969697,733.757575757576
"species",86,86,265.194444444444,23.0277777777778,718.166666666667
"species",87,87,282.361111111111,54.5,580.083333333333
"species",88,88,312.638888888889,31.9166666666667,380.583333333333
"species",89,89,293.638888888889,33.3888888888889,616.888888888889
"species",90,90,282.305555555556,11.5277777777778,629.5
"species",91,91,265.194444444444,23.0277777777778,718.166666666667
"species",92,92,306.515151515152,61.9090909090909,290.878787878788
"species",93,93,292.888888888889,64.3888888888889,306.111111111111
"species",94,94,311.928571428571,49.75,241.071428571429
"species",95,95,312.638888888889,31.9166666666667,380.583333333333
"species",96,96,312.638888888889,31.9166666666667,380.583333333333
"species",97,97,308.361111111111,24.6111111111111,379.111111111111
"species",98,98,310.916666666667,18.0833333333333,534.222222222222
"species",99,99,292.277777777778,24.6388888888889,452.944444444444
"species",100,100,312.638888888889,31.9166666666667,380.583333333333
"species",101,101,287.666666666667,34.25,497.083333333333
"species",102,102,278.805555555556,14.0277777777778,576.722222222222
"species",103,103,264.151515151515,53.6969696969697,733.757575757576
"species",104,104,312.638888888889,34.5833333333333,351.277777777778
"species",105,105,301.888888888889,62.1388888888889,304.611111111111
"species",106,106,287.666666666667,34.25,497.083333333333
"species",107,107,293.638888888889,33.3888888888889,616.888888888889
"species",108,108,282.361111111111,54.5,580.083333333333
"species",109,109,272,83.1944444444444,486.666666666667
"species",110,110,312.638888888889,31.9166666666667,380.583333333333
"species",111,111,292.277777777778,24.6388888888889,452.944444444444
"species",112,112,312.638888888889,31.9166666666667,380.583333333333
"species",113,113,313.333333333333,62.4444444444444,489.555555555556
"species",114,114,291.222222222222,16.8888888888889,494.055555555556
"species",115,115,312.638888888889,31.9166666666667,380.583333333333
"species",116,116,288.416666666667,26.7222222222222,611.416666666667
"species",117,117,257.305555555556,53.8055555555556,716.944444444444
"species",118,118,292.888888888889,64.3888888888889,306.111111111111
"species",119,119,293.638888888889,33.3888888888889,616.888888888889
"species",120,120,312.638888888889,31.9166666666667,380.583333333333
"species",121,121,312.638888888889,31.9166666666667,380.583333333333
"species",122,122,292.277777777778,24.6388888888889,452.944444444444
"species",123,123,278.805555555556,14.0277777777778,576.722222222222
"species",124,124,312.638888888889,31.9166666666667,380.583333333333
"species",125,125,312.638888888889,31.9166666666667,380.583333333333
"species",126,126,300.730769230769,41.2307692307692,343.346153846154
"species",127,127,257.305555555556,53.8055555555556,716.944444444444
"species",128,128,312.638888888889,31.9166666666667,380.583333333333
"species",129,129,292.277777777778,24.6388888888889,452.944444444444
"species",130,130,282.361111111111,54.5,580.083333333333
"species",131,131,312.638888888889,31.9166666666667,380.583333333333
"species",132,132,293.638888888889,33.3888888888889,616.888888888889
"species",133,133,300.730769230769,41.2307692307692,343.346153846154
"species",134,134,300.730769230769,41.2307692307692,343.346153846154
"species",135,135,292.277777777778,24.6388888888889,452.944444444444
"species",136,136,310.916666666667,18.0833333333333,534.222222222222
"species",137,137,287.666666666667,34.25,497.083333333333
"species",138,138,287.666666666667,34.25,497.083333333333
