"species","x","y","bio5","bio14","bio18"
"background",1,1,336.527777777778,26.9722222222222,477.027777777778
"background",2,2,334.444444444444,37.2777777777778,400.583333333333
"background",3,3,343.277777777778,8.08333333333333,75.9722222222222
"background",4,4,307,6.52777777777778,467.361111111111
"background",5,5,339.416666666667,2.52777777777778,440.861111111111
"background",6,6,325.805555555556,2.80555555555556,159.611111111111
"background",7,7,261.888888888889,74.3055555555556,502.972222222222
"background",8,8,304.972222222222,73.8055555555556,288.111111111111
"background",9,9,319.833333333333,66.4444444444444,284.444444444444
"background",10,10,284.583333333333,19.8055555555556,622.388888888889
"background",11,11,309.5,185.194444444444,657.333333333333
"background",12,12,330.5,1.52777777777778,89.0833333333333
"background",13,13,347.888888888889,8.86111111111111,564.083333333333
"background",14,14,314.25,89.3611111111111,633
"background",15,15,288.666666666667,13.1111111111111,147.527777777778
"background",16,16,286.111111111111,9.52777777777778,590.055555555556
"background",17,17,345.416666666667,2.77777777777778,461.222222222222
"background",18,18,305.305555555556,212.194444444444,710.5
"background",19,19,349.777777777778,5.13888888888889,549.166666666667
"background",20,20,332.416666666667,6.97222222222222,325.027777777778
"background",21,21,303.083333333333,4.97222222222222,356.277777777778
"background",22,22,328.638888888889,86.8055555555556,321.25
"background",23,23,334.277777777778,2.25,64.8333333333333
"background",24,24,317.805555555556,8.22222222222222,354.944444444444
"background",25,25,333.666666666667,4.36111111111111,45.1944444444444
"background",26,26,293.833333333333,18.7777777777778,631.305555555556
"background",27,27,356.194444444444,3.80555555555556,627.972222222222
"background",28,28,305.25,2.11111111111111,258.694444444444
"background",29,29,344.416666666667,1.5,175.861111111111
"background",30,30,308.277777777778,13.9722222222222,621.194444444444
"background",31,31,335.333333333333,26.8333333333333,112.861111111111
"background",32,32,322.444444444444,66.5833333333333,285.833333333333
"background",33,33,311.361111111111,27.2222222222222,502.111111111111
"background",34,34,287.777777777778,101.666666666667,417.666666666667
"background",35,35,321.166666666667,6.61111111111111,617.666666666667
"background",36,36,254.833333333333,117.944444444444,462.166666666667
"background",37,37,282.361111111111,54.5,580.083333333333
"background",38,38,310.25,2.83333333333333,90.8055555555556
"background",39,39,309.388888888889,23.2222222222222,174.277777777778
"background",40,40,326.055555555556,22.6666666666667,101.694444444444
"background",41,41,328.277777777778,10.8333333333333,118.805555555556
"background",42,42,322.583333333333,142.527777777778,462.527777777778
"background",43,43,309.527777777778,174.861111111111,586.916666666667
"background",44,44,312.583333333333,79.6944444444444,384.75
"background",45,45,329.638888888889,19.7222222222222,142.222222222222
"background",46,46,323.833333333333,61.6944444444444,235.055555555556
"background",47,47,291.944444444444,78.9444444444444,451.972222222222
"background",48,48,323,19.5833333333333,283.611111111111
"background",49,49,304.666666666667,13.2777777777778,642.222222222222
"background",50,50,331.166666666667,68.3333333333333,229.611111111111
"background",51,51,312.083333333333,37.3333333333333,305.888888888889
"background",52,52,310.444444444444,5.33333333333333,220.472222222222
"background",53,53,338.333333333333,30.3888888888889,347.527777777778
"background",54,54,313.666666666667,22.5833333333333,563.555555555556
"background",55,55,309.833333333333,211.25,650.777777777778
"background",56,56,317.222222222222,30.3055555555556,481.5
"background",57,57,315.5,7.11111111111111,683.916666666667
"background",58,58,315,134.972222222222,435.5
"background",59,59,323.25,65.5833333333333,571.972222222222
"background",60,60,342.611111111111,22.6111111111111,534.138888888889
"background",61,61,350.527777777778,2.5,289.75
"background",62,62,331.277777777778,2.80555555555556,166.833333333333
"background",63,63,318.583333333333,19.4722222222222,214.583333333333
"background",64,64,319.138888888889,161.388888888889,535.944444444444
"background",65,65,312.916666666667,64.7222222222222,483.972222222222
"background",66,66,328.416666666667,49.6111111111111,543.944444444444
"background",67,67,321.916666666667,72.6111111111111,618.083333333333
"background",68,68,305.555555555556,7.75,585.5
"background",69,69,290.138888888889,6.33333333333333,231.5
"background",70,70,314.444444444444,2.61111111111111,89.9444444444444
"background",71,71,329.75,15.3055555555556,465.694444444444
"background",72,72,320.027777777778,36.5,584.194444444444
"background",73,73,325.833333333333,43.0833333333333,197.583333333333
"background",74,74,326.333333333333,58.25,233.166666666667
"background",75,75,348.527777777778,5,360.972222222222
"background",76,76,330.916666666667,23.4444444444444,124.444444444444
"background",77,77,291.777777777778,96.4444444444444,389.583333333333
"background",78,78,325.444444444444,49.75,221.111111111111
"background",79,79,336.722222222222,26.2222222222222,552.888888888889
"background",80,80,313.666666666667,102.472222222222,366.944444444444
"background",81,81,332.972222222222,48.7222222222222,323.888888888889
"background",82,82,351.111111111111,1.94444444444444,460.222222222222
"background",83,83,311.194444444444,30.4166666666667,190.555555555556
"background",84,84,322.305555555556,105.444444444444,422.305555555556
"background",85,85,327.444444444444,79.1388888888889,261.527777777778
"background",86,86,336.027777777778,14.5,67.6666666666667
"background",87,87,307.416666666667,25.3055555555556,514.138888888889
"background",88,88,346.611111111111,3.44444444444444,476
"background",89,89,316.722222222222,0.388888888888889,305.888888888889
"background",90,90,301.257142857143,66.0285714285714,276.342857142857
"background",91,91,339.666666666667,8.47222222222222,267.888888888889
"background",92,92,313.277777777778,132.416666666667,643.944444444444
"background",93,93,340.555555555556,8.83333333333333,361.722222222222
"background",94,94,312.972222222222,19.5277777777778,527.083333333333
"background",95,95,330.527777777778,45.75,193.388888888889
"background",96,96,342.527777777778,9.61111111111111,536.861111111111
"background",97,97,329.138888888889,3.16666666666667,202.472222222222
"background",98,98,326.583333333333,20.5555555555556,137.694444444444
"background",99,99,313.666666666667,33.4722222222222,490
"background",100,100,317.027777777778,0.638888888888889,214.527777777778
"background",101,101,345.888888888889,20.8611111111111,430.611111111111
"background",102,102,340.527777777778,7.27777777777778,118.305555555556
"background",103,103,354.361111111111,6.58333333333333,608.444444444444
"background",104,104,331.944444444444,8.55555555555556,334.805555555556
"background",105,105,327.694444444444,80.2222222222222,290.333333333333
"background",106,106,331.333333333333,6.16666666666667,238.583333333333
"background",107,107,324.972222222222,28.4444444444444,446.5
"background",108,108,325.694444444444,75.3611111111111,347.611111111111
"background",109,109,337.527777777778,0.0277777777777778,275.944444444444
"background",110,110,305.638888888889,104.027777777778,356.333333333333
"background",111,111,315.083333333333,78.5,601.5
"background",112,112,288.416666666667,26.7222222222222,611.416666666667
"background",113,113,344,3.86111111111111,242.888888888889
"background",114,114,321.083333333333,7.97222222222222,267.666666666667
"background",115,115,296.5,8.02777777777778,564.472222222222
"background",116,116,320.888888888889,80.9166666666667,591.25
"background",117,117,343.388888888889,4.55555555555556,487.583333333333
"background",118,118,326.416666666667,78.5,333.333333333333
"background",119,119,323.583333333333,50.8888888888889,250.305555555556
"background",120,120,321.055555555556,1.47222222222222,162.527777777778
"background",121,121,320.5,86.3333333333333,396.25
"background",122,122,324.611111111111,109.361111111111,349.944444444444
"background",123,123,297.583333333333,105.222222222222,560.111111111111
"background",124,124,322.194444444444,0.972222222222222,262.861111111111
"background",125,125,274.75,74.0555555555556,467.888888888889
"background",126,126,283.666666666667,87.5151515151515,294.090909090909
"background",127,127,305.25,35.1666666666667,292.361111111111
"background",128,128,326.777777777778,93.6111111111111,376
"background",129,129,324.694444444444,40.9444444444444,174.527777777778
"background",130,130,342.666666666667,3.22222222222222,107.888888888889
"background",131,131,319.424242424242,11.6969696969697,56.5454545454545
"background",132,132,277.944444444444,11.4722222222222,732.222222222222
"background",133,133,312.638888888889,31.9166666666667,380.583333333333
"background",134,134,328.75,14.3888888888889,434.944444444444
"background",135,135,326.972222222222,85.25,286.5
"background",136,136,322.888888888889,62.4722222222222,393.277777777778
"background",137,137,334.611111111111,4.97222222222222,369.444444444444
"background",138,138,276.666666666667,12.8611111111111,693.5
"background",139,139,265.833333333333,93.0833333333333,505.166666666667
"background",140,140,347.083333333333,3.05555555555556,414.111111111111
"background",141,141,290.666666666667,41.9722222222222,506.472222222222
"background",142,142,311.416666666667,162.166666666667,591.25
"background",143,143,346.694444444444,0.472222222222222,230.777777777778
"background",144,144,336.472222222222,22.4722222222222,365.527777777778
"background",145,145,327.916666666667,41.7777777777778,198.222222222222
"background",146,146,318.888888888889,2.61111111111111,194.222222222222
"background",147,147,304.638888888889,2.52777777777778,484.138888888889
"background",148,148,336.361111111111,43.3333333333333,458.5
