"species","x","y","bio5","bio14","bio18"
"species",1,1,300.730769230769,41.2307692307692,343.346153846154
"species",2,2,257.305555555556,53.8055555555556,716.944444444444
"species",3,3,257.305555555556,53.8055555555556,716.944444444444
"species",4,4,280.638888888889,23.4444444444444,601.305555555556
"species",5,5,278.555555555556,78.3333333333333,370.916666666667
"species",6,6,286.111111111111,9.52777777777778,590.055555555556
"species",7,7,313.333333333333,62.4444444444444,489.555555555556
"species",8,8,292.888888888889,64.3888888888889,306.111111111111
"species",9,9,312.638888888889,31.9166666666667,380.583333333333
"species",10,10,278.555555555556,78.3333333333333,370.916666666667
"species",11,11,300.730769230769,41.2307692307692,343.346153846154
"species",12,12,292.172413793103,66.0689655172414,730.827586206897
"species",13,13,292.277777777778,24.6388888888889,452.944444444444
"species",14,14,287.666666666667,34.25,497.083333333333
"species",15,15,293.638888888889,33.3888888888889,616.888888888889
"species",16,16,289.333333333333,16.1111111111111,314.472222222222
"species",17,17,308.361111111111,24.6111111111111,379.111111111111
"species",18,18,312.638888888889,31.9166666666667,380.583333333333
"species",19,19,335.722222222222,24.9444444444444,491.916666666667
"species",20,20,293.638888888889,33.3888888888889,616.888888888889
"species",21,21,287.666666666667,34.25,497.083333333333
"species",22,22,300.730769230769,41.2307692307692,343.346153846154
"species",23,23,291.222222222222,16.8888888888889,494.055555555556
"species",24,24,312.638888888889,31.9166666666667,380.583333333333
"species",25,25,312.638888888889,31.9166666666667,380.583333333333
"species",26,26,312.638888888889,31.9166666666667,380.583333333333
"species",27,27,292.277777777778,24.6388888888889,452.944444444444
"species",28,28,313.333333333333,62.4444444444444,489.555555555556
"species",29,29,282.361111111111,54.5,580.083333333333
"species",30,30,291.222222222222,16.8888888888889,494.055555555556
"species",31,31,292.888888888889,64.3888888888889,306.111111111111
"species",32,32,293.638888888889,33.3888888888889,616.888888888889
"species",33,33,300.730769230769,41.2307692307692,343.346153846154
"species",34,34,292.277777777778,24.6388888888889,452.944444444444
"species",35,35,312.638888888889,31.9166666666667,380.583333333333
"species",36,36,312.638888888889,31.9166666666667,380.583333333333
"species",37,37,300.730769230769,41.2307692307692,343.346153846154
"species",38,38,292.277777777778,24.6388888888889,452.944444444444
"species",39,39,312.638888888889,31.9166666666667,380.583333333333
"species",40,40,310.916666666667,18.0833333333333,534.222222222222
"species",41,41,293.638888888889,33.3888888888889,616.888888888889
"species",42,42,257.305555555556,53.8055555555556,716.944444444444
"species",43,43,292.277777777778,24.6388888888889,452.944444444444
"species",44,44,278.805555555556,14.0277777777778,576.722222222222
"species",45,45,292.277777777778,24.6388888888889,452.944444444444
"species",46,46,312.638888888889,31.9166666666667,380.583333333333
"species",47,47,312.638888888889,31.9166666666667,380.583333333333
"species",48,48,287.666666666667,34.25,497.083333333333
"species",49,49,265.194444444444,23.0277777777778,718.166666666667
"species",50,50,311.928571428571,49.75,241.071428571429
"species",51,51,292.277777777778,24.6388888888889,452.944444444444
"species",52,52,293.638888888889,33.3888888888889,616.888888888889
"species",53,53,300.730769230769,41.2307692307692,343.346153846154
"species",54,54,282.361111111111,54.5,580.083333333333
"species",55,55,300.730769230769,41.2307692307692,343.346153846154
"species",56,56,312.638888888889,31.9166666666667,380.583333333333
"species",57,57,312.638888888889,31.9166666666667,380.583333333333
"species",58,58,287.666666666667,34.25,497.083333333333
"species",59,59,265.194444444444,23.0277777777778,718.166666666667
"species",60,60,264.151515151515,53.6969696969697,733.757575757576
"species",61,61,293.638888888889,33.3888888888889,616.888888888889
"species",62,62,312.638888888889,34.5833333333333,351.277777777778
"species",63,63,312.638888888889,31.9166666666667,380.583333333333
"species",64,64,278.805555555556,14.0277777777778,576.722222222222
"species",65,65,304.083333333333,13.5833333333333,493.027777777778
"species",66,66,264.151515151515,53.6969696969697,733.757575757576
"species",67,67,291.222222222222,16.8888888888889,494.055555555556
"species",68,68,264.151515151515,53.6969696969697,733.757575757576
"species",69,69,292.172413793103,66.0689655172414,730.827586206897
"species",70,70,257.305555555556,53.8055555555556,716.944444444444
"species",71,71,300.730769230769,41.2307692307692,343.346153846154
"species",72,72,312.638888888889,31.9166666666667,380.583333333333
"species",73,73,312.638888888889,31.9166666666667,380.583333333333
"species",74,74,300.730769230769,41.2307692307692,343.346153846154
"species",75,75,293.638888888889,33.3888888888889,616.888888888889
"species",76,76,312.638888888889,31.9166666666667,380.583333333333
"species",77,77,282.361111111111,54.5,580.083333333333
"species",78,78,257.305555555556,53.8055555555556,716.944444444444
"species",79,79,306.515151515152,61.9090909090909,290.878787878788
"species",80,80,312.638888888889,31.9166666666667,380.583333333333
"species",81,81,312.638888888889,31.9166666666667,380.583333333333
"species",82,82,274.583333333333,81.2916666666667,570.375
"species",83,83,301.888888888889,62.1388888888889,304.611111111111
"species",84,84,274.583333333333,81.2916666666667,570.375
"species",85,85,292.172413793103,66.0689655172414,730.827586206897
"species",86,86,257.305555555556,53.8055555555556,716.944444444444
"species",87,87,265.194444444444,23.0277777777778,718.166666666667
"species",88,88,265.194444444444,23.0277777777778,718.166666666667
"species",89,89,257.305555555556,53.8055555555556,716.944444444444
"species",90,90,291.222222222222,16.8888888888889,494.055555555556
"species",91,91,292.172413793103,66.0689655172414,730.827586206897
"species",92,92,310.916666666667,18.0833333333333,534.222222222222
"species",93,93,282.805555555556,36.4444444444444,526.666666666667
"species",94,94,300.730769230769,41.2307692307692,343.346153846154
"species",95,95,312.638888888889,31.9166666666667,380.583333333333
"species",96,96,312.638888888889,31.9166666666667,380.583333333333
"species",97,97,257.305555555556,53.8055555555556,716.944444444444
"species",98,98,292.277777777778,24.6388888888889,452.944444444444
"species",99,99,264.151515151515,53.6969696969697,733.757575757576
"species",100,100,292.888888888889,64.3888888888889,306.111111111111
"species",101,101,312.638888888889,31.9166666666667,380.583333333333
"species",102,102,287.666666666667,34.25,497.083333333333
"species",103,103,257.305555555556,53.8055555555556,716.944444444444
"species",104,104,312.638888888889,31.9166666666667,380.583333333333
"species",105,105,293.638888888889,33.3888888888889,616.888888888889
"species",106,106,300.730769230769,41.2307692307692,343.346153846154
"species",107,107,287.666666666667,34.25,497.083333333333
"species",108,108,291.222222222222,16.8888888888889,494.055555555556
"species",109,109,287.666666666667,34.25,497.083333333333
"species",110,110,265.194444444444,23.0277777777778,718.166666666667
"species",111,111,312.638888888889,31.9166666666667,380.583333333333
"species",112,112,312.638888888889,31.9166666666667,380.583333333333
"species",113,113,312.638888888889,31.9166666666667,380.583333333333
"species",114,114,292.277777777778,24.6388888888889,452.944444444444
"species",115,115,287.666666666667,34.25,497.083333333333
"species",116,116,266.444444444444,38.5277777777778,568.166666666667
"species",117,117,257.305555555556,53.8055555555556,716.944444444444
"species",118,118,287.666666666667,34.25,497.083333333333
"species",119,119,300.730769230769,41.2307692307692,343.346153846154
"species",120,120,300.730769230769,41.2307692307692,343.346153846154
"species",121,121,300.730769230769,41.2307692307692,343.346153846154
"species",122,122,292.172413793103,66.0689655172414,730.827586206897
"species",123,123,257.305555555556,53.8055555555556,716.944444444444
"species",124,124,310.916666666667,18.0833333333333,534.222222222222
"species",125,125,300.730769230769,41.2307692307692,343.346153846154
"species",126,126,300.730769230769,41.2307692307692,343.346153846154
"species",127,127,292.277777777778,24.6388888888889,452.944444444444
"species",128,128,288.416666666667,26.7222222222222,611.416666666667
"species",129,129,292.277777777778,24.6388888888889,452.944444444444
"species",130,130,300.730769230769,41.2307692307692,343.346153846154
"species",131,131,308.361111111111,24.6111111111111,379.111111111111
"species",132,132,312.638888888889,31.9166666666667,380.583333333333
"species",133,133,287.222222222222,78.8611111111111,379.25
"species",134,134,276.666666666667,12.8611111111111,693.5
"species",135,135,292.277777777778,24.6388888888889,452.944444444444
"species",136,136,312.638888888889,31.9166666666667,380.583333333333
"species",137,137,287.222222222222,78.8611111111111,379.25
"species",138,138,312.638888888889,31.9166666666667,380.583333333333
"species",139,139,300.730769230769,41.2307692307692,343.346153846154
