"species","x","y","bio5","bio14","bio18"
"species",1,1,282.805555555556,36.4444444444444,526.666666666667
"species",2,2,313.333333333333,62.4444444444444,489.555555555556
"species",3,3,287.222222222222,78.8611111111111,379.25
"species",4,4,260.666666666667,24.5833333333333,718.055555555556
"species",5,5,308.361111111111,24.6111111111111,379.111111111111
"species",6,6,282.305555555556,11.5277777777778,629.5
"species",7,7,292.888888888889,64.3888888888889,306.111111111111
"species",8,8,335.722222222222,24.9444444444444,491.916666666667
"species",9,9,288.416666666667,26.7222222222222,611.416666666667
"species",10,10,312.638888888889,34.5833333333333,351.277777777778
"species",11,11,266.444444444444,38.5277777777778,568.166666666667
"species",12,12,265.194444444444,23.0277777777778,718.166666666667
"species",13,13,311.928571428571,49.75,241.071428571429
"species",14,14,291.222222222222,16.8888888888889,494.055555555556
"species",15,15,311.928571428571,49.75,241.071428571429
"species",16,16,312.638888888889,31.9166666666667,380.583333333333
"species",17,17,257.305555555556,53.8055555555556,716.944444444444
"species",18,18,293.638888888889,33.3888888888889,616.888888888889
"species",19,19,304.083333333333,13.5833333333333,493.027777777778
"species",20,20,306.515151515152,61.9090909090909,290.878787878788
"species",21,21,280.638888888889,23.4444444444444,601.305555555556
"species",22,22,272,83.1944444444444,486.666666666667
"species",23,23,282.305555555556,11.5277777777778,629.5
"species",24,24,278.805555555556,14.0277777777778,576.722222222222
"species",25,25,264.151515151515,53.6969696969697,733.757575757576
"species",26,26,274.583333333333,81.2916666666667,570.375
"species",27,27,292.172413793103,66.0689655172414,730.827586206897
"species",28,28,308.361111111111,24.6111111111111,379.111111111111
"species",29,29,300.730769230769,41.2307692307692,343.346153846154
"species",30,30,292.888888888889,64.3888888888889,306.111111111111
"species",31,31,301.888888888889,62.1388888888889,304.611111111111
"species",32,32,292.277777777778,24.6388888888889,452.944444444444
"species",33,33,265.194444444444,23.0277777777778,718.166666666667
"species",34,34,300.730769230769,41.2307692307692,343.346153846154
"species",35,35,257.305555555556,53.8055555555556,716.944444444444
"species",36,36,335.722222222222,24.9444444444444,491.916666666667
"species",37,37,276.666666666667,12.8611111111111,693.5
"species",38,38,286.111111111111,9.52777777777778,590.055555555556
"species",39,39,312.638888888889,34.5833333333333,351.277777777778
"species",40,40,272,83.1944444444444,486.666666666667
"species",41,41,312.638888888889,31.9166666666667,380.583333333333
"species",42,42,284.583333333333,19.8055555555556,622.388888888889
"species",43,43,280.638888888889,23.4444444444444,601.305555555556
"species",44,44,292.172413793103,66.0689655172414,730.827586206897
"species",45,45,313.333333333333,62.4444444444444,489.555555555556
"species",46,46,293.638888888889,33.3888888888889,616.888888888889
"species",47,47,291.222222222222,16.8888888888889,494.055555555556
"species",48,48,286.111111111111,9.52777777777778,590.055555555556
"species",49,49,284.583333333333,19.8055555555556,622.388888888889
"species",50,50,287.666666666667,34.25,497.083333333333
