"species","x","y","bio5","bio14","bio18"
"background",1,1,309.5,33.5277777777778,530.138888888889
"background",2,2,296.5,8.02777777777778,564.472222222222
"background",3,3,254.833333333333,117.944444444444,462.166666666667
"background",4,4,327.527777777778,21.9444444444444,468.027777777778
"background",5,5,324.611111111111,109.361111111111,349.944444444444
"background",6,6,335.583333333333,4.08333333333333,233.388888888889
"background",7,7,345.305555555556,2.27777777777778,438.222222222222
"background",8,8,296.333333333333,7.47222222222222,628.027777777778
"background",9,9,310.916666666667,18.0833333333333,534.222222222222
"background",10,10,322.611111111111,60.6944444444444,284.166666666667
"background",11,11,273.888888888889,61.8055555555556,487.805555555556
"background",12,12,344.444444444444,1.75,484.472222222222
"background",13,13,333.083333333333,11.8888888888889,488.916666666667
"background",14,14,305.555555555556,7.75,585.5
"background",15,15,327.694444444444,5.22222222222222,473.5
"background",16,16,337.416666666667,3.58333333333333,229.25
"background",17,17,348.25,4.30555555555556,505.111111111111
"background",18,18,336.527777777778,26.9722222222222,477.027777777778
"background",19,19,324.138888888889,38.4166666666667,155.138888888889
"background",20,20,343.388888888889,0.527777777777778,182.861111111111
"background",21,21,336.75,2.44444444444444,158.083333333333
"background",22,22,320.5,86.3333333333333,396.25
"background",23,23,325.555555555556,110.444444444444,380.805555555556
"background",24,24,325,9.36111111111111,573.611111111111
"background",25,25,341.444444444444,4.05555555555556,369.861111111111
