"species","x","y","bio5","bio14","bio18"
"background",1,1,339.833333333333,31.4444444444444,507.388888888889
"background",2,2,333.388888888889,21.0277777777778,396.25
"background",3,3,265.833333333333,93.0833333333333,505.166666666667
"background",4,4,315.555555555556,3.38888888888889,67.6944444444444
"background",5,5,327.916666666667,41.7777777777778,198.222222222222
"background",6,6,311.25,40,474.083333333333
"background",7,7,327.361111111111,1.30555555555556,202.555555555556
"background",8,8,332.416666666667,6.97222222222222,325.027777777778
"background",9,9,332.972222222222,48.7222222222222,323.888888888889
"background",10,10,340.777777777778,3.58333333333333,415.583333333333
"background",11,11,322.611111111111,60.6944444444444,284.166666666667
"background",12,12,350.388888888889,10.5833333333333,343.638888888889
"background",13,13,334.833333333333,12.25,104.25
"background",14,14,297.888888888889,57.1666666666667,452.055555555556
"background",15,15,320.027777777778,7.38888888888889,374.5
"background",16,16,321.027777777778,196.888888888889,666
"background",17,17,352.388888888889,2.63888888888889,521.583333333333
"background",18,18,305.305555555556,212.194444444444,710.5
"background",19,19,309.527777777778,174.861111111111,586.916666666667
"background",20,20,345.333333333333,3.25,184.25
"background",21,21,329.027777777778,6.22222222222222,418.166666666667
"background",22,22,336.5,3.58333333333333,65.4722222222222
"background",23,23,331.916666666667,12.1388888888889,396.5
"background",24,24,323.833333333333,55.5,247.833333333333
"background",25,25,287.777777777778,101.666666666667,417.666666666667
"background",26,26,324.555555555556,1.91666666666667,212.472222222222
"background",27,27,298.888888888889,12.3611111111111,485.222222222222
"background",28,28,341.444444444444,4.05555555555556,369.861111111111
"background",29,29,334.277777777778,2.25,64.8333333333333
"background",30,30,315.777777777778,4.41666666666667,193.527777777778
"background",31,31,315.25,103.555555555556,575.138888888889
"background",32,32,326.666666666667,36.0833333333333,146.444444444444
