"species","x","y","bio5","bio14","bio18"
"background",1,1,272,83.1944444444444,486.666666666667
"background",2,2,305.055555555556,13,486.805555555556
"background",3,3,334.416666666667,82.4722222222222,259.555555555556
"background",4,4,334.611111111111,19.8333333333333,200.111111111111
"background",5,5,334.888888888889,16.3611111111111,304.25
"background",6,6,330.083333333333,1.77777777777778,166.027777777778
"background",7,7,328.916666666667,16.5,129.472222222222
"background",8,8,320.027777777778,36.5,584.194444444444
"background",9,9,319.138888888889,161.388888888889,535.944444444444
"background",10,10,310.222222222222,1.52777777777778,233.583333333333
"background",11,11,331.416666666667,56.9722222222222,373.277777777778
"background",12,12,341.805555555556,0,252.722222222222
"background",13,13,332.777777777778,44.5833333333333,156.805555555556
"background",14,14,319.583333333333,71.3611111111111,564.944444444444
"background",15,15,344.444444444444,1.75,484.472222222222
"background",16,16,261.888888888889,74.3055555555556,502.972222222222
"background",17,17,335.027777777778,9.94444444444444,464.444444444444
"background",18,18,281.083333333333,18.1111111111111,245.972222222222
"background",19,19,305.111111111111,3.33333333333333,209.166666666667
"background",20,20,319.944444444444,78.0277777777778,355.361111111111
"background",21,21,278.805555555556,14.0277777777778,576.722222222222
"background",22,22,347.305555555556,12.75,345.222222222222
"background",23,23,322.777777777778,138.222222222222,517.805555555556
"background",24,24,291.944444444444,78.9444444444444,451.972222222222
"background",25,25,288.194444444444,55.75,521.888888888889
"background",26,26,313.666666666667,102.472222222222,366.944444444444
"background",27,27,329.027777777778,61.7777777777778,225.638888888889
"background",28,28,326.777777777778,93.6111111111111,376
"background",29,29,334.277777777778,2.25,64.8333333333333
"background",30,30,344.111111111111,2.47222222222222,173.5
"background",31,31,347.194444444444,4.25,114.583333333333
"background",32,32,328.75,14.3888888888889,434.944444444444
"background",33,33,348.277777777778,2.5,472.027777777778
"background",34,34,328.777777777778,45.2777777777778,348.972222222222
"background",35,35,323.277777777778,26.6666666666667,158.75
"background",36,36,333.333333333333,0.333333333333333,277.194444444444
"background",37,37,297.888888888889,57.1666666666667,452.055555555556
"background",38,38,309.388888888889,23.2222222222222,174.277777777778
"background",39,39,305.25,35.1666666666667,292.361111111111
"background",40,40,327.527777777778,21.9444444444444,468.027777777778
"background",41,41,350.527777777778,2.5,289.75
"background",42,42,325.444444444444,49.75,221.111111111111
"background",43,43,316.194444444444,36.3055555555556,493.388888888889
"background",44,44,326.611111111111,46.0277777777778,230.638888888889
"background",45,45,284.611111111111,116.555555555556,442.944444444444
"background",46,46,346.75,13.9444444444444,389.916666666667
"background",47,47,317.861111111111,13.8611111111111,194.888888888889
"background",48,48,278.555555555556,78.3333333333333,370.916666666667
"background",49,49,306.611111111111,181.361111111111,843.861111111111
"background",50,50,319.861111111111,36.25,142.027777777778
"background",51,51,327.055555555556,54.0277777777778,203.027777777778
"background",52,52,339.833333333333,31.4444444444444,507.388888888889
"background",53,53,306.722222222222,129.5,411.194444444444
"background",54,54,313.666666666667,33.4722222222222,490
"background",55,55,331.944444444444,30,133.555555555556
"background",56,56,355.944444444444,9.72222222222222,382.972222222222
"background",57,57,257.305555555556,53.8055555555556,716.944444444444
"background",58,58,309.5,185.194444444444,657.333333333333
"background",59,59,323.305555555556,120.944444444444,406.638888888889
"background",60,60,315.5,26.6388888888889,228.5
"background",61,61,346.305555555556,7.36111111111111,249.472222222222
"background",62,62,320.222222222222,0.472222222222222,248.166666666667
"background",63,63,327.027777777778,79.1944444444444,267.111111111111
"background",64,64,307,6.52777777777778,467.361111111111
"background",65,65,336.5,3.58333333333333,65.4722222222222
"background",66,66,330.583333333333,77.6944444444444,271.305555555556
"background",67,67,311.055555555556,13.0555555555556,187.055555555556
"background",68,68,303,28.1666666666667,161.472222222222
"background",69,69,321.027777777778,196.888888888889,666
"background",70,70,302.222222222222,4.11111111111111,502.833333333333
"background",71,71,347.888888888889,8.86111111111111,564.083333333333
"background",72,72,320.722222222222,84.6111111111111,421.222222222222
"background",73,73,320.472222222222,2.61111111111111,63.1944444444444
"background",74,74,318.611111111111,59,287.638888888889
"background",75,75,321.5,3.69444444444444,354.916666666667
"background",76,76,336.944444444444,7.58333333333333,469.611111111111
"background",77,77,330.388888888889,31.2777777777778,569.555555555556
"background",78,78,339.222222222222,0.722222222222222,143.305555555556
"background",79,79,326.333333333333,64.75,266.5
"background",80,80,327.916666666667,41.7777777777778,198.222222222222
"background",81,81,282.305555555556,17.9444444444444,651.555555555556
"background",82,82,306.75,21.4722222222222,412.277777777778
"background",83,83,314.055555555556,10.4722222222222,366.083333333333
"background",84,84,308.861111111111,47.6111111111111,452.305555555556
"background",85,85,315.166666666667,99.5833333333333,658.388888888889
"background",86,86,356.194444444444,3.80555555555556,627.972222222222
"background",87,87,324.694444444444,40.9444444444444,174.527777777778
"background",88,88,341.111111111111,17.1111111111111,470.944444444444
"background",89,89,344,3.86111111111111,242.888888888889
"background",90,90,327.25,33.9722222222222,223.333333333333
"background",91,91,343.277777777778,8.08333333333333,75.9722222222222
"background",92,92,333.194444444444,16,206.416666666667
"background",93,93,312.638888888889,31.9166666666667,380.583333333333
"background",94,94,322.694444444444,45.0555555555556,559.25
"background",95,95,326.333333333333,58.25,233.166666666667
"background",96,96,330,21.3611111111111,324.444444444444
"background",97,97,322.694444444444,78.5,479.944444444444
"background",98,98,316.305555555556,26.5833333333333,489.166666666667
"background",99,99,339.916666666667,28.3333333333333,468.722222222222
"background",100,100,281.444444444444,103.277777777778,537.916666666667
"background",101,101,326.25,15.4166666666667,322.777777777778
"background",102,102,338.333333333333,30.3888888888889,347.527777777778
"background",103,103,297.583333333333,105.222222222222,560.111111111111
"background",104,104,330.055555555556,67.0277777777778,261.833333333333
"background",105,105,316.916666666667,64.75,589.361111111111
"background",106,106,310.166666666667,8.5,565.305555555556
"background",107,107,321.444444444444,98.1944444444444,368.388888888889
"background",108,108,331.333333333333,6.16666666666667,238.583333333333
"background",109,109,302.138888888889,12.75,307.333333333333
"background",110,110,349.861111111111,12.8333333333333,351.583333333333
"background",111,111,325.472222222222,2.83333333333333,200.666666666667
"background",112,112,314.666666666667,7.02777777777778,325.055555555556
"background",113,113,310.25,2.83333333333333,90.8055555555556
"background",114,114,303.194444444444,77.2777777777778,495.638888888889
"background",115,115,303.805555555556,4.97222222222222,222.444444444444
"background",116,116,328.611111111111,3.63888888888889,437.083333333333
"background",117,117,314.388888888889,34.0277777777778,167.222222222222
"background",118,118,270.444444444444,78.5,473.694444444444
"background",119,119,307.416666666667,25.3055555555556,514.138888888889
"background",120,120,328.833333333333,5.11111111111111,445.222222222222
"background",121,121,318.777777777778,45.0555555555556,620.361111111111
"background",122,122,330.472222222222,75.5277777777778,273.583333333333
"background",123,123,349.972222222222,9.22222222222222,81.9722222222222
"background",124,124,331.277777777778,14.5833333333333,313.388888888889
"background",125,125,312.083333333333,176.777777777778,566.555555555556
"background",126,126,314.25,89.3611111111111,633
"background",127,127,264.151515151515,53.6969696969697,733.757575757576
"background",128,128,311.388888888889,4.47222222222222,389.055555555556
"background",129,129,312.448275862069,8,246.965517241379
"background",130,130,300.638888888889,123.611111111111,429.5
"background",131,131,318.666666666667,7.52777777777778,469.722222222222
"background",132,132,320.555555555556,27.25,121.722222222222
"background",133,133,292.138888888889,80.4722222222222,333.444444444444
"background",134,134,329.527777777778,0.0833333333333333,240.805555555556
"background",135,135,308.833333333333,16.9166666666667,196.222222222222
"background",136,136,337.472222222222,10.5,127.361111111111
"background",137,137,334.083333333333,51.4166666666667,191.25
"background",138,138,298.972222222222,26.75,242.361111111111
"background",139,139,340.666666666667,53.9166666666667,194.277777777778
"background",140,140,327.361111111111,1.30555555555556,202.555555555556
"background",141,141,314.444444444444,96.7222222222222,623.916666666667
"background",142,142,326.416666666667,78.5,333.333333333333
"background",143,143,258.805555555556,26.8611111111111,683.277777777778
"background",144,144,301.888888888889,62.1388888888889,304.611111111111
"background",145,145,345.305555555556,2.27777777777778,438.222222222222
"background",146,146,314.944444444444,119.75,425.277777777778
"background",147,147,318.888888888889,2.61111111111111,194.222222222222
"background",148,148,302.472222222222,20.0277777777778,599.166666666667
