"species","x","y","bio5","bio14","bio18"
"species",1,1,312.638888888889,31.9166666666667,380.583333333333
"species",2,2,292.277777777778,24.6388888888889,452.944444444444
"species",3,3,300.730769230769,41.2307692307692,343.346153846154
"species",4,4,300.730769230769,41.2307692307692,343.346153846154
"species",5,5,300.730769230769,41.2307692307692,343.346153846154
"species",6,6,335.722222222222,24.9444444444444,491.916666666667
"species",7,7,286.111111111111,9.52777777777778,590.055555555556
"species",8,8,276.666666666667,12.8611111111111,693.5
"species",9,9,313.333333333333,62.4444444444444,489.555555555556
"species",10,10,291.222222222222,16.8888888888889,494.055555555556
"species",11,11,300.730769230769,41.2307692307692,343.346153846154
"species",12,12,312.638888888889,31.9166666666667,380.583333333333
"species",13,13,257.305555555556,53.8055555555556,716.944444444444
"species",14,14,287.666666666667,34.25,497.083333333333
"species",15,15,293.638888888889,33.3888888888889,616.888888888889
"species",16,16,312.638888888889,31.9166666666667,380.583333333333
"species",17,17,265.194444444444,23.0277777777778,718.166666666667
"species",18,18,292.277777777778,24.6388888888889,452.944444444444
"species",19,19,300.730769230769,41.2307692307692,343.346153846154
"species",20,20,278.805555555556,14.0277777777778,576.722222222222
"species",21,21,292.172413793103,66.0689655172414,730.827586206897
"species",22,22,276.666666666667,12.8611111111111,693.5
"species",23,23,312.638888888889,31.9166666666667,380.583333333333
"species",24,24,308.361111111111,24.6111111111111,379.111111111111
"species",25,25,257.305555555556,53.8055555555556,716.944444444444
"species",26,26,292.172413793103,66.0689655172414,730.827586206897
"species",27,27,312.638888888889,31.9166666666667,380.583333333333
"species",28,28,312.638888888889,31.9166666666667,380.583333333333
"species",29,29,301.888888888889,62.1388888888889,304.611111111111
"species",30,30,310.916666666667,18.0833333333333,534.222222222222
"species",31,31,312.638888888889,34.5833333333333,351.277777777778
"species",32,32,312.638888888889,31.9166666666667,380.583333333333
"species",33,33,274.583333333333,81.2916666666667,570.375
"species",34,34,312.638888888889,31.9166666666667,380.583333333333
"species",35,35,287.666666666667,34.25,497.083333333333
"species",36,36,300.730769230769,41.2307692307692,343.346153846154
"species",37,37,282.805555555556,36.4444444444444,526.666666666667
"species",38,38,312.638888888889,31.9166666666667,380.583333333333
"species",39,39,300.730769230769,41.2307692307692,343.346153846154
"species",40,40,300.730769230769,41.2307692307692,343.346153846154
"species",41,41,287.666666666667,34.25,497.083333333333
"species",42,42,257.305555555556,53.8055555555556,716.944444444444
"species",43,43,312.638888888889,31.9166666666667,380.583333333333
"species",44,44,300.730769230769,41.2307692307692,343.346153846154
"species",45,45,301.888888888889,62.1388888888889,304.611111111111
"species",46,46,292.277777777778,24.6388888888889,452.944444444444
"species",47,47,293.638888888889,33.3888888888889,616.888888888889
"species",48,48,292.277777777778,24.6388888888889,452.944444444444
"species",49,49,292.277777777778,24.6388888888889,452.944444444444
"species",50,50,274.583333333333,81.2916666666667,570.375
"species",51,51,287.666666666667,34.25,497.083333333333
"species",52,52,293.638888888889,33.3888888888889,616.888888888889
"species",53,53,287.666666666667,34.25,497.083333333333
"species",54,54,292.277777777778,24.6388888888889,452.944444444444
"species",55,55,292.277777777778,24.6388888888889,452.944444444444
"species",56,56,292.277777777778,24.6388888888889,452.944444444444
"species",57,57,300.730769230769,41.2307692307692,343.346153846154
"species",58,58,287.666666666667,34.25,497.083333333333
"species",59,59,292.888888888889,64.3888888888889,306.111111111111
"species",60,60,312.638888888889,31.9166666666667,380.583333333333
"species",61,61,293.638888888889,33.3888888888889,616.888888888889
"species",62,62,272,83.1944444444444,486.666666666667
"species",63,63,265.194444444444,23.0277777777778,718.166666666667
"species",64,64,257.305555555556,53.8055555555556,716.944444444444
"species",65,65,293.638888888889,33.3888888888889,616.888888888889
"species",66,66,304.083333333333,13.5833333333333,493.027777777778
"species",67,67,312.638888888889,31.9166666666667,380.583333333333
"species",68,68,312.638888888889,31.9166666666667,380.583333333333
"species",69,69,291.222222222222,16.8888888888889,494.055555555556
"species",70,70,287.666666666667,34.25,497.083333333333
"species",71,71,312.638888888889,31.9166666666667,380.583333333333
"species",72,72,292.172413793103,66.0689655172414,730.827586206897
"species",73,73,278.805555555556,14.0277777777778,576.722222222222
"species",74,74,300.730769230769,41.2307692307692,343.346153846154
"species",75,75,260.666666666667,24.5833333333333,718.055555555556
"species",76,76,293.638888888889,33.3888888888889,616.888888888889
"species",77,77,287.666666666667,34.25,497.083333333333
"species",78,78,312.638888888889,31.9166666666667,380.583333333333
"species",79,79,257.305555555556,53.8055555555556,716.944444444444
"species",80,80,312.638888888889,31.9166666666667,380.583333333333
"species",81,81,282.361111111111,54.5,580.083333333333
"species",82,82,292.277777777778,24.6388888888889,452.944444444444
"species",83,83,292.277777777778,24.6388888888889,452.944444444444
"species",84,84,300.730769230769,41.2307692307692,343.346153846154
"species",85,85,312.638888888889,31.9166666666667,380.583333333333
"species",86,86,257.305555555556,53.8055555555556,716.944444444444
"species",87,87,300.730769230769,41.2307692307692,343.346153846154
"species",88,88,278.805555555556,14.0277777777778,576.722222222222
"species",89,89,313.333333333333,62.4444444444444,489.555555555556
"species",90,90,291.222222222222,16.8888888888889,494.055555555556
"species",91,91,292.888888888889,64.3888888888889,306.111111111111
"species",92,92,292.172413793103,66.0689655172414,730.827586206897
"species",93,93,264.151515151515,53.6969696969697,733.757575757576
"species",94,94,300.730769230769,41.2307692307692,343.346153846154
"species",95,95,312.638888888889,31.9166666666667,380.583333333333
"species",96,96,282.361111111111,54.5,580.083333333333
"species",97,97,282.361111111111,54.5,580.083333333333
"species",98,98,300.730769230769,41.2307692307692,343.346153846154
"species",99,99,308.361111111111,24.6111111111111,379.111111111111
"species",100,100,292.277777777778,24.6388888888889,452.944444444444
"species",101,101,264.151515151515,53.6969696969697,733.757575757576
"species",102,102,312.638888888889,31.9166666666667,380.583333333333
"species",103,103,300.730769230769,41.2307692307692,343.346153846154
"species",104,104,257.305555555556,53.8055555555556,716.944444444444
"species",105,105,265.194444444444,23.0277777777778,718.166666666667
"species",106,106,292.277777777778,24.6388888888889,452.944444444444
"species",107,107,264.151515151515,53.6969696969697,733.757575757576
"species",108,108,292.172413793103,66.0689655172414,730.827586206897
"species",109,109,312.638888888889,34.5833333333333,351.277777777778
"species",110,110,287.222222222222,78.8611111111111,379.25
"species",111,111,300.730769230769,41.2307692307692,343.346153846154
"species",112,112,312.638888888889,31.9166666666667,380.583333333333
"species",113,113,266.444444444444,38.5277777777778,568.166666666667
"species",114,114,312.638888888889,31.9166666666667,380.583333333333
"species",115,115,312.638888888889,34.5833333333333,351.277777777778
"species",116,116,312.638888888889,31.9166666666667,380.583333333333
"species",117,117,291.222222222222,16.8888888888889,494.055555555556
"species",118,118,278.555555555556,78.3333333333333,370.916666666667
"species",119,119,312.638888888889,31.9166666666667,380.583333333333
"species",120,120,306.515151515152,61.9090909090909,290.878787878788
"species",121,121,265.194444444444,23.0277777777778,718.166666666667
"species",122,122,312.638888888889,31.9166666666667,380.583333333333
"species",123,123,300.730769230769,41.2307692307692,343.346153846154
"species",124,124,282.361111111111,54.5,580.083333333333
"species",125,125,287.222222222222,78.8611111111111,379.25
"species",126,126,312.638888888889,31.9166666666667,380.583333333333
"species",127,127,293.638888888889,33.3888888888889,616.888888888889
"species",128,128,312.638888888889,31.9166666666667,380.583333333333
"species",129,129,300.730769230769,41.2307692307692,343.346153846154
"species",130,130,264.151515151515,53.6969696969697,733.757575757576
"species",131,131,257.305555555556,53.8055555555556,716.944444444444
"species",132,132,264.151515151515,53.6969696969697,733.757575757576
"species",133,133,287.666666666667,34.25,497.083333333333
"species",134,134,300.730769230769,41.2307692307692,343.346153846154
"species",135,135,293.638888888889,33.3888888888889,616.888888888889
"species",136,136,287.666666666667,34.25,497.083333333333
"species",137,137,264.151515151515,53.6969696969697,733.757575757576
