"species","x","y","bio5","bio14","bio18"
"background",1,1,321.083333333333,7.97222222222222,267.666666666667
"background",2,2,329.638888888889,19.7222222222222,142.222222222222
"background",3,3,291.777777777778,96.4444444444444,389.583333333333
"background",4,4,309.5,33.5277777777778,530.138888888889
"background",5,5,351.111111111111,1.94444444444444,460.222222222222
"background",6,6,349.861111111111,12.8333333333333,351.583333333333
"background",7,7,334.611111111111,4.97222222222222,369.444444444444
"background",8,8,268.777777777778,20.5,678
"background",9,9,300.75,35.1111111111111,543.111111111111
"background",10,10,297.472222222222,104.388888888889,378.805555555556
"background",11,11,339.416666666667,2.52777777777778,440.861111111111
"background",12,12,318.5,127.916666666667,581.833333333333
"background",13,13,332.277777777778,15.5555555555556,575.638888888889
"background",14,14,317.916666666667,52.1111111111111,566.722222222222
"background",15,15,292.888888888889,8.77777777777778,407.027777777778
"background",16,16,312.722222222222,6.30555555555556,446.972222222222
"background",17,17,302.222222222222,4.11111111111111,502.833333333333
"background",18,18,316.444444444444,183.638888888889,655.861111111111
"background",19,19,334.083333333333,51.4166666666667,191.25
"background",20,20,321.444444444444,129.972222222222,419.083333333333
"background",21,21,343.388888888889,4.55555555555556,487.583333333333
"background",22,22,315,134.972222222222,435.5
"background",23,23,336.722222222222,26.2222222222222,552.888888888889
"background",24,24,321.805555555556,54.5,266.5
"background",25,25,342.666666666667,3.22222222222222,107.888888888889
"background",26,26,327.694444444444,80.2222222222222,290.333333333333
"background",27,27,333.611111111111,3.16666666666667,430.333333333333
"background",28,28,318.777777777778,45.0555555555556,620.361111111111
"background",29,29,317.944444444444,105.305555555556,585.444444444444
"background",30,30,272,117.083333333333,455.222222222222
"background",31,31,338.138888888889,18.3333333333333,498.194444444444
"background",32,32,312.638888888889,34.5833333333333,351.277777777778
"background",33,33,325.194444444444,25.6666666666667,497.111111111111
"background",34,34,293.833333333333,18.7777777777778,631.305555555556
"background",35,35,278.805555555556,14.0277777777778,576.722222222222
"background",36,36,288.5,3.22222222222222,328.361111111111
"background",37,37,316.75,11.0555555555556,539.861111111111
"background",38,38,345.888888888889,20.8611111111111,430.611111111111
"background",39,39,315.777777777778,162.416666666667,541.194444444444
"background",40,40,336.527777777778,11.4444444444444,599.138888888889
"background",41,41,291.361111111111,57.7222222222222,493.916666666667
"background",42,42,340.527777777778,0.583333333333333,227.583333333333
"background",43,43,316.305555555556,26.5833333333333,489.166666666667
"background",44,44,318.444444444444,0.694444444444444,191.305555555556
"background",45,45,320.194444444444,174.361111111111,594.361111111111
"background",46,46,323.583333333333,50.8888888888889,250.305555555556
"background",47,47,270.444444444444,78.5,473.694444444444
"background",48,48,319.111111111111,177.555555555556,714.305555555556
"background",49,49,314.666666666667,7.02777777777778,325.055555555556
"background",50,50,344.805555555556,1.61111111111111,31.75
"background",51,51,311.055555555556,13.0555555555556,187.055555555556
"background",52,52,333.194444444444,16,206.416666666667
"background",53,53,349.888888888889,5.61111111111111,283.333333333333
"background",54,54,313.666666666667,22.5833333333333,563.555555555556
"background",55,55,339.666666666667,8.47222222222222,267.888888888889
"background",56,56,314.444444444444,96.7222222222222,623.916666666667
"background",57,57,347.194444444444,4.25,114.583333333333
"background",58,58,346.111111111111,3.38888888888889,216.111111111111
"background",59,59,279.555555555556,11.9722222222222,660.694444444444
"background",60,60,293.861111111111,5,449.388888888889
"background",61,61,340.055555555556,13.4166666666667,340.722222222222
"background",62,62,297.388888888889,1.72222222222222,335.055555555556
"background",63,63,305.555555555556,7.75,585.5
"background",64,64,343.083333333333,0,170.027777777778
"background",65,65,324.555555555556,21.1111111111111,317.25
"background",66,66,275,13.9444444444444,633.583333333333
"background",67,67,334.777777777778,3.44444444444444,228.472222222222
"background",68,68,305.25,2.11111111111111,258.694444444444
"background",69,69,325.555555555556,110.444444444444,380.805555555556
"background",70,70,320.777777777778,6.5,353.25
"background",71,71,322.611111111111,60.6944444444444,284.166666666667
"background",72,72,337.888888888889,4.05555555555556,410.722222222222
"background",73,73,333.027777777778,4.97222222222222,453.972222222222
"background",74,74,333.666666666667,4.36111111111111,45.1944444444444
"background",75,75,325,9.36111111111111,573.611111111111
"background",76,76,326.388888888889,87.9444444444444,314.916666666667
"background",77,77,323.277777777778,26.6666666666667,158.75
"background",78,78,339.222222222222,0.722222222222222,143.305555555556
"background",79,79,281.444444444444,103.277777777778,537.916666666667
"background",80,80,308.555555555556,37.3888888888889,451.694444444444
"background",81,81,315.5,26.6388888888889,228.5
"background",82,82,323,19.5833333333333,283.611111111111
"background",83,83,315.944444444444,56.9166666666667,628.583333333333
"background",84,84,336.583333333333,6.05555555555556,256.916666666667
"background",85,85,330.916666666667,23.4444444444444,124.444444444444
"background",86,86,341.111111111111,17.1111111111111,470.944444444444
"background",87,87,328.25,74.75,263.222222222222
"background",88,88,322.333333333333,5.47222222222222,541.861111111111
"background",89,89,313.611111111111,12.0555555555556,429.416666666667
"background",90,90,324.75,44.7777777777778,200.972222222222
"background",91,91,317,79.4722222222222,651.333333333333
"background",92,92,346.305555555556,1.13888888888889,157.361111111111
"background",93,93,290.875,96.8125,362.46875
"background",94,94,329.527777777778,0.0833333333333333,240.805555555556
"background",95,95,333.083333333333,11.8888888888889,488.916666666667
"background",96,96,309.527777777778,174.861111111111,586.916666666667
"background",97,97,284.944444444444,8.5,562.527777777778
"background",98,98,328.583333333333,33.6388888888889,130.138888888889
"background",99,99,347.055555555556,8.72222222222222,311.75
"background",100,100,319.861111111111,36.25,142.027777777778
"background",101,101,305.638888888889,104.027777777778,356.333333333333
"background",102,102,310.444444444444,5.33333333333333,220.472222222222
"background",103,103,327.027777777778,79.1944444444444,267.111111111111
"background",104,104,324.09375,8.5625,39.90625
"background",105,105,317.333333333333,31.5833333333333,472.416666666667
"background",106,106,313.666666666667,33.4722222222222,490
"background",107,107,348,1.44444444444444,135.805555555556
"background",108,108,352.5,4.44444444444444,248.055555555556
"background",109,109,290.138888888889,6.33333333333333,231.5
"background",110,110,315.527777777778,5.94444444444444,617.027777777778
"background",111,111,346.138888888889,0.805555555555555,246.333333333333
"background",112,112,282.722222222222,132.888888888889,558.611111111111
"background",113,113,312.083333333333,37.3333333333333,305.888888888889
"background",114,114,338.833333333333,12.1388888888889,110.833333333333
"background",115,115,318.166666666667,97.6388888888889,650.055555555556
"background",116,116,346.611111111111,3.44444444444444,476
"background",117,117,326.583333333333,20.5555555555556,137.694444444444
"background",118,118,326.472222222222,3.88888888888889,68.5
"background",119,119,309.388888888889,23.2222222222222,174.277777777778
"background",120,120,321.166666666667,6.61111111111111,617.666666666667
"background",121,121,327.75,46.4166666666667,250.833333333333
"background",122,122,320.416666666667,30.8333333333333,586.638888888889
"background",123,123,336.5,3.58333333333333,65.4722222222222
"background",124,124,320.027777777778,36.5,584.194444444444
"background",125,125,325.305555555556,24.9444444444444,341.861111111111
"background",126,126,322.194444444444,0.972222222222222,262.861111111111
"background",127,127,323.833333333333,61.6944444444444,235.055555555556
"background",128,128,287.222222222222,78.8611111111111,379.25
"background",129,129,322.777777777778,138.222222222222,517.805555555556
"background",130,130,297.611111111111,21.9722222222222,258.25
"background",131,131,326.361111111111,18.1111111111111,379.388888888889
"background",132,132,334.277777777778,2.25,64.8333333333333
"background",133,133,312.694444444444,13.5833333333333,436.138888888889
"background",134,134,317.638888888889,33.9166666666667,155.277777777778
"background",135,135,313.666666666667,102.472222222222,366.944444444444
"background",136,136,327.916666666667,41.7777777777778,198.222222222222
"background",137,137,333.388888888889,2.11111111111111,195.75
"background",138,138,344.055555555556,17.4166666666667,383.75
"background",139,139,347.888888888889,8.86111111111111,564.083333333333
"background",140,140,314.5,5.38888888888889,183.444444444444
"background",141,141,289.333333333333,16.1111111111111,314.472222222222
"background",142,142,330.5,72.5,286.75
"background",143,143,312.638888888889,31.9166666666667,380.583333333333
"background",144,144,351.472222222222,6.63888888888889,110.138888888889
"background",145,145,281.861111111111,81.5833333333333,523.333333333333
"background",146,146,335.277777777778,72.9722222222222,257.75
"background",147,147,340.666666666667,8.36111111111111,90.5
"background",148,148,356.194444444444,3.80555555555556,627.972222222222
