"species","x","y","bio5","bio14","bio18"
"species",1,1,282.361111111111,54.5,580.083333333333
"species",2,2,312.638888888889,31.9166666666667,380.583333333333
"species",3,3,291.222222222222,16.8888888888889,494.055555555556
"species",4,4,264.151515151515,53.6969696969697,733.757575757576
"species",5,5,312.638888888889,31.9166666666667,380.583333333333
"species",6,6,312.638888888889,31.9166666666667,380.583333333333
"species",7,7,292.172413793103,66.0689655172414,730.827586206897
"species",8,8,300.730769230769,41.2307692307692,343.346153846154
"species",9,9,265.194444444444,23.0277777777778,718.166666666667
"species",10,10,287.666666666667,34.25,497.083333333333
"species",11,11,300.730769230769,41.2307692307692,343.346153846154
"species",12,12,292.277777777778,24.6388888888889,452.944444444444
"species",13,13,308.361111111111,24.6111111111111,379.111111111111
"species",14,14,257.305555555556,53.8055555555556,716.944444444444
"species",15,15,312.638888888889,31.9166666666667,380.583333333333
"species",16,16,287.666666666667,34.25,497.083333333333
"species",17,17,300.730769230769,41.2307692307692,343.346153846154
"species",18,18,257.305555555556,53.8055555555556,716.944444444444
"species",19,19,312.638888888889,31.9166666666667,380.583333333333
"species",20,20,286.111111111111,9.52777777777778,590.055555555556
"species",21,21,265.194444444444,23.0277777777778,718.166666666667
"species",22,22,300.730769230769,41.2307692307692,343.346153846154
"species",23,23,289.333333333333,16.1111111111111,314.472222222222
"species",24,24,257.305555555556,53.8055555555556,716.944444444444
"species",25,25,287.666666666667,34.25,497.083333333333
"species",26,26,292.277777777778,24.6388888888889,452.944444444444
"species",27,27,264.151515151515,53.6969696969697,733.757575757576
"species",28,28,312.638888888889,31.9166666666667,380.583333333333
"species",29,29,312.638888888889,31.9166666666667,380.583333333333
"species",30,30,265.194444444444,23.0277777777778,718.166666666667
"species",31,31,312.638888888889,31.9166666666667,380.583333333333
"species",32,32,312.638888888889,31.9166666666667,380.583333333333
"species",33,33,264.151515151515,53.6969696969697,733.757575757576
"species",34,34,292.277777777778,24.6388888888889,452.944444444444
"species",35,35,286.111111111111,9.52777777777778,590.055555555556
"species",36,36,313.333333333333,62.4444444444444,489.555555555556
"species",37,37,257.305555555556,53.8055555555556,716.944444444444
"species",38,38,287.666666666667,34.25,497.083333333333
"species",39,39,292.172413793103,66.0689655172414,730.827586206897
"species",40,40,310.916666666667,18.0833333333333,534.222222222222
"species",41,41,291.222222222222,16.8888888888889,494.055555555556
"species",42,42,292.277777777778,24.6388888888889,452.944444444444
"species",43,43,312.638888888889,31.9166666666667,380.583333333333
"species",44,44,278.555555555556,78.3333333333333,370.916666666667
"species",45,45,300.730769230769,41.2307692307692,343.346153846154
"species",46,46,257.305555555556,53.8055555555556,716.944444444444
"species",47,47,292.277777777778,24.6388888888889,452.944444444444
"species",48,48,312.638888888889,31.9166666666667,380.583333333333
"species",49,49,264.151515151515,53.6969696969697,733.757575757576
"species",50,50,312.638888888889,31.9166666666667,380.583333333333
"species",51,51,257.305555555556,53.8055555555556,716.944444444444
"species",52,52,257.305555555556,53.8055555555556,716.944444444444
"species",53,53,272,83.1944444444444,486.666666666667
"species",54,54,312.638888888889,31.9166666666667,380.583333333333
"species",55,55,287.666666666667,34.25,497.083333333333
"species",56,56,257.305555555556,53.8055555555556,716.944444444444
"species",57,57,312.638888888889,34.5833333333333,351.277777777778
"species",58,58,257.305555555556,53.8055555555556,716.944444444444
"species",59,59,300.730769230769,41.2307692307692,343.346153846154
"species",60,60,293.638888888889,33.3888888888889,616.888888888889
"species",61,61,335.722222222222,24.9444444444444,491.916666666667
"species",62,62,312.638888888889,31.9166666666667,380.583333333333
"species",63,63,287.666666666667,34.25,497.083333333333
"species",64,64,293.638888888889,33.3888888888889,616.888888888889
"species",65,65,287.666666666667,34.25,497.083333333333
"species",66,66,312.638888888889,31.9166666666667,380.583333333333
"species",67,67,312.638888888889,31.9166666666667,380.583333333333
"species",68,68,304.083333333333,13.5833333333333,493.027777777778
"species",69,69,300.730769230769,41.2307692307692,343.346153846154
"species",70,70,287.666666666667,34.25,497.083333333333
"species",71,71,300.730769230769,41.2307692307692,343.346153846154
"species",72,72,284.583333333333,19.8055555555556,622.388888888889
"species",73,73,265.194444444444,23.0277777777778,718.166666666667
"species",74,74,293.638888888889,33.3888888888889,616.888888888889
"species",75,75,312.638888888889,31.9166666666667,380.583333333333
"species",76,76,291.222222222222,16.8888888888889,494.055555555556
"species",77,77,293.638888888889,33.3888888888889,616.888888888889
"species",78,78,312.638888888889,31.9166666666667,380.583333333333
"species",79,79,312.638888888889,31.9166666666667,380.583333333333
"species",80,80,312.638888888889,31.9166666666667,380.583333333333
"species",81,81,282.361111111111,54.5,580.083333333333
"species",82,82,292.172413793103,66.0689655172414,730.827586206897
"species",83,83,282.305555555556,11.5277777777778,629.5
"species",84,84,300.730769230769,41.2307692307692,343.346153846154
"species",85,85,292.277777777778,24.6388888888889,452.944444444444
"species",86,86,260.666666666667,24.5833333333333,718.055555555556
"species",87,87,300.730769230769,41.2307692307692,343.346153846154
"species",88,88,300.730769230769,41.2307692307692,343.346153846154
"species",89,89,312.638888888889,34.5833333333333,351.277777777778
"species",90,90,278.555555555556,78.3333333333333,370.916666666667
"species",91,91,288.416666666667,26.7222222222222,611.416666666667
"species",92,92,308.361111111111,24.6111111111111,379.111111111111
"species",93,93,292.277777777778,24.6388888888889,452.944444444444
"species",94,94,293.638888888889,33.3888888888889,616.888888888889
"species",95,95,287.666666666667,34.25,497.083333333333
"species",96,96,311.928571428571,49.75,241.071428571429
"species",97,97,266.444444444444,38.5277777777778,568.166666666667
"species",98,98,291.222222222222,16.8888888888889,494.055555555556
"species",99,99,300.730769230769,41.2307692307692,343.346153846154
"species",100,100,292.172413793103,66.0689655172414,730.827586206897
"species",101,101,292.277777777778,24.6388888888889,452.944444444444
"species",102,102,292.172413793103,66.0689655172414,730.827586206897
"species",103,103,300.730769230769,41.2307692307692,343.346153846154
"species",104,104,292.888888888889,64.3888888888889,306.111111111111
"species",105,105,300.730769230769,41.2307692307692,343.346153846154
"species",106,106,312.638888888889,31.9166666666667,380.583333333333
"species",107,107,300.730769230769,41.2307692307692,343.346153846154
"species",108,108,293.638888888889,33.3888888888889,616.888888888889
"species",109,109,265.194444444444,23.0277777777778,718.166666666667
"species",110,110,292.277777777778,24.6388888888889,452.944444444444
"species",111,111,291.222222222222,16.8888888888889,494.055555555556
"species",112,112,291.222222222222,16.8888888888889,494.055555555556
"species",113,113,301.888888888889,62.1388888888889,304.611111111111
"species",114,114,287.222222222222,78.8611111111111,379.25
"species",115,115,292.172413793103,66.0689655172414,730.827586206897
"species",116,116,264.151515151515,53.6969696969697,733.757575757576
"species",117,117,312.638888888889,34.5833333333333,351.277777777778
"species",118,118,292.277777777778,24.6388888888889,452.944444444444
"species",119,119,300.730769230769,41.2307692307692,343.346153846154
"species",120,120,264.151515151515,53.6969696969697,733.757575757576
"species",121,121,293.638888888889,33.3888888888889,616.888888888889
"species",122,122,293.638888888889,33.3888888888889,616.888888888889
"species",123,123,257.305555555556,53.8055555555556,716.944444444444
"species",124,124,312.638888888889,31.9166666666667,380.583333333333
"species",125,125,292.277777777778,24.6388888888889,452.944444444444
"species",126,126,312.638888888889,31.9166666666667,380.583333333333
"species",127,127,287.222222222222,78.8611111111111,379.25
"species",128,128,300.730769230769,41.2307692307692,343.346153846154
"species",129,129,282.361111111111,54.5,580.083333333333
"species",130,130,300.730769230769,41.2307692307692,343.346153846154
"species",131,131,300.730769230769,41.2307692307692,343.346153846154
"species",132,132,301.888888888889,62.1388888888889,304.611111111111
"species",133,133,265.194444444444,23.0277777777778,718.166666666667
"species",134,134,312.638888888889,31.9166666666667,380.583333333333
"species",135,135,282.805555555556,36.4444444444444,526.666666666667
"species",136,136,300.730769230769,41.2307692307692,343.346153846154
"species",137,137,312.638888888889,31.9166666666667,380.583333333333
