"species","x","y","bio5","bio14","bio18"
"background",1,1,325.944444444444,114.861111111111,390.888888888889
"background",2,2,325.194444444444,39.1388888888889,163.972222222222
"background",3,3,317.527777777778,41.6111111111111,615.222222222222
"background",4,4,343.222222222222,5.05555555555556,144.25
"background",5,5,349.777777777778,5.13888888888889,549.166666666667
"background",6,6,336.722222222222,26.2222222222222,552.888888888889
"background",7,7,297.472222222222,104.388888888889,378.805555555556
"background",8,8,286.888888888889,14.5277777777778,613.583333333333
"background",9,9,329.694444444444,51.3055555555556,201.833333333333
"background",10,10,335.416666666667,0.5,255.944444444444
"background",11,11,322.444444444444,66.5833333333333,285.833333333333
"background",12,12,329.527777777778,0.0833333333333333,240.805555555556
"background",13,13,297.555555555556,2.75,385.805555555556
"background",14,14,320.305555555556,53.9444444444444,245.611111111111
"background",15,15,346.305555555556,1.13888888888889,157.361111111111
"background",16,16,347.888888888889,8.86111111111111,564.083333333333
"background",17,17,351.138888888889,3.5,466.027777777778
"background",18,18,332,4.16666666666667,418.888888888889
"background",19,19,319.361111111111,32.0277777777778,528.222222222222
"background",20,20,292.888888888889,8.77777777777778,407.027777777778
"background",21,21,288.194444444444,55.75,521.888888888889
"background",22,22,324.75,37.1111111111111,150.333333333333
"background",23,23,324.305555555556,15.0555555555556,376.694444444444
"background",24,24,329.638888888889,19.7222222222222,142.222222222222
"background",25,25,324.694444444444,40.9444444444444,174.527777777778
