"species","x","y","bio5","bio14","bio18"
"species",1,1,313.333333333333,62.4444444444444,489.555555555556
"species",2,2,280.638888888889,23.4444444444444,601.305555555556
"species",3,3,272,83.1944444444444,486.666666666667
"species",4,4,310.916666666667,18.0833333333333,534.222222222222
"species",5,5,260.666666666667,24.5833333333333,718.055555555556
"species",6,6,301.888888888889,62.1388888888889,304.611111111111
"species",7,7,304.083333333333,13.5833333333333,493.027777777778
"species",8,8,293.638888888889,33.3888888888889,616.888888888889
"species",9,9,335.722222222222,24.9444444444444,491.916666666667
"species",10,10,286.111111111111,9.52777777777778,590.055555555556
"species",11,11,289.333333333333,16.1111111111111,314.472222222222
"species",12,12,257.305555555556,53.8055555555556,716.944444444444
"species",13,13,291.222222222222,16.8888888888889,494.055555555556
"species",14,14,308.361111111111,24.6111111111111,379.111111111111
"species",15,15,278.805555555556,14.0277777777778,576.722222222222
"species",16,16,312.638888888889,34.5833333333333,351.277777777778
"species",17,17,282.361111111111,54.5,580.083333333333
"species",18,18,306.515151515152,61.9090909090909,290.878787878788
"species",19,19,264.151515151515,53.6969696969697,733.757575757576
"species",20,20,274.583333333333,81.2916666666667,570.375
"species",21,21,265.194444444444,23.0277777777778,718.166666666667
"species",22,22,292.888888888889,64.3888888888889,306.111111111111
"species",23,23,300.730769230769,41.2307692307692,343.346153846154
"species",24,24,292.172413793103,66.0689655172414,730.827586206897
"species",25,25,288.416666666667,26.7222222222222,611.416666666667
