"species","x","y","bio5","bio14","bio18"
"background",1,1,339.416666666667,2.52777777777778,440.861111111111
"background",2,2,307.416666666667,25.3055555555556,514.138888888889
"background",3,3,304.416666666667,4.91666666666667,339.416666666667
"background",4,4,317.638888888889,33.9166666666667,155.277777777778
"background",5,5,272,83.1944444444444,486.666666666667
"background",6,6,335.027777777778,9.94444444444444,464.444444444444
"background",7,7,337.472222222222,10.5,127.361111111111
"background",8,8,320.722222222222,84.6111111111111,421.222222222222
"background",9,9,347.388888888889,2.86111111111111,139.416666666667
"background",10,10,339.916666666667,28.3333333333333,468.722222222222
"background",11,11,321.5,3.69444444444444,354.916666666667
"background",12,12,356.194444444444,3.80555555555556,627.972222222222
"background",13,13,303.194444444444,122.722222222222,441.5
"background",14,14,314.666666666667,7.02777777777778,325.055555555556
"background",15,15,291.944444444444,78.9444444444444,451.972222222222
"background",16,16,347.194444444444,4.25,114.583333333333
"background",17,17,319.861111111111,36.25,142.027777777778
"background",18,18,288.194444444444,55.75,521.888888888889
"background",19,19,325.592592592593,7.7037037037037,32.1481481481481
"background",20,20,313.666666666667,102.472222222222,366.944444444444
"background",21,21,348.277777777778,2.5,472.027777777778
"background",22,22,311.055555555556,13.0555555555556,187.055555555556
"background",23,23,315.5,26.6388888888889,228.5
"background",24,24,347.305555555556,12.75,345.222222222222
"background",25,25,259.472222222222,104.944444444444,438.222222222222
"background",26,26,324.694444444444,40.9444444444444,174.527777777778
"background",27,27,308.388888888889,217.527777777778,738.444444444444
"background",28,28,318.888888888889,2.61111111111111,194.222222222222
"background",29,29,331.277777777778,14.5833333333333,313.388888888889
"background",30,30,327.916666666667,41.7777777777778,198.222222222222
"background",31,31,310.222222222222,1.52777777777778,233.583333333333
"background",32,32,310.166666666667,8.5,565.305555555556
"background",33,33,326.777777777778,93.6111111111111,376
"background",34,34,327.527777777778,21.9444444444444,468.027777777778
"background",35,35,297.583333333333,105.222222222222,560.111111111111
"background",36,36,328.611111111111,3.63888888888889,437.083333333333
"background",37,37,295.111111111111,17.7222222222222,251.75
"background",38,38,327.75,56.9166666666667,327.555555555556
"background",39,39,315.166666666667,99.5833333333333,658.388888888889
"background",40,40,312.083333333333,37.3333333333333,305.888888888889
"background",41,41,336.944444444444,7.58333333333333,469.611111111111
"background",42,42,344.111111111111,2.47222222222222,173.5
"background",43,43,295.416666666667,3.30555555555556,158.583333333333
"background",44,44,327.055555555556,54.0277777777778,203.027777777778
"background",45,45,300.638888888889,123.611111111111,429.5
"background",46,46,298.972222222222,26.75,242.361111111111
"background",47,47,334.416666666667,82.4722222222222,259.555555555556
"background",48,48,314.444444444444,96.7222222222222,623.916666666667
"background",49,49,308.861111111111,47.6111111111111,452.305555555556
"background",50,50,319.361111111111,32.0277777777778,528.222222222222
"background",51,51,309.5,185.194444444444,657.333333333333
"background",52,52,320.5,86.3333333333333,396.25
"background",53,53,324.777777777778,30.3888888888889,556.694444444444
"background",54,54,336.527777777778,11.4444444444444,599.138888888889
"background",55,55,303.194444444444,77.2777777777778,495.638888888889
"background",56,56,277.944444444444,11.4722222222222,732.222222222222
"background",57,57,270.444444444444,78.5,473.694444444444
"background",58,58,329.527777777778,0.0833333333333333,240.805555555556
"background",59,59,317.916666666667,52.1111111111111,566.722222222222
"background",60,60,258.805555555556,26.8611111111111,683.277777777778
"background",61,61,281.083333333333,18.1111111111111,245.972222222222
"background",62,62,326.416666666667,78.5,333.333333333333
"background",63,63,339.833333333333,31.4444444444444,507.388888888889
"background",64,64,302.138888888889,12.75,307.333333333333
"background",65,65,306.722222222222,129.5,411.194444444444
"background",66,66,334.277777777778,2.25,64.8333333333333
"background",67,67,329.027777777778,84.8888888888889,270.5
"background",68,68,305.055555555556,13,486.805555555556
"background",69,69,335.416666666667,0.5,255.944444444444
"background",70,70,308.555555555556,37.3888888888889,451.694444444444
"background",71,71,330.055555555556,67.0277777777778,261.833333333333
"background",72,72,341.111111111111,17.1111111111111,470.944444444444
"background",73,73,301.888888888889,62.1388888888889,304.611111111111
"background",74,74,333.333333333333,0.333333333333333,277.194444444444
"background",75,75,336.5,3.58333333333333,65.4722222222222
"background",76,76,329.027777777778,61.7777777777778,225.638888888889
"background",77,77,331.944444444444,30,133.555555555556
"background",78,78,318.777777777778,45.0555555555556,620.361111111111
"background",79,79,311.388888888889,4.47222222222222,389.055555555556
"background",80,80,278.805555555556,14.0277777777778,576.722222222222
"background",81,81,318.611111111111,59,287.638888888889
"background",82,82,323,19.5833333333333,283.611111111111
"background",83,83,302.222222222222,4.11111111111111,502.833333333333
"background",84,84,316.305555555556,26.5833333333333,489.166666666667
"background",85,85,334.888888888889,16.3611111111111,304.25
"background",86,86,257.305555555556,53.8055555555556,716.944444444444
"background",87,87,319.944444444444,78.0277777777778,355.361111111111
"background",88,88,329.416666666667,9.58333333333333,262.916666666667
"background",89,89,339.222222222222,0.722222222222222,143.305555555556
"background",90,90,288.194444444444,80.6111111111111,361.027777777778
"background",91,91,315.944444444444,56.9166666666667,628.583333333333
"background",92,92,305.25,35.1666666666667,292.361111111111
"background",93,93,316.916666666667,64.75,589.361111111111
"background",94,94,297.888888888889,57.1666666666667,452.055555555556
"background",95,95,327.25,33.9722222222222,223.333333333333
"background",96,96,355.944444444444,9.72222222222222,382.972222222222
"background",97,97,278.555555555556,78.3333333333333,370.916666666667
"background",98,98,305.305555555556,212.194444444444,710.5
"background",99,99,296.5,8.02777777777778,564.472222222222
"background",100,100,314.944444444444,119.75,425.277777777778
"background",101,101,330.083333333333,1.77777777777778,166.027777777778
"background",102,102,351.472222222222,6.63888888888889,110.138888888889
"background",103,103,322.230769230769,13.6538461538462,101.884615384615
"background",104,104,328.777777777778,45.2777777777778,348.972222222222
"background",105,105,314.75,3.91666666666667,230.527777777778
"background",106,106,338.333333333333,30.3888888888889,347.527777777778
"background",107,107,326.25,15.4166666666667,322.777777777778
"background",108,108,264.151515151515,53.6969696969697,733.757575757576
"background",109,109,325.444444444444,49.75,221.111111111111
"background",110,110,346.305555555556,7.36111111111111,249.472222222222
"background",111,111,314.444444444444,2.61111111111111,89.9444444444444
"background",112,112,303,28.1666666666667,161.472222222222
"background",113,113,324.138888888889,38.4166666666667,155.138888888889
"background",114,114,326.583333333333,20.5555555555556,137.694444444444
"background",115,115,317.861111111111,13.8611111111111,194.888888888889
"background",116,116,321.444444444444,98.1944444444444,368.388888888889
"background",117,117,310.805555555556,57.6111111111111,439.138888888889
"background",118,118,341.694444444444,8.19444444444444,74.8333333333333
"background",119,119,303.444444444444,11,219.388888888889
"background",120,120,325.472222222222,2.83333333333333,200.666666666667
"background",121,121,334.611111111111,4.97222222222222,369.444444444444
"background",122,122,332.527777777778,54.9166666666667,204.972222222222
"background",123,123,302.472222222222,20.0277777777778,599.166666666667
"background",124,124,320.555555555556,27.25,121.722222222222
"background",125,125,312.583333333333,79.6944444444444,384.75
"background",126,126,282.305555555556,17.9444444444444,651.555555555556
"background",127,127,317.5,62.8611111111111,571.555555555556
"background",128,128,291.777777777778,96.4444444444444,389.583333333333
"background",129,129,292.138888888889,80.4722222222222,333.444444444444
"background",130,130,334.611111111111,19.8333333333333,200.111111111111
"background",131,131,345.305555555556,2.27777777777778,438.222222222222
"background",132,132,321.027777777778,196.888888888889,666
"background",133,133,331.333333333333,6.16666666666667,238.583333333333
"background",134,134,331.416666666667,56.9722222222222,373.277777777778
"background",135,135,312.638888888889,31.9166666666667,380.583333333333
"background",136,136,329.444444444444,77.0833333333333,309.333333333333
"background",137,137,320.027777777778,36.5,584.194444444444
"background",138,138,306.75,21.4722222222222,412.277777777778
"background",139,139,328.833333333333,5.11111111111111,445.222222222222
"background",140,140,310.25,2.83333333333333,90.8055555555556
"background",141,141,344.444444444444,1.75,484.472222222222
"background",142,142,349.861111111111,12.8333333333333,351.583333333333
"background",143,143,313.333333333333,62.4444444444444,489.555555555556
"background",144,144,312.083333333333,176.777777777778,566.555555555556
"background",145,145,314.25,89.3611111111111,633
"background",146,146,322.777777777778,138.222222222222,517.805555555556
"background",147,147,350.527777777778,2.5,289.75
"background",148,148,319.583333333333,71.3611111111111,564.944444444444
