"species","x","y","bio5","bio14","bio18"
"species",1,1,300.730769230769,41.2307692307692,343.346153846154
"species",2,2,291.222222222222,16.8888888888889,494.055555555556
"species",3,3,257.305555555556,53.8055555555556,716.944444444444
"species",4,4,312.638888888889,31.9166666666667,380.583333333333
"species",5,5,312.638888888889,31.9166666666667,380.583333333333
"species",6,6,300.730769230769,41.2307692307692,343.346153846154
"species",7,7,287.222222222222,78.8611111111111,379.25
"species",8,8,282.361111111111,54.5,580.083333333333
"species",9,9,300.730769230769,41.2307692307692,343.346153846154
"species",10,10,312.638888888889,34.5833333333333,351.277777777778
"species",11,11,312.638888888889,31.9166666666667,380.583333333333
"species",12,12,312.638888888889,31.9166666666667,380.583333333333
"species",13,13,288.416666666667,26.7222222222222,611.416666666667
"species",14,14,300.730769230769,41.2307692307692,343.346153846154
"species",15,15,292.277777777778,24.6388888888889,452.944444444444
"species",16,16,300.730769230769,41.2307692307692,343.346153846154
"species",17,17,289.333333333333,16.1111111111111,314.472222222222
"species",18,18,312.638888888889,31.9166666666667,380.583333333333
"species",19,19,312.638888888889,31.9166666666667,380.583333333333
"species",20,20,312.638888888889,31.9166666666667,380.583333333333
"species",21,21,312.638888888889,31.9166666666667,380.583333333333
"species",22,22,264.151515151515,53.6969696969697,733.757575757576
"species",23,23,293.638888888889,33.3888888888889,616.888888888889
"species",24,24,312.638888888889,31.9166666666667,380.583333333333
"species",25,25,292.277777777778,24.6388888888889,452.944444444444
"species",26,26,312.638888888889,31.9166666666667,380.583333333333
"species",27,27,301.888888888889,62.1388888888889,304.611111111111
"species",28,28,292.277777777778,24.6388888888889,452.944444444444
"species",29,29,257.305555555556,53.8055555555556,716.944444444444
"species",30,30,312.638888888889,31.9166666666667,380.583333333333
"species",31,31,293.638888888889,33.3888888888889,616.888888888889
"species",32,32,265.194444444444,23.0277777777778,718.166666666667
"species",33,33,293.638888888889,33.3888888888889,616.888888888889
"species",34,34,300.730769230769,41.2307692307692,343.346153846154
"species",35,35,287.666666666667,34.25,497.083333333333
"species",36,36,257.305555555556,53.8055555555556,716.944444444444
"species",37,37,264.151515151515,53.6969696969697,733.757575757576
"species",38,38,310.916666666667,18.0833333333333,534.222222222222
"species",39,39,313.333333333333,62.4444444444444,489.555555555556
"species",40,40,312.638888888889,31.9166666666667,380.583333333333
"species",41,41,274.583333333333,81.2916666666667,570.375
"species",42,42,265.194444444444,23.0277777777778,718.166666666667
"species",43,43,293.638888888889,33.3888888888889,616.888888888889
"species",44,44,257.305555555556,53.8055555555556,716.944444444444
"species",45,45,292.172413793103,66.0689655172414,730.827586206897
"species",46,46,260.666666666667,24.5833333333333,718.055555555556
"species",47,47,312.638888888889,31.9166666666667,380.583333333333
"species",48,48,300.730769230769,41.2307692307692,343.346153846154
"species",49,49,312.638888888889,31.9166666666667,380.583333333333
"species",50,50,301.888888888889,62.1388888888889,304.611111111111
"species",51,51,287.666666666667,34.25,497.083333333333
"species",52,52,300.730769230769,41.2307692307692,343.346153846154
"species",53,53,300.730769230769,41.2307692307692,343.346153846154
"species",54,54,291.222222222222,16.8888888888889,494.055555555556
"species",55,55,300.730769230769,41.2307692307692,343.346153846154
"species",56,56,265.194444444444,23.0277777777778,718.166666666667
"species",57,57,257.305555555556,53.8055555555556,716.944444444444
"species",58,58,257.305555555556,53.8055555555556,716.944444444444
"species",59,59,291.222222222222,16.8888888888889,494.055555555556
"species",60,60,264.151515151515,53.6969696969697,733.757575757576
"species",61,61,286.111111111111,9.52777777777778,590.055555555556
"species",62,62,293.638888888889,33.3888888888889,616.888888888889
"species",63,63,292.277777777778,24.6388888888889,452.944444444444
"species",64,64,300.730769230769,41.2307692307692,343.346153846154
"species",65,65,282.805555555556,36.4444444444444,526.666666666667
"species",66,66,300.730769230769,41.2307692307692,343.346153846154
"species",67,67,265.194444444444,23.0277777777778,718.166666666667
"species",68,68,257.305555555556,53.8055555555556,716.944444444444
"species",69,69,264.151515151515,53.6969696969697,733.757575757576
"species",70,70,292.277777777778,24.6388888888889,452.944444444444
"species",71,71,312.638888888889,34.5833333333333,351.277777777778
"species",72,72,287.222222222222,78.8611111111111,379.25
"species",73,73,287.666666666667,34.25,497.083333333333
"species",74,74,292.277777777778,24.6388888888889,452.944444444444
"species",75,75,287.222222222222,78.8611111111111,379.25
"species",76,76,310.916666666667,18.0833333333333,534.222222222222
"species",77,77,276.666666666667,12.8611111111111,693.5
"species",78,78,265.194444444444,23.0277777777778,718.166666666667
"species",79,79,265.194444444444,23.0277777777778,718.166666666667
"species",80,80,287.666666666667,34.25,497.083333333333
"species",81,81,291.222222222222,16.8888888888889,494.055555555556
"species",82,82,300.730769230769,41.2307692307692,343.346153846154
"species",83,83,312.638888888889,31.9166666666667,380.583333333333
"species",84,84,286.111111111111,9.52777777777778,590.055555555556
"species",85,85,300.730769230769,41.2307692307692,343.346153846154
"species",86,86,300.730769230769,41.2307692307692,343.346153846154
"species",87,87,293.638888888889,33.3888888888889,616.888888888889
"species",88,88,312.638888888889,31.9166666666667,380.583333333333
"species",89,89,278.805555555556,14.0277777777778,576.722222222222
"species",90,90,287.666666666667,34.25,497.083333333333
"species",91,91,292.172413793103,66.0689655172414,730.827586206897
"species",92,92,300.730769230769,41.2307692307692,343.346153846154
"species",93,93,278.805555555556,14.0277777777778,576.722222222222
"species",94,94,274.583333333333,81.2916666666667,570.375
"species",95,95,287.666666666667,34.25,497.083333333333
"species",96,96,300.730769230769,41.2307692307692,343.346153846154
"species",97,97,293.638888888889,33.3888888888889,616.888888888889
"species",98,98,287.666666666667,34.25,497.083333333333
"species",99,99,312.638888888889,31.9166666666667,380.583333333333
"species",100,100,291.222222222222,16.8888888888889,494.055555555556
"species",101,101,312.638888888889,34.5833333333333,351.277777777778
"species",102,102,300.730769230769,41.2307692307692,343.346153846154
"species",103,103,287.666666666667,34.25,497.083333333333
"species",104,104,292.277777777778,24.6388888888889,452.944444444444
"species",105,105,292.277777777778,24.6388888888889,452.944444444444
"species",106,106,312.638888888889,31.9166666666667,380.583333333333
"species",107,107,292.277777777778,24.6388888888889,452.944444444444
"species",108,108,278.555555555556,78.3333333333333,370.916666666667
"species",109,109,292.277777777778,24.6388888888889,452.944444444444
"species",110,110,264.151515151515,53.6969696969697,733.757575757576
"species",111,111,292.172413793103,66.0689655172414,730.827586206897
"species",112,112,300.730769230769,41.2307692307692,343.346153846154
"species",113,113,312.638888888889,31.9166666666667,380.583333333333
"species",114,114,282.361111111111,54.5,580.083333333333
"species",115,115,312.638888888889,31.9166666666667,380.583333333333
"species",116,116,292.277777777778,24.6388888888889,452.944444444444
"species",117,117,278.555555555556,78.3333333333333,370.916666666667
"species",118,118,282.361111111111,54.5,580.083333333333
"species",119,119,311.928571428571,49.75,241.071428571429
"species",120,120,300.730769230769,41.2307692307692,343.346153846154
"species",121,121,312.638888888889,31.9166666666667,380.583333333333
"species",122,122,300.730769230769,41.2307692307692,343.346153846154
"species",123,123,291.222222222222,16.8888888888889,494.055555555556
"species",124,124,312.638888888889,31.9166666666667,380.583333333333
"species",125,125,264.151515151515,53.6969696969697,733.757575757576
"species",126,126,300.730769230769,41.2307692307692,343.346153846154
"species",127,127,312.638888888889,31.9166666666667,380.583333333333
"species",128,128,264.151515151515,53.6969696969697,733.757575757576
"species",129,129,293.638888888889,33.3888888888889,616.888888888889
"species",130,130,257.305555555556,53.8055555555556,716.944444444444
"species",131,131,300.730769230769,41.2307692307692,343.346153846154
"species",132,132,300.730769230769,41.2307692307692,343.346153846154
"species",133,133,257.305555555556,53.8055555555556,716.944444444444
"species",134,134,312.638888888889,31.9166666666667,380.583333333333
"species",135,135,312.638888888889,31.9166666666667,380.583333333333
