"species","x","y","bio5","bio14","bio18"
"background",1,1,320.888888888889,80.9166666666667,591.25
"background",2,2,351.138888888889,3.5,466.027777777778
"background",3,3,318.694444444444,34.8055555555556,264.777777777778
"background",4,4,339.666666666667,8.47222222222222,267.888888888889
"background",5,5,306.194444444444,126.472222222222,453.972222222222
"background",6,6,349.777777777778,5.13888888888889,549.166666666667
"background",7,7,308.555555555556,37.3888888888889,451.694444444444
"background",8,8,337.083333333333,0.25,188.805555555556
"background",9,9,328.777777777778,45.2777777777778,348.972222222222
"background",10,10,286.111111111111,9.52777777777778,590.055555555556
"background",11,11,339.25,25.2777777777778,513.388888888889
"background",12,12,316.444444444444,183.638888888889,655.861111111111
"background",13,13,307.388888888889,220.527777777778,795.277777777778
"background",14,14,326.972222222222,85.25,286.5
"background",15,15,310.694444444444,4.13888888888889,539.555555555556
"background",16,16,316.305555555556,26.5833333333333,489.166666666667
