"species","x","y","bio4","bio14","bio2"
"species",1,1,1706.84615384615,41.2307692307692,91.6538461538462
"species",2,2,1587.69444444444,12.8611111111111,108.222222222222
"species",3,3,1256.63888888889,16.1111111111111,115.361111111111
"species",4,4,1424.07142857143,49.75,85.7857142857143
"species",5,5,2325.25,26.7222222222222,120.972222222222
"species",6,6,1401.19444444444,62.1388888888889,84.5555555555556
"species",7,7,2226.94444444444,18.0833333333333,121.055555555556
"species",8,8,1967.44444444444,13.5833333333333,119.861111111111
"species",9,9,1877.11111111111,24.6388888888889,119.25
"species",10,10,2628.44444444444,62.4444444444444,118.916666666667
"species",11,11,1913.16666666667,11.5277777777778,126.25
"species",12,12,2844.625,81.2916666666667,78.7083333333333
"species",13,13,2976.30555555556,54.5,100.361111111111
"species",14,14,2055.83333333333,16.8888888888889,124.25
"species",15,15,1408.42424242424,61.9090909090909,81.7575757575758
"species",16,16,1256.88888888889,78.3333333333333,68.5
"species",17,17,2425.63888888889,36.4444444444444,116.194444444444
"species",18,18,2194.33333333333,23.0277777777778,119.222222222222
"species",19,19,1278.30555555556,64.3888888888889,78.5
"species",20,20,1921.22222222222,9.52777777777778,118.777777777778
"species",21,21,2649.8275862069,66.0689655172414,91.1034482758621
"species",22,22,2256.86111111111,24.5833333333333,122.75
"species",23,23,1121.55555555556,78.8611111111111,69.1111111111111
"species",24,24,1508.44444444444,34.5833333333333,102.888888888889
