"species","x","y","bio5","bio14","bio18"
"background",1,1,298.888888888889,12.3611111111111,485.222222222222
"background",2,2,308.555555555556,37.3888888888889,451.694444444444
"background",3,3,340.666666666667,53.9166666666667,194.277777777778
"background",4,4,338.138888888889,18.3333333333333,498.194444444444
"background",5,5,334,17.6666666666667,328.944444444444
"background",6,6,320.194444444444,43.5555555555556,232.416666666667
"background",7,7,282.361111111111,54.5,580.083333333333
"background",8,8,318.305555555556,5.41666666666667,218.805555555556
"background",9,9,292.277777777778,24.6388888888889,452.944444444444
"background",10,10,339.833333333333,31.4444444444444,507.388888888889
"background",11,11,310.166666666667,8.5,565.305555555556
"background",12,12,323.25,65.5833333333333,571.972222222222
"background",13,13,305.305555555556,212.194444444444,710.5
"background",14,14,322.194444444444,0.972222222222222,262.861111111111
"background",15,15,324.166666666667,62.8055555555556,242.055555555556
"background",16,16,328.638888888889,86.8055555555556,321.25
"background",17,17,305.638888888889,104.027777777778,356.333333333333
"background",18,18,347.083333333333,3.05555555555556,414.111111111111
"background",19,19,314.388888888889,34.0277777777778,167.222222222222
"background",20,20,339.666666666667,8.47222222222222,267.888888888889
"background",21,21,270.333333333333,124.638888888889,438.305555555556
"background",22,22,336.75,2.44444444444444,158.083333333333
"background",23,23,325.592592592593,7.7037037037037,32.1481481481481
"background",24,24,351.138888888889,3.5,466.027777777778
"background",25,25,330,21.3611111111111,324.444444444444
