"species","x","y","bio5","bio14","bio18"
"background",1,1,322.611111111111,60.6944444444444,284.166666666667
"background",2,2,326.416666666667,78.5,333.333333333333
"background",3,3,302.472222222222,20.0277777777778,599.166666666667
"background",4,4,315.138888888889,76.8611111111111,668.666666666667
"background",5,5,283.666666666667,87.5151515151515,294.090909090909
"background",6,6,333.027777777778,4.97222222222222,453.972222222222
"background",7,7,288.416666666667,26.7222222222222,611.416666666667
"background",8,8,335,28.0833333333333,301.611111111111
"background",9,9,322.833333333333,85.2777777777778,389.166666666667
"background",10,10,329.222222222222,31.9444444444444,482.861111111111
"background",11,11,303.5,11,664.527777777778
"background",12,12,311.416666666667,162.166666666667,591.25
"background",13,13,324.388888888889,89.7777777777778,356.972222222222
"background",14,14,330.5,72.5,286.75
"background",15,15,327.583333333333,67.2777777777778,283.333333333333
"background",16,16,335.75,1.47222222222222,398.416666666667
"background",17,17,324.166666666667,62.8055555555556,242.055555555556
"background",18,18,342.25,28.2222222222222,411.361111111111
"background",19,19,332.222222222222,69.0833333333333,301
"background",20,20,329.861111111111,16.0833333333333,186.555555555556
"background",21,21,312.694444444444,29.5555555555556,169.805555555556
"background",22,22,331.944444444444,30,133.555555555556
"background",23,23,309.972222222222,156.638888888889,620.027777777778
"background",24,24,335.472222222222,55.9722222222222,202.833333333333
"background",25,25,326.388888888889,87.9444444444444,314.916666666667
"background",26,26,327.333333333333,81.3055555555556,361.194444444444
"background",27,27,318.166666666667,97.6388888888889,650.055555555556
"background",28,28,284.944444444444,8.5,562.527777777778
"background",29,29,326.694444444444,4.02777777777778,196.555555555556
"background",30,30,344.222222222222,18.3055555555556,505.222222222222
"background",31,31,295.166666666667,126.5,536.222222222222
"background",32,32,337.888888888889,4.05555555555556,410.722222222222
"background",33,33,318.444444444444,0.694444444444444,191.305555555556
"background",34,34,293.638888888889,33.3888888888889,616.888888888889
"background",35,35,342.611111111111,22.6111111111111,534.138888888889
"background",36,36,312.972222222222,19.5277777777778,527.083333333333
"background",37,37,309.833333333333,211.25,650.777777777778
"background",38,38,318.305555555556,5.41666666666667,218.805555555556
"background",39,39,339.222222222222,0.722222222222222,143.305555555556
"background",40,40,317,79.4722222222222,651.333333333333
"background",41,41,295.111111111111,17.7222222222222,251.75
"background",42,42,333.833333333333,7.72222222222222,251.472222222222
"background",43,43,268.777777777778,20.5,678
"background",44,44,315.777777777778,4.41666666666667,193.527777777778
"background",45,45,322.527777777778,20.2777777777778,201.944444444444
"background",46,46,342.416666666667,2.19444444444444,93.5555555555556
"background",47,47,323.777777777778,12.1388888888889,375.527777777778
"background",48,48,327.888888888889,9.02777777777778,537.722222222222
"background",49,49,341.805555555556,0,252.722222222222
"background",50,50,323.583333333333,50.8888888888889,250.305555555556
"background",51,51,347.361111111111,18.5277777777778,488.777777777778
"background",52,52,328.25,74.75,263.222222222222
"background",53,53,270.666666666667,15,684.694444444444
"background",54,54,329.305555555556,3.36111111111111,438.861111111111
"background",55,55,318.777777777778,45.0555555555556,620.361111111111
"background",56,56,328.416666666667,207.305555555556,706.388888888889
"background",57,57,316.888888888889,57.8888888888889,581.888888888889
"background",58,58,324.305555555556,15.0555555555556,376.694444444444
"background",59,59,328.444444444444,3.08333333333333,130.666666666667
"background",60,60,356.944444444444,11.1666666666667,348.444444444444
"background",61,61,335.027777777778,43.3055555555556,309.027777777778
"background",62,62,317.388888888889,41.5277777777778,555.055555555556
"background",63,63,343.083333333333,0,170.027777777778
"background",64,64,339.611111111111,12.7222222222222,258.361111111111
"background",65,65,319.916666666667,54,545.722222222222
"background",66,66,265.4,93.4857142857143,475.971428571429
"background",67,67,321.444444444444,5.47222222222222,379.472222222222
"background",68,68,290.583333333333,7.30555555555556,657.305555555556
"background",69,69,291.777777777778,96.4444444444444,389.583333333333
"background",70,70,322.111111111111,8.83333333333333,397.75
"background",71,71,290.833333333333,12.9444444444444,300.638888888889
"background",72,72,334.611111111111,19.8333333333333,200.111111111111
"background",73,73,303.083333333333,4.97222222222222,356.277777777778
"background",74,74,328.916666666667,16.5,129.472222222222
"background",75,75,336.5,3.58333333333333,65.4722222222222
"background",76,76,349.555555555556,2.58333333333333,421.027777777778
"background",77,77,326.611111111111,46.0277777777778,230.638888888889
"background",78,78,315.166666666667,99.5833333333333,658.388888888889
"background",79,79,332.333333333333,27.9444444444444,554.583333333333
"background",80,80,313.333333333333,62.4444444444444,489.555555555556
"background",81,81,331.944444444444,8.55555555555556,334.805555555556
"background",82,82,325.805555555556,2.80555555555556,159.611111111111
"background",83,83,337.527777777778,0.0277777777777778,275.944444444444
"background",84,84,314.75,3.91666666666667,230.527777777778
"background",85,85,325.194444444444,25.6666666666667,497.111111111111
"background",86,86,356.194444444444,3.80555555555556,627.972222222222
"background",87,87,339.916666666667,28.3333333333333,468.722222222222
"background",88,88,322.888888888889,62.4722222222222,393.277777777778
"background",89,89,297.333333333333,6.02777777777778,230.555555555556
"background",90,90,332,4.16666666666667,418.888888888889
"background",91,91,330.916666666667,23.4444444444444,124.444444444444
"background",92,92,336.722222222222,26.2222222222222,552.888888888889
"background",93,93,334.416666666667,14.5555555555556,275.138888888889
"background",94,94,326.361111111111,18.1111111111111,379.388888888889
"background",95,95,290.666666666667,41.9722222222222,506.472222222222
"background",96,96,316.75,11.0555555555556,539.861111111111
"background",97,97,333.083333333333,11.9722222222222,271.222222222222
"background",98,98,333.666666666667,4.36111111111111,45.1944444444444
"background",99,99,260.388888888889,100.111111111111,492.861111111111
"background",100,100,321.055555555556,1.47222222222222,162.527777777778
"background",101,101,324.972222222222,28.4444444444444,446.5
"background",102,102,344.416666666667,1.5,175.861111111111
"background",103,103,305.305555555556,212.194444444444,710.5
"background",104,104,318.5,28.2222222222222,650.083333333333
"background",105,105,340.888888888889,3.22222222222222,397.833333333333
"background",106,106,318.138888888889,24.6388888888889,653
"background",107,107,304.055555555556,13.0555555555556,396.277777777778
"background",108,108,272,117.083333333333,455.222222222222
"background",109,109,314.5,5.38888888888889,183.444444444444
"background",110,110,323.833333333333,61.6944444444444,235.055555555556
"background",111,111,321.444444444444,129.972222222222,419.083333333333
"background",112,112,284.583333333333,19.8055555555556,622.388888888889
"background",113,113,320.555555555556,27.25,121.722222222222
"background",114,114,317.861111111111,13.8611111111111,194.888888888889
"background",115,115,319.444444444444,1.16666666666667,161.777777777778
"background",116,116,325.088235294118,2.5,85.2058823529412
"background",117,117,313.611111111111,12.0555555555556,429.416666666667
"background",118,118,313.666666666667,33.4722222222222,490
"background",119,119,281.861111111111,81.5833333333333,523.333333333333
"background",120,120,306.888888888889,9.33333333333333,440.111111111111
"background",121,121,312.111111111111,148.472222222222,601.361111111111
"background",122,122,284.611111111111,116.555555555556,442.944444444444
"background",123,123,316.888888888889,21.0277777777778,398.777777777778
"background",124,124,321.916666666667,46.6944444444444,232.416666666667
"background",125,125,257.305555555556,53.8055555555556,716.944444444444
"background",126,126,295.416666666667,3.30555555555556,158.583333333333
"background",127,127,335.416666666667,0.5,255.944444444444
"background",128,128,329.638888888889,19.7222222222222,142.222222222222
"background",129,129,326,35.8055555555556,472.777777777778
"background",130,130,352.305555555556,1.22222222222222,541.527777777778
"background",131,131,320.888888888889,80.9166666666667,591.25
"background",132,132,317.5,62.8611111111111,571.555555555556
"background",133,133,354.638888888889,9.36111111111111,75.4166666666667
"background",134,134,317.916666666667,52.1111111111111,566.722222222222
"background",135,135,321.638888888889,29.4444444444444,494.972222222222
"background",136,136,344.805555555556,1.61111111111111,31.75
"background",137,137,308.305555555556,15.0277777777778,436.833333333333
"background",138,138,312.333333333333,2.52777777777778,311.25
"background",139,139,327.694444444444,80.2222222222222,290.333333333333
"background",140,140,307,6.52777777777778,467.361111111111
"background",141,141,324.694444444444,40.9444444444444,174.527777777778
"background",142,142,265.833333333333,93.0833333333333,505.166666666667
"background",143,143,343.277777777778,8.08333333333333,75.9722222222222
"background",144,144,339.25,25.2777777777778,513.388888888889
"background",145,145,283.972222222222,20.4166666666667,643.305555555556
"background",146,146,334.416666666667,82.4722222222222,259.555555555556
"background",147,147,322.777777777778,138.222222222222,517.805555555556
"background",148,148,344.305555555556,0.277777777777778,147.833333333333
