"species","x","y","bio5","bio14","bio18"
"species",1,1,312.638888888889,31.9166666666667,380.583333333333
"species",2,2,265.194444444444,23.0277777777778,718.166666666667
"species",3,3,300.730769230769,41.2307692307692,343.346153846154
"species",4,4,287.666666666667,34.25,497.083333333333
"species",5,5,312.638888888889,31.9166666666667,380.583333333333
"species",6,6,292.277777777778,24.6388888888889,452.944444444444
"species",7,7,292.172413793103,66.0689655172414,730.827586206897
"species",8,8,312.638888888889,31.9166666666667,380.583333333333
"species",9,9,292.172413793103,66.0689655172414,730.827586206897
"species",10,10,287.666666666667,34.25,497.083333333333
"species",11,11,300.730769230769,41.2307692307692,343.346153846154
"species",12,12,292.172413793103,66.0689655172414,730.827586206897
"species",13,13,292.172413793103,66.0689655172414,730.827586206897
"species",14,14,300.730769230769,41.2307692307692,343.346153846154
"species",15,15,300.730769230769,41.2307692307692,343.346153846154
"species",16,16,272,83.1944444444444,486.666666666667
"species",17,17,312.638888888889,31.9166666666667,380.583333333333
"species",18,18,257.305555555556,53.8055555555556,716.944444444444
"species",19,19,300.730769230769,41.2307692307692,343.346153846154
"species",20,20,300.730769230769,41.2307692307692,343.346153846154
"species",21,21,312.638888888889,31.9166666666667,380.583333333333
"species",22,22,287.666666666667,34.25,497.083333333333
"species",23,23,282.361111111111,54.5,580.083333333333
"species",24,24,300.730769230769,41.2307692307692,343.346153846154
"species",25,25,265.194444444444,23.0277777777778,718.166666666667
"species",26,26,287.666666666667,34.25,497.083333333333
"species",27,27,300.730769230769,41.2307692307692,343.346153846154
"species",28,28,287.222222222222,78.8611111111111,379.25
"species",29,29,282.805555555556,36.4444444444444,526.666666666667
"species",30,30,312.638888888889,31.9166666666667,380.583333333333
"species",31,31,265.194444444444,23.0277777777778,718.166666666667
"species",32,32,287.666666666667,34.25,497.083333333333
"species",33,33,312.638888888889,31.9166666666667,380.583333333333
"species",34,34,300.730769230769,41.2307692307692,343.346153846154
"species",35,35,300.730769230769,41.2307692307692,343.346153846154
"species",36,36,312.638888888889,31.9166666666667,380.583333333333
"species",37,37,293.638888888889,33.3888888888889,616.888888888889
"species",38,38,282.361111111111,54.5,580.083333333333
"species",39,39,300.730769230769,41.2307692307692,343.346153846154
"species",40,40,292.277777777778,24.6388888888889,452.944444444444
"species",41,41,264.151515151515,53.6969696969697,733.757575757576
"species",42,42,264.151515151515,53.6969696969697,733.757575757576
"species",43,43,257.305555555556,53.8055555555556,716.944444444444
"species",44,44,300.730769230769,41.2307692307692,343.346153846154
"species",45,45,312.638888888889,31.9166666666667,380.583333333333
"species",46,46,312.638888888889,31.9166666666667,380.583333333333
"species",47,47,257.305555555556,53.8055555555556,716.944444444444
"species",48,48,257.305555555556,53.8055555555556,716.944444444444
"species",49,49,278.805555555556,14.0277777777778,576.722222222222
"species",50,50,282.361111111111,54.5,580.083333333333
"species",51,51,310.916666666667,18.0833333333333,534.222222222222
"species",52,52,292.277777777778,24.6388888888889,452.944444444444
"species",53,53,286.111111111111,9.52777777777778,590.055555555556
"species",54,54,300.730769230769,41.2307692307692,343.346153846154
"species",55,55,293.638888888889,33.3888888888889,616.888888888889
"species",56,56,291.222222222222,16.8888888888889,494.055555555556
"species",57,57,257.305555555556,53.8055555555556,716.944444444444
"species",58,58,293.638888888889,33.3888888888889,616.888888888889
"species",59,59,264.151515151515,53.6969696969697,733.757575757576
"species",60,60,257.305555555556,53.8055555555556,716.944444444444
"species",61,61,312.638888888889,34.5833333333333,351.277777777778
"species",62,62,300.730769230769,41.2307692307692,343.346153846154
"species",63,63,264.151515151515,53.6969696969697,733.757575757576
"species",64,64,293.638888888889,33.3888888888889,616.888888888889
"species",65,65,313.333333333333,62.4444444444444,489.555555555556
"species",66,66,257.305555555556,53.8055555555556,716.944444444444
"species",67,67,300.730769230769,41.2307692307692,343.346153846154
"species",68,68,312.638888888889,31.9166666666667,380.583333333333
"species",69,69,292.277777777778,24.6388888888889,452.944444444444
"species",70,70,265.194444444444,23.0277777777778,718.166666666667
"species",71,71,265.194444444444,23.0277777777778,718.166666666667
"species",72,72,291.222222222222,16.8888888888889,494.055555555556
"species",73,73,292.277777777778,24.6388888888889,452.944444444444
"species",74,74,292.277777777778,24.6388888888889,452.944444444444
"species",75,75,300.730769230769,41.2307692307692,343.346153846154
"species",76,76,292.277777777778,24.6388888888889,452.944444444444
"species",77,77,257.305555555556,53.8055555555556,716.944444444444
"species",78,78,312.638888888889,34.5833333333333,351.277777777778
"species",79,79,274.583333333333,81.2916666666667,570.375
"species",80,80,312.638888888889,31.9166666666667,380.583333333333
"species",81,81,300.730769230769,41.2307692307692,343.346153846154
"species",82,82,312.638888888889,31.9166666666667,380.583333333333
"species",83,83,265.194444444444,23.0277777777778,718.166666666667
"species",84,84,288.416666666667,26.7222222222222,611.416666666667
"species",85,85,300.730769230769,41.2307692307692,343.346153846154
"species",86,86,287.666666666667,34.25,497.083333333333
"species",87,87,292.888888888889,64.3888888888889,306.111111111111
"species",88,88,310.916666666667,18.0833333333333,534.222222222222
"species",89,89,292.172413793103,66.0689655172414,730.827586206897
"species",90,90,257.305555555556,53.8055555555556,716.944444444444
"species",91,91,257.305555555556,53.8055555555556,716.944444444444
"species",92,92,260.666666666667,24.5833333333333,718.055555555556
"species",93,93,293.638888888889,33.3888888888889,616.888888888889
"species",94,94,292.888888888889,64.3888888888889,306.111111111111
"species",95,95,300.730769230769,41.2307692307692,343.346153846154
"species",96,96,292.277777777778,24.6388888888889,452.944444444444
"species",97,97,278.805555555556,14.0277777777778,576.722222222222
"species",98,98,292.277777777778,24.6388888888889,452.944444444444
"species",99,99,312.638888888889,31.9166666666667,380.583333333333
"species",100,100,289.333333333333,16.1111111111111,314.472222222222
"species",101,101,293.638888888889,33.3888888888889,616.888888888889
"species",102,102,264.151515151515,53.6969696969697,733.757575757576
"species",103,103,278.555555555556,78.3333333333333,370.916666666667
"species",104,104,312.638888888889,31.9166666666667,380.583333333333
"species",105,105,286.111111111111,9.52777777777778,590.055555555556
"species",106,106,278.555555555556,78.3333333333333,370.916666666667
"species",107,107,312.638888888889,31.9166666666667,380.583333333333
"species",108,108,312.638888888889,31.9166666666667,380.583333333333
"species",109,109,293.638888888889,33.3888888888889,616.888888888889
"species",110,110,313.333333333333,62.4444444444444,489.555555555556
"species",111,111,287.222222222222,78.8611111111111,379.25
"species",112,112,301.888888888889,62.1388888888889,304.611111111111
"species",113,113,293.638888888889,33.3888888888889,616.888888888889
"species",114,114,292.888888888889,64.3888888888889,306.111111111111
"species",115,115,264.151515151515,53.6969696969697,733.757575757576
"species",116,116,312.638888888889,31.9166666666667,380.583333333333
"species",117,117,304.083333333333,13.5833333333333,493.027777777778
"species",118,118,311.928571428571,49.75,241.071428571429
"species",119,119,300.730769230769,41.2307692307692,343.346153846154
"species",120,120,265.194444444444,23.0277777777778,718.166666666667
"species",121,121,278.805555555556,14.0277777777778,576.722222222222
"species",122,122,266.444444444444,38.5277777777778,568.166666666667
"species",123,123,264.151515151515,53.6969696969697,733.757575757576
"species",124,124,292.172413793103,66.0689655172414,730.827586206897
"species",125,125,312.638888888889,31.9166666666667,380.583333333333
"species",126,126,292.277777777778,24.6388888888889,452.944444444444
"species",127,127,292.277777777778,24.6388888888889,452.944444444444
"species",128,128,312.638888888889,31.9166666666667,380.583333333333
"species",129,129,312.638888888889,31.9166666666667,380.583333333333
"species",130,130,312.638888888889,31.9166666666667,380.583333333333
"species",131,131,257.305555555556,53.8055555555556,716.944444444444
"species",132,132,312.638888888889,31.9166666666667,380.583333333333
"species",133,133,287.666666666667,34.25,497.083333333333
"species",134,134,257.305555555556,53.8055555555556,716.944444444444
"species",135,135,300.730769230769,41.2307692307692,343.346153846154
"species",136,136,291.222222222222,16.8888888888889,494.055555555556
"species",137,137,312.638888888889,31.9166666666667,380.583333333333
"species",138,138,312.638888888889,31.9166666666667,380.583333333333
"species",139,139,300.730769230769,41.2307692307692,343.346153846154
"species",140,140,292.277777777778,24.6388888888889,452.944444444444
