"species","x","y","bio5","bio14","bio18"
"background",1,1,336.5,3.58333333333333,65.4722222222222
"background",2,2,333.388888888889,21.0277777777778,396.25
"background",3,3,332.416666666667,6.97222222222222,325.027777777778
"background",4,4,340.777777777778,3.58333333333333,415.583333333333
"background",5,5,327.916666666667,41.7777777777778,198.222222222222
"background",6,6,328.75,14.3888888888889,434.944444444444
"background",7,7,348.527777777778,5,360.972222222222
"background",8,8,321.027777777778,196.888888888889,666
"background",9,9,323.777777777778,12.1388888888889,375.527777777778
"background",10,10,344.416666666667,1.5,175.861111111111
"background",11,11,324.555555555556,1.91666666666667,212.472222222222
"background",12,12,265.833333333333,93.0833333333333,505.166666666667
"background",13,13,329.027777777778,6.22222222222222,418.166666666667
"background",14,14,329.5,81.25,294.25
"background",15,15,305.305555555556,212.194444444444,710.5
"background",16,16,325.472222222222,2.83333333333333,200.666666666667
"background",17,17,330,21.3611111111111,324.444444444444
"background",18,18,350.388888888889,10.5833333333333,343.638888888889
"background",19,19,309.972222222222,156.638888888889,620.027777777778
"background",20,20,298.888888888889,12.3611111111111,485.222222222222
"background",21,21,345.333333333333,3.25,184.25
"background",22,22,287.777777777778,101.666666666667,417.666666666667
"background",23,23,315.777777777778,4.41666666666667,193.527777777778
"background",24,24,341.444444444444,4.05555555555556,369.861111111111
"background",25,25,331.305555555556,2.36111111111111,420.861111111111
"background",26,26,297.888888888889,57.1666666666667,452.055555555556
"background",27,27,331.916666666667,12.1388888888889,396.5
"background",28,28,309.527777777778,174.861111111111,586.916666666667
"background",29,29,334.277777777778,2.25,64.8333333333333
"background",30,30,326.666666666667,36.0833333333333,146.444444444444
"background",31,31,330.75,37.8611111111111,482.305555555556
"background",32,32,323.833333333333,55.5,247.833333333333
