"species","x","y","bio5","bio14","bio18"
"background",1,1,306.75,21.4722222222222,412.277777777778
"background",2,2,347.388888888889,2.86111111111111,139.416666666667
"background",3,3,330.583333333333,77.6944444444444,271.305555555556
"background",4,4,320.5,86.3333333333333,396.25
"background",5,5,327.25,33.9722222222222,223.333333333333
"background",6,6,328.611111111111,3.63888888888889,437.083333333333
"background",7,7,306.611111111111,181.361111111111,843.861111111111
"background",8,8,314.666666666667,7.02777777777778,325.055555555556
"background",9,9,319.361111111111,32.0277777777778,528.222222222222
"background",10,10,314.25,89.3611111111111,633
"background",11,11,312.448275862069,8,246.965517241379
"background",12,12,320.555555555556,27.25,121.722222222222
"background",13,13,323,19.5833333333333,283.611111111111
"background",14,14,324.138888888889,38.4166666666667,155.138888888889
"background",15,15,321.916666666667,46.6944444444444,232.416666666667
"background",16,16,320.222222222222,0.472222222222222,248.166666666667
"background",17,17,339.222222222222,0.722222222222222,143.305555555556
"background",18,18,261.888888888889,74.3055555555556,502.972222222222
"background",19,19,296.5,8.02777777777778,564.472222222222
"background",20,20,321.444444444444,98.1944444444444,368.388888888889
"background",21,21,314.388888888889,34.0277777777778,167.222222222222
"background",22,22,284.611111111111,116.555555555556,442.944444444444
"background",23,23,347.888888888889,8.86111111111111,564.083333333333
"background",24,24,334.611111111111,4.97222222222222,369.444444444444
"background",25,25,303,28.1666666666667,161.472222222222
"background",26,26,341.111111111111,17.1111111111111,470.944444444444
"background",27,27,325.444444444444,51.8333333333333,185.305555555556
"background",28,28,288.194444444444,80.6111111111111,361.027777777778
"background",29,29,312.083333333333,37.3333333333333,305.888888888889
"background",30,30,333.333333333333,0.333333333333333,277.194444444444
"background",31,31,347.305555555556,12.75,345.222222222222
"background",32,32,322.230769230769,13.6538461538462,101.884615384615
"background",33,33,308.861111111111,47.6111111111111,452.305555555556
"background",34,34,341.805555555556,0,252.722222222222
"background",35,35,330.083333333333,1.77777777777778,166.027777777778
"background",36,36,326.611111111111,46.0277777777778,230.638888888889
"background",37,37,291.777777777778,96.4444444444444,389.583333333333
"background",38,38,328.916666666667,16.5,129.472222222222
"background",39,39,314.444444444444,2.61111111111111,89.9444444444444
"background",40,40,291.944444444444,78.9444444444444,451.972222222222
"background",41,41,303.444444444444,11,219.388888888889
"background",42,42,334.888888888889,16.3611111111111,304.25
"background",43,43,316.194444444444,36.3055555555556,493.388888888889
"background",44,44,301.888888888889,62.1388888888889,304.611111111111
"background",45,45,325.444444444444,49.75,221.111111111111
"background",46,46,302.138888888889,12.75,307.333333333333
"background",47,47,317.5,62.8611111111111,571.555555555556
"background",48,48,349.972222222222,9.22222222222222,81.9722222222222
"background",49,49,321.5,3.69444444444444,354.916666666667
"background",50,50,327.027777777778,79.1944444444444,267.111111111111
"background",51,51,327.916666666667,41.7777777777778,198.222222222222
"background",52,52,334.277777777778,2.25,64.8333333333333
"background",53,53,311.388888888889,4.47222222222222,389.055555555556
"background",54,54,315.944444444444,56.9166666666667,628.583333333333
"background",55,55,302.222222222222,4.11111111111111,502.833333333333
"background",56,56,308.555555555556,37.3888888888889,451.694444444444
"background",57,57,293.861111111111,5,449.388888888889
"background",58,58,328.833333333333,5.11111111111111,445.222222222222
"background",59,59,320.472222222222,2.61111111111111,63.1944444444444
"background",60,60,331.944444444444,30,133.555555555556
"background",61,61,310.444444444444,5.33333333333333,220.472222222222
"background",62,62,308.388888888889,217.527777777778,738.444444444444
"background",63,63,333.194444444444,16,206.416666666667
"background",64,64,339.833333333333,31.4444444444444,507.388888888889
"background",65,65,317.861111111111,13.8611111111111,194.888888888889
"background",66,66,324.305555555556,15.0555555555556,376.694444444444
"background",67,67,321.027777777778,196.888888888889,666
"background",68,68,327.055555555556,54.0277777777778,203.027777777778
"background",69,69,326.472222222222,3.88888888888889,68.5
"background",70,70,331.333333333333,6.16666666666667,238.583333333333
"background",71,71,295.416666666667,3.30555555555556,158.583333333333
"background",72,72,306.722222222222,129.5,411.194444444444
"background",73,73,314.444444444444,96.7222222222222,623.916666666667
"background",74,74,295.111111111111,17.7222222222222,251.75
"background",75,75,332.527777777778,54.9166666666667,204.972222222222
"background",76,76,310.222222222222,1.52777777777778,233.583333333333
"background",77,77,303.805555555556,4.97222222222222,222.444444444444
"background",78,78,330.472222222222,75.5277777777778,273.583333333333
"background",79,79,320.027777777778,36.5,584.194444444444
"background",80,80,288.194444444444,55.75,521.888888888889
"background",81,81,258.805555555556,26.8611111111111,683.277777777778
"background",82,82,292.138888888889,80.4722222222222,333.444444444444
"background",83,83,272,83.1944444444444,486.666666666667
"background",84,84,331.416666666667,56.9722222222222,373.277777777778
"background",85,85,309.388888888889,23.2222222222222,174.277777777778
"background",86,86,322.694444444444,45.0555555555556,559.25
"background",87,87,334.611111111111,19.8333333333333,200.111111111111
"background",88,88,346.75,13.9444444444444,389.916666666667
"background",89,89,297.583333333333,105.222222222222,560.111111111111
"background",90,90,323.305555555556,120.944444444444,406.638888888889
"background",91,91,348.277777777778,2.5,472.027777777778
"background",92,92,290.583333333333,7.30555555555556,657.305555555556
"background",93,93,282.305555555556,17.9444444444444,651.555555555556
"background",94,94,327.527777777778,21.9444444444444,468.027777777778
"background",95,95,307.416666666667,25.3055555555556,514.138888888889
"background",96,96,326.333333333333,58.25,233.166666666667
"background",97,97,330.055555555556,67.0277777777778,261.833333333333
"background",98,98,312.583333333333,79.6944444444444,384.75
"background",99,99,317.638888888889,33.9166666666667,155.277777777778
"background",100,100,330.388888888889,31.2777777777778,569.555555555556
"background",101,101,259.472222222222,104.944444444444,438.222222222222
"background",102,102,335.416666666667,0.5,255.944444444444
"background",103,103,329.416666666667,9.58333333333333,262.916666666667
"background",104,104,313.666666666667,102.472222222222,366.944444444444
"background",105,105,326.777777777778,93.6111111111111,376
"background",106,106,304.416666666667,4.91666666666667,339.416666666667
"background",107,107,337.527777777778,2.13888888888889,76.0833333333333
"background",108,108,298.972222222222,26.75,242.361111111111
"background",109,109,264.151515151515,53.6969696969697,733.757575757576
"background",110,110,311.055555555556,13.0555555555556,187.055555555556
"background",111,111,341.694444444444,8.19444444444444,74.8333333333333
"background",112,112,356.194444444444,3.80555555555556,627.972222222222
"background",113,113,334.083333333333,51.4166666666667,191.25
"background",114,114,305.111111111111,3.33333333333333,209.166666666667
"background",115,115,305.305555555556,212.194444444444,710.5
"background",116,116,350.527777777778,2.5,289.75
"background",117,117,326.333333333333,64.75,266.5
"background",118,118,349.861111111111,12.8333333333333,351.583333333333
"background",119,119,320.722222222222,84.6111111111111,421.222222222222
"background",120,120,302.472222222222,20.0277777777778,599.166666666667
"background",121,121,329.75,15.3055555555556,465.694444444444
"background",122,122,351.472222222222,6.63888888888889,110.138888888889
"background",123,123,329.444444444444,77.0833333333333,309.333333333333
"background",124,124,328.75,14.3888888888889,434.944444444444
"background",125,125,342.861111111111,2.13888888888889,154.5
"background",126,126,332.777777777778,44.5833333333333,156.805555555556
"background",127,127,314.944444444444,119.75,425.277777777778
"background",128,128,281.083333333333,18.1111111111111,245.972222222222
"background",129,129,314.055555555556,10.4722222222222,366.083333333333
"background",130,130,328.777777777778,45.2777777777778,348.972222222222
"background",131,131,322.777777777778,138.222222222222,517.805555555556
"background",132,132,323.583333333333,50.8888888888889,250.305555555556
"background",133,133,310.166666666667,8.5,565.305555555556
"background",134,134,309.5,185.194444444444,657.333333333333
"background",135,135,305.25,35.1666666666667,292.361111111111
"background",136,136,318.888888888889,2.61111111111111,194.222222222222
"background",137,137,323.277777777778,26.6666666666667,158.75
"background",138,138,310.25,2.83333333333333,90.8055555555556
"background",139,139,325.472222222222,2.83333333333333,200.666666666667
"background",140,140,339.416666666667,2.52777777777778,440.861111111111
"background",141,141,322.694444444444,78.5,479.944444444444
"background",142,142,314.75,3.91666666666667,230.527777777778
"background",143,143,278.805555555556,14.0277777777778,576.722222222222
"background",144,144,312.638888888889,31.9166666666667,380.583333333333
"background",145,145,303.194444444444,77.2777777777778,495.638888888889
"background",146,146,327.361111111111,1.30555555555556,202.555555555556
"background",147,147,326.416666666667,78.5,333.333333333333
"background",148,148,345.305555555556,2.27777777777778,438.222222222222
