"species","x","y","bio5","bio14","bio18"
"species",1,1,265.194444444444,23.0277777777778,718.166666666667
"species",2,2,292.277777777778,24.6388888888889,452.944444444444
"species",3,3,264.151515151515,53.6969696969697,733.757575757576
"species",4,4,293.638888888889,33.3888888888889,616.888888888889
"species",5,5,293.638888888889,33.3888888888889,616.888888888889
"species",6,6,265.194444444444,23.0277777777778,718.166666666667
"species",7,7,308.361111111111,24.6111111111111,379.111111111111
"species",8,8,287.666666666667,34.25,497.083333333333
"species",9,9,291.222222222222,16.8888888888889,494.055555555556
"species",10,10,265.194444444444,23.0277777777778,718.166666666667
"species",11,11,300.730769230769,41.2307692307692,343.346153846154
"species",12,12,292.172413793103,66.0689655172414,730.827586206897
"species",13,13,293.638888888889,33.3888888888889,616.888888888889
"species",14,14,282.305555555556,11.5277777777778,629.5
"species",15,15,300.730769230769,41.2307692307692,343.346153846154
"species",16,16,287.222222222222,78.8611111111111,379.25
"species",17,17,278.805555555556,14.0277777777778,576.722222222222
"species",18,18,287.666666666667,34.25,497.083333333333
"species",19,19,312.638888888889,31.9166666666667,380.583333333333
"species",20,20,312.638888888889,31.9166666666667,380.583333333333
"species",21,21,282.361111111111,54.5,580.083333333333
"species",22,22,287.666666666667,34.25,497.083333333333
"species",23,23,257.305555555556,53.8055555555556,716.944444444444
"species",24,24,288.416666666667,26.7222222222222,611.416666666667
"species",25,25,264.151515151515,53.6969696969697,733.757575757576
"species",26,26,312.638888888889,31.9166666666667,380.583333333333
"species",27,27,292.277777777778,24.6388888888889,452.944444444444
"species",28,28,300.730769230769,41.2307692307692,343.346153846154
"species",29,29,312.638888888889,31.9166666666667,380.583333333333
"species",30,30,312.638888888889,31.9166666666667,380.583333333333
"species",31,31,304.083333333333,13.5833333333333,493.027777777778
"species",32,32,300.730769230769,41.2307692307692,343.346153846154
"species",33,33,287.666666666667,34.25,497.083333333333
"species",34,34,260.666666666667,24.5833333333333,718.055555555556
"species",35,35,300.730769230769,41.2307692307692,343.346153846154
"species",36,36,293.638888888889,33.3888888888889,616.888888888889
"species",37,37,276.666666666667,12.8611111111111,693.5
"species",38,38,257.305555555556,53.8055555555556,716.944444444444
"species",39,39,286.111111111111,9.52777777777778,590.055555555556
"species",40,40,292.888888888889,64.3888888888889,306.111111111111
"species",41,41,312.638888888889,34.5833333333333,351.277777777778
"species",42,42,278.555555555556,78.3333333333333,370.916666666667
"species",43,43,293.638888888889,33.3888888888889,616.888888888889
"species",44,44,292.277777777778,24.6388888888889,452.944444444444
"species",45,45,257.305555555556,53.8055555555556,716.944444444444
"species",46,46,292.277777777778,24.6388888888889,452.944444444444
"species",47,47,257.305555555556,53.8055555555556,716.944444444444
"species",48,48,300.730769230769,41.2307692307692,343.346153846154
"species",49,49,292.277777777778,24.6388888888889,452.944444444444
"species",50,50,292.277777777778,24.6388888888889,452.944444444444
"species",51,51,265.194444444444,23.0277777777778,718.166666666667
"species",52,52,300.730769230769,41.2307692307692,343.346153846154
"species",53,53,300.730769230769,41.2307692307692,343.346153846154
"species",54,54,284.583333333333,19.8055555555556,622.388888888889
"species",55,55,265.194444444444,23.0277777777778,718.166666666667
"species",56,56,312.638888888889,34.5833333333333,351.277777777778
"species",57,57,293.638888888889,33.3888888888889,616.888888888889
"species",58,58,257.305555555556,53.8055555555556,716.944444444444
"species",59,59,257.305555555556,53.8055555555556,716.944444444444
"species",60,60,300.730769230769,41.2307692307692,343.346153846154
"species",61,61,292.888888888889,64.3888888888889,306.111111111111
"species",62,62,265.194444444444,23.0277777777778,718.166666666667
"species",63,63,312.638888888889,31.9166666666667,380.583333333333
"species",64,64,293.638888888889,33.3888888888889,616.888888888889
"species",65,65,257.305555555556,53.8055555555556,716.944444444444
"species",66,66,291.222222222222,16.8888888888889,494.055555555556
"species",67,67,291.222222222222,16.8888888888889,494.055555555556
"species",68,68,257.305555555556,53.8055555555556,716.944444444444
"species",69,69,312.638888888889,34.5833333333333,351.277777777778
"species",70,70,292.172413793103,66.0689655172414,730.827586206897
"species",71,71,282.361111111111,54.5,580.083333333333
"species",72,72,276.666666666667,12.8611111111111,693.5
"species",73,73,306.515151515152,61.9090909090909,290.878787878788
"species",74,74,312.638888888889,31.9166666666667,380.583333333333
"species",75,75,287.666666666667,34.25,497.083333333333
"species",76,76,287.666666666667,34.25,497.083333333333
"species",77,77,292.172413793103,66.0689655172414,730.827586206897
"species",78,78,312.638888888889,31.9166666666667,380.583333333333
"species",79,79,287.666666666667,34.25,497.083333333333
"species",80,80,292.277777777778,24.6388888888889,452.944444444444
"species",81,81,312.638888888889,31.9166666666667,380.583333333333
"species",82,82,291.222222222222,16.8888888888889,494.055555555556
"species",83,83,300.730769230769,41.2307692307692,343.346153846154
"species",84,84,313.333333333333,62.4444444444444,489.555555555556
"species",85,85,257.305555555556,53.8055555555556,716.944444444444
"species",86,86,291.222222222222,16.8888888888889,494.055555555556
"species",87,87,312.638888888889,31.9166666666667,380.583333333333
"species",88,88,312.638888888889,31.9166666666667,380.583333333333
"species",89,89,300.730769230769,41.2307692307692,343.346153846154
"species",90,90,300.730769230769,41.2307692307692,343.346153846154
"species",91,91,312.638888888889,31.9166666666667,380.583333333333
"species",92,92,278.805555555556,14.0277777777778,576.722222222222
"species",93,93,312.638888888889,31.9166666666667,380.583333333333
"species",94,94,310.916666666667,18.0833333333333,534.222222222222
"species",95,95,287.666666666667,34.25,497.083333333333
"species",96,96,300.730769230769,41.2307692307692,343.346153846154
"species",97,97,265.194444444444,23.0277777777778,718.166666666667
"species",98,98,312.638888888889,31.9166666666667,380.583333333333
"species",99,99,287.666666666667,34.25,497.083333333333
"species",100,100,301.888888888889,62.1388888888889,304.611111111111
"species",101,101,312.638888888889,31.9166666666667,380.583333333333
"species",102,102,292.277777777778,24.6388888888889,452.944444444444
"species",103,103,282.361111111111,54.5,580.083333333333
"species",104,104,292.277777777778,24.6388888888889,452.944444444444
"species",105,105,292.172413793103,66.0689655172414,730.827586206897
"species",106,106,300.730769230769,41.2307692307692,343.346153846154
"species",107,107,308.361111111111,24.6111111111111,379.111111111111
"species",108,108,265.194444444444,23.0277777777778,718.166666666667
"species",109,109,300.730769230769,41.2307692307692,343.346153846154
"species",110,110,287.222222222222,78.8611111111111,379.25
"species",111,111,300.730769230769,41.2307692307692,343.346153846154
"species",112,112,292.277777777778,24.6388888888889,452.944444444444
"species",113,113,300.730769230769,41.2307692307692,343.346153846154
"species",114,114,312.638888888889,31.9166666666667,380.583333333333
"species",115,115,291.222222222222,16.8888888888889,494.055555555556
"species",116,116,257.305555555556,53.8055555555556,716.944444444444
"species",117,117,312.638888888889,31.9166666666667,380.583333333333
"species",118,118,300.730769230769,41.2307692307692,343.346153846154
"species",119,119,282.361111111111,54.5,580.083333333333
"species",120,120,300.730769230769,41.2307692307692,343.346153846154
"species",121,121,313.333333333333,62.4444444444444,489.555555555556
"species",122,122,312.638888888889,31.9166666666667,380.583333333333
"species",123,123,265.194444444444,23.0277777777778,718.166666666667
"species",124,124,293.638888888889,33.3888888888889,616.888888888889
"species",125,125,300.730769230769,41.2307692307692,343.346153846154
"species",126,126,278.805555555556,14.0277777777778,576.722222222222
"species",127,127,300.730769230769,41.2307692307692,343.346153846154
"species",128,128,310.916666666667,18.0833333333333,534.222222222222
"species",129,129,286.111111111111,9.52777777777778,590.055555555556
"species",130,130,300.730769230769,41.2307692307692,343.346153846154
"species",131,131,312.638888888889,31.9166666666667,380.583333333333
"species",132,132,272,83.1944444444444,486.666666666667
"species",133,133,287.666666666667,34.25,497.083333333333
"species",134,134,292.172413793103,66.0689655172414,730.827586206897
"species",135,135,312.638888888889,31.9166666666667,380.583333333333
"species",136,136,312.638888888889,31.9166666666667,380.583333333333
"species",137,137,264.151515151515,53.6969696969697,733.757575757576
"species",138,138,292.277777777778,24.6388888888889,452.944444444444
