"species","x","y","bio5","bio14","bio18"
"background",1,1,330.5,1.52777777777778,89.0833333333333
"background",2,2,334,17.6666666666667,328.944444444444
"background",3,3,335.472222222222,55.9722222222222,202.833333333333
"background",4,4,319.638888888889,23.3888888888889,655.805555555556
"background",5,5,317.527777777778,41.6111111111111,615.222222222222
"background",6,6,327.694444444444,5.22222222222222,473.5
"background",7,7,272,83.1944444444444,486.666666666667
"background",8,8,315.527777777778,5.94444444444444,617.027777777778
"background",9,9,336.583333333333,6.05555555555556,256.916666666667
"background",10,10,320.555555555556,27.25,121.722222222222
"background",11,11,310.444444444444,5.33333333333333,220.472222222222
"background",12,12,292.888888888889,8.77777777777778,407.027777777778
"background",13,13,300.75,35.1111111111111,543.111111111111
"background",14,14,281.861111111111,81.5833333333333,523.333333333333
"background",15,15,329.027777777778,6.22222222222222,418.166666666667
"background",16,16,335.416666666667,0.5,255.944444444444
"background",17,17,317.972222222222,54.9722222222222,583.25
"background",18,18,317.944444444444,105.305555555556,585.444444444444
"background",19,19,331.277777777778,14.5833333333333,313.388888888889
"background",20,20,347.888888888889,8.86111111111111,564.083333333333
"background",21,21,337.416666666667,3.58333333333333,229.25
"background",22,22,356.5,4.55555555555556,548.194444444444
"background",23,23,317.861111111111,69.7777777777778,553.555555555556
"background",24,24,343.083333333333,0,170.027777777778
"background",25,25,315.25,103.555555555556,575.138888888889
