"species","x","y","bio4","bio14","bio2"
"background",1,1,956.611111111111,6.63888888888889,110.861111111111
"background",2,2,3474.75,119.75,124.666666666667
"background",3,3,3007.22222222222,125.027777777778,109.861111111111
"background",4,4,2835.77777777778,74.3055555555556,108.111111111111
"background",5,5,511.277777777778,9.66666666666667,122
"background",6,6,559.083333333333,69.6388888888889,87.8888888888889
"background",7,7,1498.72222222222,11,111.277777777778
"background",8,8,1401.19444444444,62.1388888888889,84.5555555555556
"background",9,9,1693.63888888889,23.2222222222222,104.888888888889
"background",10,10,322.305555555556,105.305555555556,89.8611111111111
"background",11,11,1101.02777777778,0.472222222222222,128.666666666667
"background",12,12,602.277777777778,66.4444444444444,87.3333333333333
"background",13,13,416.472222222222,93.6111111111111,85.9166666666667
"background",14,14,453.611111111111,8.86111111111111,135.916666666667
"background",15,15,598.027777777778,44.7777777777778,81.0277777777778
"background",16,16,488.5,19.0277777777778,90.8888888888889
"background",17,17,1209.27777777778,1.52777777777778,120.138888888889
"background",18,18,1278.30555555556,64.3888888888889,78.5
"background",19,19,790.555555555556,2.13888888888889,122
"background",20,20,2835.80555555556,81.5833333333333,122.694444444444
"background",21,21,663.75,6.13888888888889,142.277777777778
"background",22,22,826.638888888889,1.44444444444444,116.805555555556
"background",23,23,1339.08333333333,3.30555555555556,90.6388888888889
"background",24,24,302.333333333333,8.47222222222222,128.805555555556
