"species","x","y","bio4","bio14","bio2"
"species",1,1,1877.11111111111,24.6388888888889,119.25
"species",2,2,2025.75,34.25,91.3888888888889
"species",3,3,2252.0303030303,53.6969696969697,95.6666666666667
"species",4,4,2325.25,26.7222222222222,120.972222222222
"species",5,5,1408.42424242424,61.9090909090909,81.7575757575758
"species",6,6,1424.07142857143,49.75,85.7857142857143
"species",7,7,1706.84615384615,41.2307692307692,91.6538461538462
"species",8,8,1967.44444444444,13.5833333333333,119.861111111111
"species",9,9,2194.33333333333,23.0277777777778,119.222222222222
"species",10,10,1256.63888888889,16.1111111111111,115.361111111111
"species",11,11,2976.30555555556,54.5,100.361111111111
"species",12,12,1913.16666666667,11.5277777777778,126.25
"species",13,13,2170.55555555556,19.8055555555556,131.222222222222
"species",14,14,2001.13888888889,24.6111111111111,101.166666666667
"species",15,15,2226.94444444444,18.0833333333333,121.055555555556
"species",16,16,2425.63888888889,36.4444444444444,116.194444444444
"species",17,17,1278.30555555556,64.3888888888889,78.5
"species",18,18,2628.44444444444,62.4444444444444,118.916666666667
"species",19,19,2318.30555555556,23.4444444444444,116
"species",20,20,2267.66666666667,53.8055555555556,96.9444444444444
"species",21,21,2125,33.3888888888889,101.972222222222
"species",22,22,1401.19444444444,62.1388888888889,84.5555555555556
"species",23,23,2026.47222222222,14.0277777777778,116.416666666667
"species",24,24,2844.625,81.2916666666667,78.7083333333333
