"species","x","y","bio5","bio14","bio18"
"species",1,1,257.305555555556,53.8055555555556,716.944444444444
"species",2,2,287.222222222222,78.8611111111111,379.25
"species",3,3,335.722222222222,24.9444444444444,491.916666666667
"species",4,4,278.555555555556,78.3333333333333,370.916666666667
"species",5,5,310.916666666667,18.0833333333333,534.222222222222
"species",6,6,289.333333333333,16.1111111111111,314.472222222222
"species",7,7,306.515151515152,61.9090909090909,290.878787878788
"species",8,8,311.928571428571,49.75,241.071428571429
"species",9,9,292.172413793103,66.0689655172414,730.827586206897
"species",10,10,272,83.1944444444444,486.666666666667
"species",11,11,287.666666666667,34.25,497.083333333333
"species",12,12,284.583333333333,19.8055555555556,622.388888888889
"species",13,13,265.194444444444,23.0277777777778,718.166666666667
"species",14,14,264.151515151515,53.6969696969697,733.757575757576
"species",15,15,308.361111111111,24.6111111111111,379.111111111111
"species",16,16,292.277777777778,24.6388888888889,452.944444444444
