"species","x","y","bio5","bio14","bio18","bio19"
"background",1,1,298.888888888889,12.3611111111111,485.222222222222,52.1111111111111
"background",2,2,308.388888888889,217.527777777778,738.444444444444,989.916666666667
"background",3,3,333.666666666667,4.36111111111111,45.1944444444444,709.472222222222
"background",4,4,288.5,3.22222222222222,328.361111111111,15.6111111111111
"background",5,5,344.805555555556,1.61111111111111,31.75,679
"background",6,6,304.638888888889,2.52777777777778,484.138888888889,29.9722222222222
"background",7,7,320.111111111111,17.2777777777778,561.222222222222,98
"background",8,8,316.388888888889,20.3333333333333,415.416666666667,79.5555555555556
"background",9,9,327.083333333333,49.0555555555556,191.694444444444,956.944444444444
"background",10,10,316.888888888889,21.0277777777778,398.777777777778,116.388888888889
"background",11,11,264.151515151515,53.6969696969697,733.757575757576,184.787878787879
"background",12,12,311.25,40,474.083333333333,205.277777777778
"background",13,13,323.833333333333,55.5,247.833333333333,836.416666666667
"background",14,14,343.916666666667,11.9444444444444,336.416666666667,146.944444444444
"background",15,15,327.694444444444,5.22222222222222,473.5,69.6944444444444
"background",16,16,339.416666666667,2.52777777777778,440.861111111111,70.5833333333333
"background",17,17,265.833333333333,93.0833333333333,505.166666666667,324.388888888889
"background",18,18,341.805555555556,0,252.722222222222,3.41666666666667
"background",19,19,308.361111111111,18.6666666666667,228.805555555556,366.25
"background",20,20,340.555555555556,8.83333333333333,361.722222222222,123.083333333333
"background",21,21,340.527777777778,7.27777777777778,118.305555555556,267.722222222222
"background",22,22,318.583333333333,161.388888888889,520.833333333333,821.666666666667
"background",23,23,343.388888888889,0.527777777777778,182.861111111111,3.11111111111111
"background",24,24,303.083333333333,4.97222222222222,356.277777777778,19.6388888888889
