"species","x","y","bio5","bio14","bio18"
"background",1,1,265.4,93.4857142857143,475.971428571429
"background",2,2,313.666666666667,28.1111111111111,437.055555555556
"background",3,3,326.416666666667,78.5,333.333333333333
"background",4,4,310.222222222222,1.52777777777778,233.583333333333
"background",5,5,302.472222222222,20.0277777777778,599.166666666667
"background",6,6,301.888888888889,62.1388888888889,304.611111111111
"background",7,7,318.583333333333,161.388888888889,520.833333333333
"background",8,8,283.972222222222,20.4166666666667,643.305555555556
"background",9,9,354.166666666667,9.75,324.666666666667
"background",10,10,318.611111111111,59,287.638888888889
"background",11,11,324.138888888889,2.19444444444444,177.388888888889
"background",12,12,288.666666666667,13.1111111111111,147.527777777778
"background",13,13,337.972222222222,80.3611111111111,254.222222222222
"background",14,14,279.555555555556,11.9722222222222,660.694444444444
"background",15,15,315,134.972222222222,435.5
"background",16,16,355.944444444444,9.72222222222222,382.972222222222
"background",17,17,316.888888888889,57.8888888888889,581.888888888889
"background",18,18,319.027777777778,60.8611111111111,550.583333333333
"background",19,19,285.444444444444,8.80555555555556,288.638888888889
"background",20,20,282.305555555556,17.9444444444444,651.555555555556
"background",21,21,327.861111111111,9.38888888888889,451
"background",22,22,348.25,4.30555555555556,505.111111111111
"background",23,23,314.416666666667,109.111111111111,400.777777777778
"background",24,24,334.611111111111,19.8333333333333,200.111111111111
"background",25,25,339.916666666667,28.3333333333333,468.722222222222
