"species","x","y","bio5","bio14","bio18"
"background",1,1,332.277777777778,15.5555555555556,575.638888888889
"background",2,2,315.527777777778,5.94444444444444,617.027777777778
"background",3,3,319.638888888889,23.3888888888889,655.805555555556
"background",4,4,317.972222222222,54.9722222222222,583.25
"background",5,5,336.583333333333,6.05555555555556,256.916666666667
"background",6,6,330.5,1.52777777777778,89.0833333333333
"background",7,7,327.694444444444,5.22222222222222,473.5
"background",8,8,320.555555555556,27.25,121.722222222222
"background",9,9,336.722222222222,26.2222222222222,552.888888888889
"background",10,10,292.888888888889,8.77777777777778,407.027777777778
"background",11,11,335.472222222222,55.9722222222222,202.833333333333
"background",12,12,329.027777777778,6.22222222222222,418.166666666667
"background",13,13,343.083333333333,0,170.027777777778
"background",14,14,317.527777777778,41.6111111111111,615.222222222222
"background",15,15,281.861111111111,81.5833333333333,523.333333333333
"background",16,16,318.583333333333,19.4722222222222,214.583333333333
"background",17,17,300.75,35.1111111111111,543.111111111111
"background",18,18,351.472222222222,6.63888888888889,110.138888888889
"background",19,19,344.416666666667,1.5,175.861111111111
"background",20,20,305.555555555556,7.75,585.5
"background",21,21,331.277777777778,14.5833333333333,313.388888888889
"background",22,22,334.888888888889,16.3611111111111,304.25
"background",23,23,347.888888888889,8.86111111111111,564.083333333333
"background",24,24,356.5,4.55555555555556,548.194444444444
"background",25,25,334,17.6666666666667,328.944444444444
