"species","x","y","bio5","bio14","bio18"
"species",1,1,311.928571428571,49.75,241.071428571429
"species",2,2,272,83.1944444444444,486.666666666667
"species",3,3,278.555555555556,78.3333333333333,370.916666666667
"species",4,4,300.730769230769,41.2307692307692,343.346153846154
"species",5,5,287.222222222222,78.8611111111111,379.25
"species",6,6,288.416666666667,26.7222222222222,611.416666666667
"species",7,7,287.666666666667,34.25,497.083333333333
"species",8,8,292.888888888889,64.3888888888889,306.111111111111
"species",9,9,335.722222222222,24.9444444444444,491.916666666667
"species",10,10,265.194444444444,23.0277777777778,718.166666666667
"species",11,11,308.361111111111,24.6111111111111,379.111111111111
"species",12,12,284.583333333333,19.8055555555556,622.388888888889
"species",13,13,282.805555555556,36.4444444444444,526.666666666667
"species",14,14,292.277777777778,24.6388888888889,452.944444444444
"species",15,15,310.916666666667,18.0833333333333,534.222222222222
"species",16,16,289.333333333333,16.1111111111111,314.472222222222
