"species","x","y","bio5","bio14","bio18"
"background",1,1,308.555555555556,37.3888888888889,451.694444444444
"background",2,2,334.277777777778,2.25,64.8333333333333
"background",3,3,317.027777777778,0.638888888888889,214.527777777778
"background",4,4,351.138888888889,3.5,466.027777777778
"background",5,5,338.138888888889,18.3333333333333,498.194444444444
"background",6,6,336.75,2.44444444444444,158.083333333333
"background",7,7,330,21.3611111111111,324.444444444444
"background",8,8,320.194444444444,43.5555555555556,232.416666666667
"background",9,9,322.194444444444,0.972222222222222,262.861111111111
"background",10,10,332,4.16666666666667,418.888888888889
"background",11,11,339.666666666667,8.47222222222222,267.888888888889
"background",12,12,320.194444444444,174.361111111111,594.361111111111
"background",13,13,333.638888888889,17.4166666666667,133.75
"background",14,14,341.5,0.388888888888889,152.722222222222
"background",15,15,314.388888888889,34.0277777777778,167.222222222222
"background",16,16,328.638888888889,86.8055555555556,321.25
"background",17,17,270.333333333333,124.638888888889,438.305555555556
"background",18,18,305.305555555556,212.194444444444,710.5
"background",19,19,340.666666666667,53.9166666666667,194.277777777778
"background",20,20,325.694444444444,75.3611111111111,347.611111111111
"background",21,21,298.888888888889,12.3611111111111,485.222222222222
"background",22,22,305.638888888889,104.027777777778,356.333333333333
"background",23,23,323.25,65.5833333333333,571.972222222222
"background",24,24,344.333333333333,2.16666666666667,406.5
"background",25,25,347.083333333333,3.05555555555556,414.111111111111
