"species","x","y","bio5","bio14","bio18"
"background",1,1,329.027777777778,6.22222222222222,418.166666666667
"background",2,2,335.416666666667,0.5,255.944444444444
"background",3,3,332.277777777778,15.5555555555556,575.638888888889
"background",4,4,331.277777777778,14.5833333333333,313.388888888889
"background",5,5,292.888888888889,8.77777777777778,407.027777777778
"background",6,6,320.555555555556,27.25,121.722222222222
"background",7,7,335.472222222222,55.9722222222222,202.833333333333
"background",8,8,317.972222222222,54.9722222222222,583.25
"background",9,9,312.583333333333,79.6944444444444,384.75
"background",10,10,320.416666666667,30.8333333333333,586.638888888889
"background",11,11,272,83.1944444444444,486.666666666667
"background",12,12,305.555555555556,7.75,585.5
"background",13,13,319.638888888889,23.3888888888889,655.805555555556
"background",14,14,343.083333333333,0,170.027777777778
"background",15,15,281.861111111111,81.5833333333333,523.333333333333
"background",16,16,317.944444444444,105.305555555556,585.444444444444
"background",17,17,356.5,4.55555555555556,548.194444444444
"background",18,18,347.888888888889,8.86111111111111,564.083333333333
"background",19,19,315.25,103.555555555556,575.138888888889
"background",20,20,344.416666666667,1.5,175.861111111111
"background",21,21,336.583333333333,6.05555555555556,256.916666666667
"background",22,22,324.305555555556,15.0555555555556,376.694444444444
"background",23,23,334,17.6666666666667,328.944444444444
"background",24,24,336.722222222222,26.2222222222222,552.888888888889
"background",25,25,327.694444444444,5.22222222222222,473.5
