"species","x","y","bio5","bio14","bio18"
"background",1,1,333.388888888889,2.11111111111111,195.75
"background",2,2,277.944444444444,11.4722222222222,732.222222222222
"background",3,3,325,9.36111111111111,573.611111111111
"background",4,4,329.777777777778,43.75,369.222222222222
"background",5,5,270.333333333333,124.638888888889,438.305555555556
"background",6,6,334.694444444444,26.1388888888889,420.055555555556
"background",7,7,354.166666666667,9.75,324.666666666667
"background",8,8,268.777777777778,20.5,678
"background",9,9,319.916666666667,54,545.722222222222
"background",10,10,356.5,4.55555555555556,548.194444444444
"background",11,11,322.444444444444,66.5833333333333,285.833333333333
"background",12,12,319.111111111111,177.555555555556,714.305555555556
"background",13,13,319.222222222222,193.694444444444,717.916666666667
"background",14,14,260.388888888889,100.111111111111,492.861111111111
"background",15,15,309.5,185.194444444444,657.333333333333
"background",16,16,322.694444444444,45.0555555555556,559.25
"background",17,17,324.777777777778,30.3888888888889,556.694444444444
"background",18,18,337,13.9722222222222,350.305555555556
"background",19,19,319.444444444444,1.16666666666667,161.777777777778
"background",20,20,336.75,2.44444444444444,158.083333333333
"background",21,21,334.277777777778,2.25,64.8333333333333
"background",22,22,288.194444444444,55.75,521.888888888889
"background",23,23,320.777777777778,6.5,353.25
"background",24,24,349.555555555556,2.58333333333333,421.027777777778
"background",25,25,333.333333333333,0.333333333333333,277.194444444444
"background",26,26,321.166666666667,6.61111111111111,617.666666666667
"background",27,27,300.555555555556,4.27777777777778,253.25
"background",28,28,330.583333333333,77.6944444444444,271.305555555556
"background",29,29,331.416666666667,56.9722222222222,373.277777777778
"background",30,30,330.055555555556,47.3888888888889,167.888888888889
"background",31,31,343.472222222222,0.583333333333333,152.277777777778
"background",32,32,350.527777777778,2.5,289.75
"background",33,33,307.611111111111,214.861111111111,770.305555555556
"background",34,34,284.944444444444,8.5,562.527777777778
"background",35,35,335.027777777778,43.3055555555556,309.027777777778
"background",36,36,317,1.44444444444444,197.75
"background",37,37,329.027777777778,84.8888888888889,270.5
"background",38,38,328.75,14.3888888888889,434.944444444444
"background",39,39,314.25,89.3611111111111,633
"background",40,40,309.527777777778,174.861111111111,586.916666666667
"background",41,41,310.222222222222,1.52777777777778,233.583333333333
"background",42,42,295,4.88888888888889,279.194444444444
"background",43,43,335.277777777778,72.9722222222222,257.75
"background",44,44,321.638888888889,29.4444444444444,494.972222222222
"background",45,45,324.388888888889,89.7777777777778,356.972222222222
"background",46,46,347.888888888889,8.86111111111111,564.083333333333
"background",47,47,286.111111111111,9.52777777777778,590.055555555556
"background",48,48,345.444444444444,2.25,362.027777777778
"background",49,49,330.75,37.8611111111111,482.305555555556
"background",50,50,319.833333333333,66.4444444444444,284.444444444444
"background",51,51,344.444444444444,1.75,484.472222222222
"background",52,52,327.333333333333,81.3055555555556,361.194444444444
"background",53,53,317.333333333333,31.5833333333333,472.416666666667
"background",54,54,325.555555555556,110.444444444444,380.805555555556
"background",55,55,329.638888888889,19.7222222222222,142.222222222222
"background",56,56,327.75,56.9166666666667,327.555555555556
"background",57,57,318.611111111111,59,287.638888888889
"background",58,58,339.916666666667,28.3333333333333,468.722222222222
"background",59,59,328.611111111111,3.63888888888889,437.083333333333
"background",60,60,279.555555555556,11.9722222222222,660.694444444444
"background",61,61,288.527777777778,80.3055555555556,547.138888888889
"background",62,62,343.388888888889,4.55555555555556,487.583333333333
"background",63,63,288.194444444444,80.6111111111111,361.027777777778
"background",64,64,344.805555555556,1.61111111111111,31.75
"background",65,65,326.777777777778,93.6111111111111,376
"background",66,66,310.166666666667,8.5,565.305555555556
"background",67,67,295.5,7.22222222222222,382.527777777778
"background",68,68,331.333333333333,6.16666666666667,238.583333333333
"background",69,69,302.805555555556,21.6111111111111,157.333333333333
"background",70,70,310.916666666667,18.0833333333333,534.222222222222
"background",71,71,282.305555555556,17.9444444444444,651.555555555556
"background",72,72,308.361111111111,24.6111111111111,379.111111111111
"background",73,73,323.833333333333,55.5,247.833333333333
"background",74,74,337.472222222222,10.5,127.361111111111
"background",75,75,326.694444444444,4.02777777777778,196.555555555556
"background",76,76,308.861111111111,47.6111111111111,452.305555555556
"background",77,77,275,13.9444444444444,633.583333333333
"background",78,78,308.305555555556,15.0277777777778,436.833333333333
"background",79,79,334.611111111111,4.97222222222222,369.444444444444
"background",80,80,319.027777777778,60.8611111111111,550.583333333333
"background",81,81,266.5,92.8333333333333,453.638888888889
"background",82,82,323.611111111111,118.388888888889,383.777777777778
"background",83,83,317.027777777778,0.638888888888889,214.527777777778
"background",84,84,332.555555555556,4.69444444444444,70.6111111111111
"background",85,85,352.5,4.44444444444444,248.055555555556
"background",86,86,320.722222222222,84.6111111111111,421.222222222222
"background",87,87,289.333333333333,16.1111111111111,314.472222222222
"background",88,88,311.25,40,474.083333333333
"background",89,89,303.444444444444,11,219.388888888889
"background",90,90,332.972222222222,48.7222222222222,323.888888888889
"background",91,91,336.472222222222,22.4722222222222,365.527777777778
"background",92,92,351.833333333333,9.25,370
"background",93,93,322.888888888889,62.4722222222222,393.277777777778
"background",94,94,323.305555555556,120.944444444444,406.638888888889
"background",95,95,319.583333333333,71.3611111111111,564.944444444444
"background",96,96,344.333333333333,2.16666666666667,406.5
"background",97,97,315.194444444444,26.3611111111111,553.166666666667
"background",98,98,293.861111111111,5,449.388888888889
"background",99,99,314.444444444444,2.61111111111111,89.9444444444444
"background",100,100,354.361111111111,6.58333333333333,608.444444444444
"background",101,101,291.944444444444,78.9444444444444,451.972222222222
"background",102,102,336.527777777778,11.4444444444444,599.138888888889
"background",103,103,325.444444444444,49.75,221.111111111111
"background",104,104,342.416666666667,20.1111111111111,555.25
"background",105,105,327.583333333333,67.2777777777778,283.333333333333
"background",106,106,347.055555555556,8.72222222222222,311.75
"background",107,107,356.944444444444,11.1666666666667,348.444444444444
"background",108,108,315.5,7.11111111111111,683.916666666667
"background",109,109,313.333333333333,62.4444444444444,489.555555555556
"background",110,110,324.583333333333,28.1388888888889,456.638888888889
"background",111,111,318.694444444444,34.8055555555556,264.777777777778
"background",112,112,323.277777777778,26.6666666666667,158.75
"background",113,113,346.75,13.9444444444444,389.916666666667
"background",114,114,317.527777777778,41.6111111111111,615.222222222222
"background",115,115,312.333333333333,2.52777777777778,311.25
"background",116,116,324.361111111111,1.44444444444444,284.388888888889
"background",117,117,317.944444444444,105.305555555556,585.444444444444
"background",118,118,346.305555555556,7.36111111111111,249.472222222222
"background",119,119,328.416666666667,207.305555555556,706.388888888889
"background",120,120,329.722222222222,75.8888888888889,240.222222222222
"background",121,121,312.638888888889,31.9166666666667,380.583333333333
"background",122,122,328.583333333333,40.4166666666667,189.333333333333
"background",123,123,292.172413793103,66.0689655172414,730.827586206897
"background",124,124,308.833333333333,16.9166666666667,196.222222222222
"background",125,125,291.777777777778,96.4444444444444,389.583333333333
"background",126,126,314.055555555556,10.4722222222222,366.083333333333
"background",127,127,321.444444444444,8.97222222222222,350.5
"background",128,128,328.416666666667,22.2777777777778,340.388888888889
"background",129,129,326.972222222222,85.25,286.5
"background",130,130,326.361111111111,18.1111111111111,379.388888888889
"background",131,131,323,47.7777777777778,218.611111111111
"background",132,132,278.555555555556,78.3333333333333,370.916666666667
"background",133,133,324.25,19.0277777777778,91.1666666666667
"background",134,134,317.638888888889,159.888888888889,576.277777777778
"background",135,135,317.916666666667,52.1111111111111,566.722222222222
"background",136,136,314.75,3.91666666666667,230.527777777778
"background",137,137,295.388888888889,32.1666666666667,581.194444444444
"background",138,138,308.361111111111,7.94444444444444,434.416666666667
"background",139,139,334.888888888889,16.3611111111111,304.25
"background",140,140,343.916666666667,11.9444444444444,336.416666666667
"background",141,141,324.555555555556,21.1111111111111,317.25
"background",142,142,305.111111111111,3.33333333333333,209.166666666667
"background",143,143,317.972222222222,54.9722222222222,583.25
"background",144,144,295.166666666667,126.5,536.222222222222
"background",145,145,330.527777777778,45.75,193.388888888889
"background",146,146,313.611111111111,12.0555555555556,429.416666666667
"background",147,147,330.5,72.5,286.75
"background",148,148,317.75,11.1666666666667,415.722222222222
