"species","x","y","bio5","bio14","bio18"
"species",1,1,292.172413793103,66.0689655172414,730.827586206897
"species",2,2,292.172413793103,66.0689655172414,730.827586206897
"species",3,3,300.730769230769,41.2307692307692,343.346153846154
"species",4,4,265.194444444444,23.0277777777778,718.166666666667
"species",5,5,300.730769230769,41.2307692307692,343.346153846154
"species",6,6,257.305555555556,53.8055555555556,716.944444444444
"species",7,7,278.805555555556,14.0277777777778,576.722222222222
"species",8,8,300.730769230769,41.2307692307692,343.346153846154
"species",9,9,312.638888888889,31.9166666666667,380.583333333333
"species",10,10,300.730769230769,41.2307692307692,343.346153846154
"species",11,11,293.638888888889,33.3888888888889,616.888888888889
"species",12,12,266.444444444444,38.5277777777778,568.166666666667
"species",13,13,287.666666666667,34.25,497.083333333333
"species",14,14,293.638888888889,33.3888888888889,616.888888888889
"species",15,15,292.277777777778,24.6388888888889,452.944444444444
"species",16,16,300.730769230769,41.2307692307692,343.346153846154
"species",17,17,300.730769230769,41.2307692307692,343.346153846154
"species",18,18,264.151515151515,53.6969696969697,733.757575757576
"species",19,19,300.730769230769,41.2307692307692,343.346153846154
"species",20,20,312.638888888889,31.9166666666667,380.583333333333
"species",21,21,280.638888888889,23.4444444444444,601.305555555556
"species",22,22,312.638888888889,31.9166666666667,380.583333333333
"species",23,23,292.277777777778,24.6388888888889,452.944444444444
"species",24,24,293.638888888889,33.3888888888889,616.888888888889
"species",25,25,257.305555555556,53.8055555555556,716.944444444444
"species",26,26,311.928571428571,49.75,241.071428571429
"species",27,27,289.333333333333,16.1111111111111,314.472222222222
"species",28,28,312.638888888889,31.9166666666667,380.583333333333
"species",29,29,312.638888888889,31.9166666666667,380.583333333333
"species",30,30,312.638888888889,31.9166666666667,380.583333333333
"species",31,31,313.333333333333,62.4444444444444,489.555555555556
"species",32,32,272,83.1944444444444,486.666666666667
"species",33,33,278.555555555556,78.3333333333333,370.916666666667
"species",34,34,287.222222222222,78.8611111111111,379.25
"species",35,35,312.638888888889,31.9166666666667,380.583333333333
"species",36,36,312.638888888889,31.9166666666667,380.583333333333
"species",37,37,257.305555555556,53.8055555555556,716.944444444444
"species",38,38,312.638888888889,31.9166666666667,380.583333333333
"species",39,39,312.638888888889,31.9166666666667,380.583333333333
"species",40,40,292.277777777778,24.6388888888889,452.944444444444
"species",41,41,274.583333333333,81.2916666666667,570.375
"species",42,42,287.666666666667,34.25,497.083333333333
"species",43,43,282.305555555556,11.5277777777778,629.5
"species",44,44,306.515151515152,61.9090909090909,290.878787878788
"species",45,45,292.888888888889,64.3888888888889,306.111111111111
"species",46,46,300.730769230769,41.2307692307692,343.346153846154
"species",47,47,265.194444444444,23.0277777777778,718.166666666667
"species",48,48,312.638888888889,34.5833333333333,351.277777777778
"species",49,49,293.638888888889,33.3888888888889,616.888888888889
"species",50,50,312.638888888889,31.9166666666667,380.583333333333
"species",51,51,292.277777777778,24.6388888888889,452.944444444444
"species",52,52,312.638888888889,31.9166666666667,380.583333333333
"species",53,53,310.916666666667,18.0833333333333,534.222222222222
"species",54,54,300.730769230769,41.2307692307692,343.346153846154
"species",55,55,312.638888888889,31.9166666666667,380.583333333333
"species",56,56,287.666666666667,34.25,497.083333333333
"species",57,57,312.638888888889,31.9166666666667,380.583333333333
"species",58,58,287.666666666667,34.25,497.083333333333
"species",59,59,265.194444444444,23.0277777777778,718.166666666667
"species",60,60,312.638888888889,31.9166666666667,380.583333333333
"species",61,61,286.111111111111,9.52777777777778,590.055555555556
"species",62,62,312.638888888889,31.9166666666667,380.583333333333
"species",63,63,278.805555555556,14.0277777777778,576.722222222222
"species",64,64,335.722222222222,24.9444444444444,491.916666666667
"species",65,65,257.305555555556,53.8055555555556,716.944444444444
"species",66,66,257.305555555556,53.8055555555556,716.944444444444
"species",67,67,293.638888888889,33.3888888888889,616.888888888889
"species",68,68,257.305555555556,53.8055555555556,716.944444444444
"species",69,69,312.638888888889,31.9166666666667,380.583333333333
"species",70,70,278.805555555556,14.0277777777778,576.722222222222
"species",71,71,293.638888888889,33.3888888888889,616.888888888889
"species",72,72,304.083333333333,13.5833333333333,493.027777777778
"species",73,73,287.666666666667,34.25,497.083333333333
"species",74,74,257.305555555556,53.8055555555556,716.944444444444
"species",75,75,300.730769230769,41.2307692307692,343.346153846154
"species",76,76,287.666666666667,34.25,497.083333333333
"species",77,77,278.555555555556,78.3333333333333,370.916666666667
"species",78,78,300.730769230769,41.2307692307692,343.346153846154
"species",79,79,291.222222222222,16.8888888888889,494.055555555556
"species",80,80,300.730769230769,41.2307692307692,343.346153846154
"species",81,81,291.222222222222,16.8888888888889,494.055555555556
"species",82,82,312.638888888889,31.9166666666667,380.583333333333
"species",83,83,293.638888888889,33.3888888888889,616.888888888889
"species",84,84,312.638888888889,31.9166666666667,380.583333333333
"species",85,85,287.666666666667,34.25,497.083333333333
"species",86,86,282.361111111111,54.5,580.083333333333
"species",87,87,287.666666666667,34.25,497.083333333333
"species",88,88,292.277777777778,24.6388888888889,452.944444444444
"species",89,89,300.730769230769,41.2307692307692,343.346153846154
"species",90,90,300.730769230769,41.2307692307692,343.346153846154
"species",91,91,292.277777777778,24.6388888888889,452.944444444444
"species",92,92,274.583333333333,81.2916666666667,570.375
"species",93,93,312.638888888889,34.5833333333333,351.277777777778
"species",94,94,312.638888888889,34.5833333333333,351.277777777778
"species",95,95,312.638888888889,31.9166666666667,380.583333333333
"species",96,96,300.730769230769,41.2307692307692,343.346153846154
"species",97,97,292.172413793103,66.0689655172414,730.827586206897
"species",98,98,292.277777777778,24.6388888888889,452.944444444444
"species",99,99,264.151515151515,53.6969696969697,733.757575757576
"species",100,100,293.638888888889,33.3888888888889,616.888888888889
"species",101,101,287.222222222222,78.8611111111111,379.25
"species",102,102,276.666666666667,12.8611111111111,693.5
"species",103,103,291.222222222222,16.8888888888889,494.055555555556
"species",104,104,282.361111111111,54.5,580.083333333333
"species",105,105,265.194444444444,23.0277777777778,718.166666666667
"species",106,106,265.194444444444,23.0277777777778,718.166666666667
"species",107,107,284.583333333333,19.8055555555556,622.388888888889
"species",108,108,282.805555555556,36.4444444444444,526.666666666667
"species",109,109,300.730769230769,41.2307692307692,343.346153846154
"species",110,110,287.666666666667,34.25,497.083333333333
"species",111,111,292.172413793103,66.0689655172414,730.827586206897
"species",112,112,300.730769230769,41.2307692307692,343.346153846154
"species",113,113,288.416666666667,26.7222222222222,611.416666666667
"species",114,114,264.151515151515,53.6969696969697,733.757575757576
"species",115,115,292.277777777778,24.6388888888889,452.944444444444
"species",116,116,300.730769230769,41.2307692307692,343.346153846154
"species",117,117,308.361111111111,24.6111111111111,379.111111111111
"species",118,118,257.305555555556,53.8055555555556,716.944444444444
"species",119,119,292.888888888889,64.3888888888889,306.111111111111
"species",120,120,292.888888888889,64.3888888888889,306.111111111111
"species",121,121,300.730769230769,41.2307692307692,343.346153846154
"species",122,122,301.888888888889,62.1388888888889,304.611111111111
"species",123,123,312.638888888889,31.9166666666667,380.583333333333
"species",124,124,300.730769230769,41.2307692307692,343.346153846154
"species",125,125,292.172413793103,66.0689655172414,730.827586206897
"species",126,126,300.730769230769,41.2307692307692,343.346153846154
"species",127,127,312.638888888889,31.9166666666667,380.583333333333
"species",128,128,292.277777777778,24.6388888888889,452.944444444444
"species",129,129,260.666666666667,24.5833333333333,718.055555555556
"species",130,130,300.730769230769,41.2307692307692,343.346153846154
"species",131,131,292.277777777778,24.6388888888889,452.944444444444
"species",132,132,291.222222222222,16.8888888888889,494.055555555556
"species",133,133,287.666666666667,34.25,497.083333333333
"species",134,134,257.305555555556,53.8055555555556,716.944444444444
"species",135,135,282.361111111111,54.5,580.083333333333
"species",136,136,265.194444444444,23.0277777777778,718.166666666667
"species",137,137,300.730769230769,41.2307692307692,343.346153846154
