"species","x","y","bio5","bio14","bio18"
"background",1,1,320.194444444444,43.5555555555556,232.416666666667
"background",2,2,322.444444444444,66.5833333333333,285.833333333333
"background",3,3,327.333333333333,81.3055555555556,361.194444444444
"background",4,4,331.944444444444,8.55555555555556,334.805555555556
"background",5,5,277.944444444444,11.4722222222222,732.222222222222
"background",6,6,290.138888888889,6.33333333333333,231.5
"background",7,7,319.138888888889,161.388888888889,535.944444444444
"background",8,8,318.583333333333,19.4722222222222,214.583333333333
"background",9,9,331.916666666667,12.1388888888889,396.5
"background",10,10,343.277777777778,8.08333333333333,75.9722222222222
"background",11,11,326.583333333333,20.5555555555556,137.694444444444
"background",12,12,316.722222222222,0.388888888888889,305.888888888889
"background",13,13,336.305555555556,11.8888888888889,179.361111111111
"background",14,14,296.333333333333,7.47222222222222,628.027777777778
"background",15,15,327.342857142857,18.6571428571429,104.828571428571
"background",16,16,313.277777777778,132.416666666667,643.944444444444
"background",17,17,330.055555555556,47.3888888888889,167.888888888889
"background",18,18,340.555555555556,8.83333333333333,361.722222222222
"background",19,19,326.472222222222,3.88888888888889,68.5
"background",20,20,342.666666666667,3.22222222222222,107.888888888889
"background",21,21,317.638888888889,59.8888888888889,523.444444444444
"background",22,22,319.833333333333,66.4444444444444,284.444444444444
"background",23,23,321.083333333333,7.97222222222222,267.666666666667
"background",24,24,311.361111111111,27.2222222222222,502.111111111111
"background",25,25,330.055555555556,67.0277777777778,261.833333333333
"background",26,26,309.527777777778,174.861111111111,586.916666666667
"background",27,27,283.666666666667,87.5151515151515,294.090909090909
"background",28,28,310.25,2.83333333333333,90.8055555555556
"background",29,29,298.972222222222,26.75,242.361111111111
"background",30,30,288.666666666667,13.1111111111111,147.527777777778
"background",31,31,311.194444444444,30.4166666666667,190.555555555556
"background",32,32,325.088235294118,2.5,85.2058823529412
"background",33,33,303.083333333333,4.97222222222222,356.277777777778
"background",34,34,339.916666666667,28.3333333333333,468.722222222222
"background",35,35,273.888888888889,61.8055555555556,487.805555555556
"background",36,36,276.666666666667,12.8611111111111,693.5
"background",37,37,312.583333333333,79.6944444444444,384.75
"background",38,38,315.083333333333,78.5,601.5
"background",39,39,288.416666666667,26.7222222222222,611.416666666667
"background",40,40,315,134.972222222222,435.5
"background",41,41,338.861111111111,5.77777777777778,141.166666666667
"background",42,42,323.25,65.5833333333333,571.972222222222
"background",43,43,325.194444444444,25.6666666666667,497.111111111111
"background",44,44,333.666666666667,4.36111111111111,45.1944444444444
"background",45,45,319.638888888889,23.3888888888889,655.805555555556
"background",46,46,261.888888888889,74.3055555555556,502.972222222222
"background",47,47,342.527777777778,9.61111111111111,536.861111111111
"background",48,48,332.416666666667,6.97222222222222,325.027777777778
"background",49,49,317.027777777778,2,142.583333333333
"background",50,50,336.472222222222,22.4722222222222,365.527777777778
"background",51,51,339.916666666667,1,108.638888888889
"background",52,52,322.611111111111,60.6944444444444,284.166666666667
"background",53,53,321.166666666667,6.61111111111111,617.666666666667
"background",54,54,282.361111111111,54.5,580.083333333333
"background",55,55,315.194444444444,26.3611111111111,553.166666666667
"background",56,56,334.277777777778,2.25,64.8333333333333
"background",57,57,287.777777777778,101.666666666667,417.666666666667
"background",58,58,336.722222222222,26.2222222222222,552.888888888889
"background",59,59,313.666666666667,22.5833333333333,563.555555555556
"background",60,60,297.583333333333,105.222222222222,560.111111111111
"background",61,61,342.611111111111,22.6111111111111,534.138888888889
"background",62,62,313.666666666667,102.472222222222,366.944444444444
"background",63,63,305.305555555556,212.194444444444,710.5
"background",64,64,333.833333333333,7.72222222222222,251.472222222222
"background",65,65,307.416666666667,25.3055555555556,514.138888888889
"background",66,66,346.694444444444,0.472222222222222,230.777777777778
"background",67,67,333.111111111111,26.4722222222222,313.805555555556
"background",68,68,325.805555555556,2.80555555555556,159.611111111111
"background",69,69,325.444444444444,49.75,221.111111111111
"background",70,70,356.194444444444,3.80555555555556,627.972222222222
"background",71,71,318.888888888889,2.61111111111111,194.222222222222
"background",72,72,308.361111111111,24.6111111111111,379.111111111111
"background",73,73,348.527777777778,5,360.972222222222
"background",74,74,331.333333333333,6.16666666666667,238.583333333333
"background",75,75,315.888888888889,70.5833333333333,621.388888888889
"background",76,76,318.333333333333,58.8611111111111,374.666666666667
"background",77,77,330.916666666667,23.4444444444444,124.444444444444
"background",78,78,343.472222222222,0.583333333333333,152.277777777778
"background",79,79,317.805555555556,8.22222222222222,354.944444444444
"background",80,80,334.444444444444,37.2777777777778,400.583333333333
"background",81,81,347.888888888889,8.86111111111111,564.083333333333
"background",82,82,317.916666666667,52.1111111111111,566.722222222222
"background",83,83,329.138888888889,3.16666666666667,202.472222222222
"background",84,84,329.75,15.3055555555556,465.694444444444
"background",85,85,323.305555555556,120.944444444444,406.638888888889
"background",86,86,286.111111111111,9.52777777777778,590.055555555556
"background",87,87,332.555555555556,4.69444444444444,70.6111111111111
"background",88,88,290.666666666667,41.9722222222222,506.472222222222
"background",89,89,312.638888888889,31.9166666666667,380.583333333333
"background",90,90,338.333333333333,30.3888888888889,347.527777777778
"background",91,91,349.388888888889,1.11111111111111,439.722222222222
"background",92,92,304.972222222222,73.8055555555556,288.111111111111
"background",93,93,331.166666666667,68.3333333333333,229.611111111111
"background",94,94,291.944444444444,78.9444444444444,451.972222222222
"background",95,95,310.444444444444,5.33333333333333,220.472222222222
"background",96,96,336.027777777778,14.5,67.6666666666667
"background",97,97,332.972222222222,48.7222222222222,323.888888888889
"background",98,98,324.972222222222,28.4444444444444,446.5
"background",99,99,312.916666666667,64.7222222222222,483.972222222222
"background",100,100,254.833333333333,117.944444444444,462.166666666667
"background",101,101,336.361111111111,43.3333333333333,458.5
"background",102,102,274.75,74.0555555555556,467.888888888889
"background",103,103,337.527777777778,0.0277777777777778,275.944444444444
"background",104,104,347.361111111111,18.5277777777778,488.777777777778
"background",105,105,305.638888888889,104.027777777778,356.333333333333
"background",106,106,339.416666666667,2.52777777777778,440.861111111111
"background",107,107,323,19.5833333333333,283.611111111111
"background",108,108,272,83.1944444444444,486.666666666667
"background",109,109,336.305555555556,50.8611111111111,442.111111111111
"background",110,110,306.444444444444,34.5277777777778,197.138888888889
"background",111,111,343.388888888889,0.527777777777778,182.861111111111
"background",112,112,262.833333333333,122.444444444444,460.111111111111
"background",113,113,304.666666666667,13.2777777777778,642.222222222222
"background",114,114,305.25,35.1666666666667,292.361111111111
"background",115,115,324.694444444444,40.9444444444444,174.527777777778
"background",116,116,324.611111111111,109.361111111111,349.944444444444
"background",117,117,328.638888888889,86.8055555555556,321.25
"background",118,118,330.527777777778,45.75,193.388888888889
"background",119,119,309.5,185.194444444444,657.333333333333
"background",120,120,349.888888888889,5.61111111111111,283.333333333333
"background",121,121,323,47.7777777777778,218.611111111111
"background",122,122,345.888888888889,20.8611111111111,430.611111111111
"background",123,123,335.027777777778,9.94444444444444,464.444444444444
"background",124,124,320.888888888889,80.9166666666667,591.25
"background",125,125,344.416666666667,1.5,175.861111111111
"background",126,126,328.777777777778,45.2777777777778,348.972222222222
"background",127,127,311.416666666667,162.166666666667,591.25
"background",128,128,278.555555555556,78.3333333333333,370.916666666667
"background",129,129,347.083333333333,3.05555555555556,414.111111111111
"background",130,130,335.416666666667,0.5,255.944444444444
"background",131,131,320.5,86.3333333333333,396.25
"background",132,132,347.194444444444,4.25,114.583333333333
"background",133,133,340.527777777778,0.583333333333333,227.583333333333
"background",134,134,328.277777777778,10.8333333333333,118.805555555556
"background",135,135,350.527777777778,2.5,289.75
"background",136,136,326.777777777778,93.6111111111111,376
"background",137,137,327.694444444444,80.2222222222222,290.333333333333
"background",138,138,319.694444444444,42.4722222222222,517.083333333333
"background",139,139,312.448275862069,8,246.965517241379
"background",140,140,345.305555555556,2.27777777777778,438.222222222222
"background",141,141,354.361111111111,6.58333333333333,608.444444444444
"background",142,142,322.888888888889,62.4722222222222,393.277777777778
"background",143,143,325.861111111111,22.8055555555556,107.472222222222
"background",144,144,304.638888888889,2.52777777777778,484.138888888889
"background",145,145,321.055555555556,1.47222222222222,162.527777777778
"background",146,146,304.416666666667,4.91666666666667,339.416666666667
"background",147,147,312.972222222222,19.5277777777778,527.083333333333
"background",148,148,326.972222222222,85.25,286.5
