"species","x","y","bio5","bio14","bio18"
"species",1,1,287.666666666667,34.25,497.083333333333
"species",2,2,265.194444444444,23.0277777777778,718.166666666667
"species",3,3,306.515151515152,61.9090909090909,290.878787878788
"species",4,4,312.638888888889,31.9166666666667,380.583333333333
"species",5,5,300.730769230769,41.2307692307692,343.346153846154
"species",6,6,308.361111111111,24.6111111111111,379.111111111111
"species",7,7,313.333333333333,62.4444444444444,489.555555555556
"species",8,8,286.111111111111,9.52777777777778,590.055555555556
"species",9,9,300.730769230769,41.2307692307692,343.346153846154
"species",10,10,264.151515151515,53.6969696969697,733.757575757576
"species",11,11,312.638888888889,31.9166666666667,380.583333333333
"species",12,12,312.638888888889,31.9166666666667,380.583333333333
"species",13,13,287.666666666667,34.25,497.083333333333
"species",14,14,278.555555555556,78.3333333333333,370.916666666667
"species",15,15,293.638888888889,33.3888888888889,616.888888888889
"species",16,16,257.305555555556,53.8055555555556,716.944444444444
"species",17,17,312.638888888889,31.9166666666667,380.583333333333
"species",18,18,265.194444444444,23.0277777777778,718.166666666667
"species",19,19,292.277777777778,24.6388888888889,452.944444444444
"species",20,20,312.638888888889,31.9166666666667,380.583333333333
"species",21,21,300.730769230769,41.2307692307692,343.346153846154
"species",22,22,292.277777777778,24.6388888888889,452.944444444444
"species",23,23,300.730769230769,41.2307692307692,343.346153846154
"species",24,24,287.666666666667,34.25,497.083333333333
"species",25,25,293.638888888889,33.3888888888889,616.888888888889
"species",26,26,312.638888888889,31.9166666666667,380.583333333333
"species",27,27,287.666666666667,34.25,497.083333333333
"species",28,28,300.730769230769,41.2307692307692,343.346153846154
"species",29,29,257.305555555556,53.8055555555556,716.944444444444
"species",30,30,293.638888888889,33.3888888888889,616.888888888889
"species",31,31,312.638888888889,31.9166666666667,380.583333333333
"species",32,32,300.730769230769,41.2307692307692,343.346153846154
"species",33,33,293.638888888889,33.3888888888889,616.888888888889
"species",34,34,257.305555555556,53.8055555555556,716.944444444444
"species",35,35,264.151515151515,53.6969696969697,733.757575757576
"species",36,36,287.666666666667,34.25,497.083333333333
"species",37,37,310.916666666667,18.0833333333333,534.222222222222
"species",38,38,280.638888888889,23.4444444444444,601.305555555556
"species",39,39,292.172413793103,66.0689655172414,730.827586206897
"species",40,40,312.638888888889,31.9166666666667,380.583333333333
"species",41,41,304.083333333333,13.5833333333333,493.027777777778
"species",42,42,300.730769230769,41.2307692307692,343.346153846154
"species",43,43,300.730769230769,41.2307692307692,343.346153846154
"species",44,44,257.305555555556,53.8055555555556,716.944444444444
"species",45,45,300.730769230769,41.2307692307692,343.346153846154
"species",46,46,300.730769230769,41.2307692307692,343.346153846154
"species",47,47,287.666666666667,34.25,497.083333333333
"species",48,48,300.730769230769,41.2307692307692,343.346153846154
"species",49,49,287.666666666667,34.25,497.083333333333
"species",50,50,312.638888888889,31.9166666666667,380.583333333333
"species",51,51,300.730769230769,41.2307692307692,343.346153846154
"species",52,52,282.361111111111,54.5,580.083333333333
"species",53,53,287.666666666667,34.25,497.083333333333
"species",54,54,312.638888888889,31.9166666666667,380.583333333333
"species",55,55,300.730769230769,41.2307692307692,343.346153846154
"species",56,56,287.666666666667,34.25,497.083333333333
"species",57,57,310.916666666667,18.0833333333333,534.222222222222
"species",58,58,291.222222222222,16.8888888888889,494.055555555556
"species",59,59,291.222222222222,16.8888888888889,494.055555555556
"species",60,60,265.194444444444,23.0277777777778,718.166666666667
"species",61,61,300.730769230769,41.2307692307692,343.346153846154
"species",62,62,292.172413793103,66.0689655172414,730.827586206897
"species",63,63,312.638888888889,31.9166666666667,380.583333333333
"species",64,64,278.805555555556,14.0277777777778,576.722222222222
"species",65,65,312.638888888889,31.9166666666667,380.583333333333
"species",66,66,292.277777777778,24.6388888888889,452.944444444444
"species",67,67,257.305555555556,53.8055555555556,716.944444444444
"species",68,68,257.305555555556,53.8055555555556,716.944444444444
"species",69,69,291.222222222222,16.8888888888889,494.055555555556
"species",70,70,264.151515151515,53.6969696969697,733.757575757576
"species",71,71,257.305555555556,53.8055555555556,716.944444444444
"species",72,72,312.638888888889,31.9166666666667,380.583333333333
"species",73,73,300.730769230769,41.2307692307692,343.346153846154
"species",74,74,312.638888888889,31.9166666666667,380.583333333333
"species",75,75,300.730769230769,41.2307692307692,343.346153846154
"species",76,76,312.638888888889,31.9166666666667,380.583333333333
"species",77,77,291.222222222222,16.8888888888889,494.055555555556
"species",78,78,312.638888888889,31.9166666666667,380.583333333333
"species",79,79,274.583333333333,81.2916666666667,570.375
"species",80,80,278.555555555556,78.3333333333333,370.916666666667
"species",81,81,293.638888888889,33.3888888888889,616.888888888889
"species",82,82,293.638888888889,33.3888888888889,616.888888888889
"species",83,83,312.638888888889,31.9166666666667,380.583333333333
"species",84,84,265.194444444444,23.0277777777778,718.166666666667
"species",85,85,287.666666666667,34.25,497.083333333333
"species",86,86,264.151515151515,53.6969696969697,733.757575757576
"species",87,87,312.638888888889,31.9166666666667,380.583333333333
"species",88,88,276.666666666667,12.8611111111111,693.5
"species",89,89,292.888888888889,64.3888888888889,306.111111111111
"species",90,90,287.222222222222,78.8611111111111,379.25
"species",91,91,257.305555555556,53.8055555555556,716.944444444444
"species",92,92,264.151515151515,53.6969696969697,733.757575757576
"species",93,93,257.305555555556,53.8055555555556,716.944444444444
"species",94,94,310.916666666667,18.0833333333333,534.222222222222
"species",95,95,312.638888888889,31.9166666666667,380.583333333333
"species",96,96,301.888888888889,62.1388888888889,304.611111111111
"species",97,97,312.638888888889,31.9166666666667,380.583333333333
"species",98,98,312.638888888889,34.5833333333333,351.277777777778
"species",99,99,292.277777777778,24.6388888888889,452.944444444444
"species",100,100,301.888888888889,62.1388888888889,304.611111111111
"species",101,101,312.638888888889,31.9166666666667,380.583333333333
"species",102,102,289.333333333333,16.1111111111111,314.472222222222
"species",103,103,272,83.1944444444444,486.666666666667
"species",104,104,287.222222222222,78.8611111111111,379.25
"species",105,105,312.638888888889,31.9166666666667,380.583333333333
"species",106,106,313.333333333333,62.4444444444444,489.555555555556
"species",107,107,291.222222222222,16.8888888888889,494.055555555556
"species",108,108,282.805555555556,36.4444444444444,526.666666666667
"species",109,109,292.172413793103,66.0689655172414,730.827586206897
"species",110,110,282.361111111111,54.5,580.083333333333
"species",111,111,257.305555555556,53.8055555555556,716.944444444444
"species",112,112,287.666666666667,34.25,497.083333333333
"species",113,113,293.638888888889,33.3888888888889,616.888888888889
"species",114,114,300.730769230769,41.2307692307692,343.346153846154
"species",115,115,288.416666666667,26.7222222222222,611.416666666667
"species",116,116,292.277777777778,24.6388888888889,452.944444444444
"species",117,117,300.730769230769,41.2307692307692,343.346153846154
"species",118,118,292.172413793103,66.0689655172414,730.827586206897
"species",119,119,257.305555555556,53.8055555555556,716.944444444444
"species",120,120,292.277777777778,24.6388888888889,452.944444444444
"species",121,121,300.730769230769,41.2307692307692,343.346153846154
"species",122,122,292.277777777778,24.6388888888889,452.944444444444
"species",123,123,293.638888888889,33.3888888888889,616.888888888889
"species",124,124,300.730769230769,41.2307692307692,343.346153846154
"species",125,125,282.361111111111,54.5,580.083333333333
"species",126,126,292.277777777778,24.6388888888889,452.944444444444
"species",127,127,312.638888888889,31.9166666666667,380.583333333333
"species",128,128,292.277777777778,24.6388888888889,452.944444444444
"species",129,129,291.222222222222,16.8888888888889,494.055555555556
"species",130,130,287.222222222222,78.8611111111111,379.25
"species",131,131,292.172413793103,66.0689655172414,730.827586206897
"species",132,132,265.194444444444,23.0277777777778,718.166666666667
"species",133,133,300.730769230769,41.2307692307692,343.346153846154
"species",134,134,292.888888888889,64.3888888888889,306.111111111111
"species",135,135,312.638888888889,34.5833333333333,351.277777777778
"species",136,136,257.305555555556,53.8055555555556,716.944444444444
"species",137,137,265.194444444444,23.0277777777778,718.166666666667
"species",138,138,266.444444444444,38.5277777777778,568.166666666667
"species",139,139,257.305555555556,53.8055555555556,716.944444444444
