"species","x","y","bio5","bio14","bio18"
"background",1,1,329.722222222222,75.8888888888889,240.222222222222
"background",2,2,305.25,2.11111111111111,258.694444444444
"background",3,3,303.722222222222,21.3888888888889,570
"background",4,4,314.666666666667,7.02777777777778,325.055555555556
"background",5,5,327.694444444444,5.22222222222222,473.5
"background",6,6,315.833333333333,91.3055555555556,480.444444444444
"background",7,7,312.638888888889,31.9166666666667,380.583333333333
"background",8,8,298.972222222222,26.75,242.361111111111
"background",9,9,348.277777777778,2.5,472.027777777778
"background",10,10,332.555555555556,4.69444444444444,70.6111111111111
"background",11,11,275,13.9444444444444,633.583333333333
"background",12,12,295.5,7.22222222222222,382.527777777778
"background",13,13,347.194444444444,4.25,114.583333333333
"background",14,14,343.472222222222,0.583333333333333,152.277777777778
"background",15,15,324.722222222222,108.555555555556,392.5
"background",16,16,330.472222222222,75.5277777777778,273.583333333333
"background",17,17,304.416666666667,4.91666666666667,339.416666666667
"background",18,18,323.527777777778,64.1944444444444,579.027777777778
"background",19,19,341.111111111111,1.63888888888889,88.2777777777778
"background",20,20,338.333333333333,30.3888888888889,347.527777777778
"background",21,21,333.611111111111,3.16666666666667,430.333333333333
"background",22,22,314.75,3.91666666666667,230.527777777778
"background",23,23,342.361111111111,16.0277777777778,553.25
"background",24,24,346.694444444444,0.472222222222222,230.777777777778
"background",25,25,303.5,11,664.527777777778
"background",26,26,309.833333333333,211.25,650.777777777778
"background",27,27,345.888888888889,20.8611111111111,430.611111111111
"background",28,28,321.166666666667,6.61111111111111,617.666666666667
"background",29,29,319.861111111111,36.25,142.027777777778
"background",30,30,314.666666666667,23.7777777777778,456.5
"background",31,31,342.416666666667,2.19444444444444,93.5555555555556
"background",32,32,326.111111111111,95.5,342.861111111111
"background",33,33,307.388888888889,220.527777777778,795.277777777778
"background",34,34,348.25,4.30555555555556,505.111111111111
"background",35,35,326.333333333333,64.75,266.5
"background",36,36,306.611111111111,181.361111111111,843.861111111111
"background",37,37,332.972222222222,48.7222222222222,323.888888888889
"background",38,38,321.111111111111,144.194444444444,471.611111111111
"background",39,39,329.694444444444,51.3055555555556,201.833333333333
"background",40,40,327.027777777778,79.1944444444444,267.111111111111
"background",41,41,339.666666666667,8.47222222222222,267.888888888889
"background",42,42,329.444444444444,77.0833333333333,309.333333333333
"background",43,43,317.805555555556,8.22222222222222,354.944444444444
"background",44,44,281.861111111111,81.5833333333333,523.333333333333
"background",45,45,303.083333333333,4.97222222222222,356.277777777778
"background",46,46,330.527777777778,45.75,193.388888888889
"background",47,47,324.75,37.1111111111111,150.333333333333
"background",48,48,320.194444444444,43.5555555555556,232.416666666667
"background",49,49,309.527777777778,174.861111111111,586.916666666667
"background",50,50,337.25,4.16666666666667,305.055555555556
