"species","x","y","bio5","bio14","bio18"
"background",1,1,334.611111111111,19.8333333333333,200.111111111111
"background",2,2,282.305555555556,17.9444444444444,651.555555555556
"background",3,3,318.611111111111,59,287.638888888889
"background",4,4,327.75,56.9166666666667,327.555555555556
"background",5,5,355.944444444444,9.72222222222222,382.972222222222
"background",6,6,315,134.972222222222,435.5
"background",7,7,324.138888888889,2.19444444444444,177.388888888889
"background",8,8,287.777777777778,101.666666666667,417.666666666667
"background",9,9,310.694444444444,4.13888888888889,539.555555555556
"background",10,10,302.472222222222,20.0277777777778,599.166666666667
"background",11,11,323.527777777778,70.6666666666667,370.166666666667
"background",12,12,306.515151515152,61.9090909090909,290.878787878788
"background",13,13,279.555555555556,11.9722222222222,660.694444444444
"background",14,14,310.222222222222,1.52777777777778,233.583333333333
"background",15,15,288.666666666667,13.1111111111111,147.527777777778
"background",16,16,334.277777777778,97.6666666666667,310.861111111111
"background",17,17,265.4,93.4857142857143,475.971428571429
"background",18,18,301.888888888889,62.1388888888889,304.611111111111
"background",19,19,319.027777777778,60.8611111111111,550.583333333333
"background",20,20,318.583333333333,161.388888888889,520.833333333333
"background",21,21,304.666666666667,13.2777777777778,642.222222222222
"background",22,22,318.861111111111,18.5555555555556,554.444444444444
"background",23,23,283.972222222222,20.4166666666667,643.305555555556
"background",24,24,327.861111111111,9.38888888888889,451
"background",25,25,314.416666666667,109.111111111111,400.777777777778
