"species","x","y","bio5","bio14","bio18"
"background",1,1,312.583333333333,79.6944444444444,384.75
"background",2,2,317.972222222222,54.9722222222222,583.25
"background",3,3,317.861111111111,69.7777777777778,553.555555555556
"background",4,4,310.444444444444,5.33333333333333,220.472222222222
"background",5,5,330.5,1.52777777777778,89.0833333333333
"background",6,6,281.861111111111,81.5833333333333,523.333333333333
"background",7,7,335.416666666667,0.5,255.944444444444
"background",8,8,317.527777777778,41.6111111111111,615.222222222222
"background",9,9,351.472222222222,6.63888888888889,110.138888888889
"background",10,10,347.888888888889,8.86111111111111,564.083333333333
"background",11,11,336.583333333333,6.05555555555556,256.916666666667
"background",12,12,356.5,4.55555555555556,548.194444444444
"background",13,13,319.638888888889,23.3888888888889,655.805555555556
"background",14,14,324.305555555556,15.0555555555556,376.694444444444
"background",15,15,344.416666666667,1.5,175.861111111111
"background",16,16,305.555555555556,7.75,585.5
"background",17,17,300.75,35.1111111111111,543.111111111111
"background",18,18,317.944444444444,105.305555555556,585.444444444444
"background",19,19,343.083333333333,0,170.027777777778
"background",20,20,320.555555555556,27.25,121.722222222222
"background",21,21,292.888888888889,8.77777777777778,407.027777777778
"background",22,22,331.277777777778,14.5833333333333,313.388888888889
"background",23,23,272,83.1944444444444,486.666666666667
"background",24,24,315.25,103.555555555556,575.138888888889
"background",25,25,327.694444444444,5.22222222222222,473.5
