"species","x","y","bio5","bio14","bio18"
"background",1,1,325.444444444444,49.75,221.111111111111
"background",2,2,322.694444444444,45.0555555555556,559.25
"background",3,3,295.166666666667,126.5,536.222222222222
"background",4,4,352.5,4.44444444444444,248.055555555556
"background",5,5,279.555555555556,11.9722222222222,660.694444444444
"background",6,6,329.694444444444,51.3055555555556,201.833333333333
"background",7,7,325.583333333333,91.4166666666667,366.194444444444
"background",8,8,312.333333333333,2.52777777777778,311.25
"background",9,9,330.75,37.8611111111111,482.305555555556
"background",10,10,308.361111111111,7.94444444444444,434.416666666667
"background",11,11,349.777777777778,5.13888888888889,549.166666666667
"background",12,12,314.055555555556,10.4722222222222,366.083333333333
"background",13,13,293.861111111111,5,449.388888888889
"background",14,14,321.166666666667,6.61111111111111,617.666666666667
"background",15,15,356.944444444444,11.1666666666667,348.444444444444
"background",16,16,337.472222222222,10.5,127.361111111111
"background",17,17,312.694444444444,13.5833333333333,436.138888888889
"background",18,18,321.722222222222,101.222222222222,405.333333333333
"background",19,19,330.583333333333,77.6944444444444,271.305555555556
"background",20,20,320.722222222222,84.6111111111111,421.222222222222
"background",21,21,317.027777777778,2,142.583333333333
"background",22,22,343.472222222222,0.583333333333333,152.277777777778
"background",23,23,327.333333333333,81.3055555555556,361.194444444444
"background",24,24,333.333333333333,0.333333333333333,277.194444444444
"background",25,25,291.777777777778,96.4444444444444,389.583333333333
"background",26,26,350.527777777778,2.5,289.75
"background",27,27,301.257142857143,66.0285714285714,276.342857142857
"background",28,28,333.388888888889,2.11111111111111,195.75
"background",29,29,295.388888888889,32.1666666666667,581.194444444444
"background",30,30,292.172413793103,66.0689655172414,730.827586206897
"background",31,31,317.75,11.1666666666667,415.722222222222
"background",32,32,329.027777777778,84.8888888888889,270.5
"background",33,33,356.5,4.55555555555556,548.194444444444
"background",34,34,328.416666666667,22.2777777777778,340.388888888889
"background",35,35,289.333333333333,16.1111111111111,314.472222222222
"background",36,36,308.833333333333,16.9166666666667,196.222222222222
"background",37,37,310.916666666667,18.0833333333333,534.222222222222
"background",38,38,354.166666666667,9.75,324.666666666667
"background",39,39,313.333333333333,62.4444444444444,489.555555555556
"background",40,40,323.277777777778,26.6666666666667,158.75
"background",41,41,347.055555555556,8.72222222222222,311.75
"background",42,42,326.694444444444,4.02777777777778,196.555555555556
"background",43,43,335.277777777778,72.9722222222222,257.75
"background",44,44,268.777777777778,20.5,678
"background",45,45,336.472222222222,22.4722222222222,365.527777777778
"background",46,46,324.777777777778,30.3888888888889,556.694444444444
"background",47,47,300.972222222222,5.97222222222222,189.138888888889
"background",48,48,339.916666666667,28.3333333333333,468.722222222222
"background",49,49,341.972222222222,8.47222222222222,284.444444444444
"background",50,50,310.222222222222,1.52777777777778,233.583333333333
"background",51,51,330.388888888889,31.2777777777778,569.555555555556
"background",52,52,339.833333333333,31.4444444444444,507.388888888889
"background",53,53,322.694444444444,78.5,479.944444444444
"background",54,54,295.5,7.22222222222222,382.527777777778
"background",55,55,288.194444444444,55.75,521.888888888889
"background",56,56,329.055555555556,27.25,132.222222222222
"background",57,57,319.833333333333,66.4444444444444,284.444444444444
"background",58,58,344.333333333333,2.16666666666667,406.5
"background",59,59,329.638888888889,19.7222222222222,142.222222222222
"background",60,60,306.222222222222,17.5277777777778,581.888888888889
"background",61,61,310.166666666667,8.5,565.305555555556
"background",62,62,332.972222222222,48.7222222222222,323.888888888889
"background",63,63,306.583333333333,19.4444444444444,353.444444444444
"background",64,64,315.777777777778,4.41666666666667,193.527777777778
"background",65,65,323.305555555556,120.944444444444,406.638888888889
"background",66,66,321.638888888889,29.4444444444444,494.972222222222
"background",67,67,329.777777777778,43.75,369.222222222222
"background",68,68,332.555555555556,4.69444444444444,70.6111111111111
"background",69,69,314.666666666667,7.02777777777778,325.055555555556
"background",70,70,345.888888888889,20.8611111111111,430.611111111111
"background",71,71,324.25,19.0277777777778,91.1666666666667
"background",72,72,275,13.9444444444444,633.583333333333
"background",73,73,330.5,72.5,286.75
"background",74,74,318.611111111111,59,287.638888888889
"background",75,75,323.611111111111,118.388888888889,383.777777777778
"background",76,76,350.722222222222,0.888888888888889,131.944444444444
"background",77,77,322.444444444444,66.5833333333333,285.833333333333
"background",78,78,346.75,13.9444444444444,389.916666666667
"background",79,79,335.027777777778,43.3055555555556,309.027777777778
"background",80,80,336.75,2.44444444444444,158.083333333333
"background",81,81,319.027777777778,60.8611111111111,550.583333333333
"background",82,82,317.333333333333,31.5833333333333,472.416666666667
"background",83,83,326.972222222222,85.25,286.5
"background",84,84,331.305555555556,2.36111111111111,420.861111111111
"background",85,85,317.916666666667,52.1111111111111,566.722222222222
"background",86,86,351.833333333333,9.25,370
"background",87,87,309.5,185.194444444444,657.333333333333
"background",88,88,329.444444444444,77.0833333333333,309.333333333333
"background",89,89,277.944444444444,11.4722222222222,732.222222222222
"background",90,90,317.527777777778,41.6111111111111,615.222222222222
"background",91,91,319.916666666667,54,545.722222222222
"background",92,92,284.944444444444,8.5,562.527777777778
"background",93,93,314.75,3.91666666666667,230.527777777778
"background",94,94,282.722222222222,132.888888888889,558.611111111111
"background",95,95,338.138888888889,18.3333333333333,498.194444444444
"background",96,96,324.972222222222,28.4444444444444,446.5
"background",97,97,346.305555555556,7.36111111111111,249.472222222222
"background",98,98,308.861111111111,47.6111111111111,452.305555555556
"background",99,99,319.583333333333,71.3611111111111,564.944444444444
"background",100,100,354.361111111111,6.58333333333333,608.444444444444
"background",101,101,330.055555555556,47.3888888888889,167.888888888889
"background",102,102,291.194444444444,30.7777777777778,217.694444444444
"background",103,103,278.555555555556,78.3333333333333,370.916666666667
"background",104,104,317.027777777778,0.638888888888889,214.527777777778
"background",105,105,317,1.44444444444444,197.75
"background",106,106,319.222222222222,193.694444444444,717.916666666667
"background",107,107,349.555555555556,2.58333333333333,421.027777777778
"background",108,108,320.194444444444,174.361111111111,594.361111111111
"background",109,109,336.361111111111,43.3333333333333,458.5
"background",110,110,333.333333333333,24.8888888888889,371.694444444444
"background",111,111,260.388888888889,100.111111111111,492.861111111111
"background",112,112,344.805555555556,1.61111111111111,31.75
"background",113,113,308.305555555556,15.0277777777778,436.833333333333
"background",114,114,331.333333333333,6.16666666666667,238.583333333333
"background",115,115,312.638888888889,31.9166666666667,380.583333333333
"background",116,116,347.361111111111,18.5277777777778,488.777777777778
"background",117,117,317.972222222222,54.9722222222222,583.25
"background",118,118,345.444444444444,2.25,362.027777777778
"background",119,119,327.388888888889,60.3888888888889,481.305555555556
"background",120,120,291.944444444444,78.9444444444444,451.972222222222
"background",121,121,318.694444444444,34.8055555555556,264.777777777778
"background",122,122,325,9.36111111111111,573.611111111111
"background",123,123,324.166666666667,62.8055555555556,242.055555555556
"background",124,124,326.361111111111,18.1111111111111,379.388888888889
"background",125,125,319.638888888889,23.3888888888889,655.805555555556
"background",126,126,325.555555555556,110.444444444444,380.805555555556
"background",127,127,310.25,2.83333333333333,90.8055555555556
"background",128,128,324.388888888889,89.7777777777778,356.972222222222
"background",129,129,317.222222222222,30.3055555555556,481.5
"background",130,130,343.222222222222,5.05555555555556,144.25
"background",131,131,270.333333333333,124.638888888889,438.305555555556
"background",132,132,322.777777777778,138.222222222222,517.805555555556
"background",133,133,307.611111111111,214.861111111111,770.305555555556
"background",134,134,313.611111111111,12.0555555555556,429.416666666667
"background",135,135,305.111111111111,3.33333333333333,209.166666666667
"background",136,136,330.527777777778,45.75,193.388888888889
"background",137,137,315.083333333333,78.5,601.5
"background",138,138,300.555555555556,4.27777777777778,253.25
"background",139,139,315.194444444444,26.3611111111111,553.166666666667
"background",140,140,314.444444444444,2.61111111111111,89.9444444444444
"background",141,141,324.361111111111,1.44444444444444,284.388888888889
"background",142,142,288.527777777778,80.3055555555556,547.138888888889
"background",143,143,334.611111111111,4.97222222222222,369.444444444444
"background",144,144,321.444444444444,8.97222222222222,350.5
"background",145,145,320.777777777778,6.5,353.25
"background",146,146,288.194444444444,80.6111111111111,361.027777777778
"background",147,147,302.805555555556,21.6111111111111,157.333333333333
"background",148,148,314.444444444444,96.7222222222222,623.916666666667
