"species","x","y","bio5","bio14","bio18"
"background",1,1,330,21.3611111111111,324.444444444444
"background",2,2,351.138888888889,3.5,466.027777777778
"background",3,3,325.694444444444,75.3611111111111,347.611111111111
"background",4,4,320.194444444444,174.361111111111,594.361111111111
"background",5,5,339.666666666667,8.47222222222222,267.888888888889
"background",6,6,282.361111111111,54.5,580.083333333333
"background",7,7,325.592592592593,7.7037037037037,32.1481481481481
"background",8,8,270.333333333333,124.638888888889,438.305555555556
"background",9,9,328.638888888889,86.8055555555556,321.25
"background",10,10,332,4.16666666666667,418.888888888889
"background",11,11,292.277777777778,24.6388888888889,452.944444444444
"background",12,12,338.138888888889,18.3333333333333,498.194444444444
"background",13,13,318.305555555556,5.41666666666667,218.805555555556
"background",14,14,322.194444444444,0.972222222222222,262.861111111111
"background",15,15,339.833333333333,31.4444444444444,507.388888888889
"background",16,16,314.388888888889,34.0277777777778,167.222222222222
"background",17,17,344.333333333333,2.16666666666667,406.5
"background",18,18,298.888888888889,12.3611111111111,485.222222222222
"background",19,19,317.027777777778,0.638888888888889,214.527777777778
"background",20,20,347.083333333333,3.05555555555556,414.111111111111
"background",21,21,295.416666666667,3.30555555555556,158.583333333333
"background",22,22,324.166666666667,62.8055555555556,242.055555555556
"background",23,23,305.305555555556,212.194444444444,710.5
"background",24,24,340.666666666667,53.9166666666667,194.277777777778
"background",25,25,308.555555555556,37.3888888888889,451.694444444444
