"species","x","y","bio5","bio14","bio18"
"background",1,1,332.972222222222,48.7222222222222,323.888888888889
"background",2,2,326.666666666667,36.0833333333333,146.444444444444
"background",3,3,265.833333333333,93.0833333333333,505.166666666667
"background",4,4,331.916666666667,12.1388888888889,396.5
"background",5,5,333.388888888889,21.0277777777778,396.25
"background",6,6,336.5,3.58333333333333,65.4722222222222
"background",7,7,348.527777777778,5,360.972222222222
"background",8,8,309.972222222222,156.638888888889,620.027777777778
"background",9,9,315.777777777778,4.41666666666667,193.527777777778
"background",10,10,344.416666666667,1.5,175.861111111111
"background",11,11,297.888888888889,57.1666666666667,452.055555555556
"background",12,12,287.777777777778,101.666666666667,417.666666666667
"background",13,13,324.388888888889,89.7777777777778,356.972222222222
"background",14,14,315.25,103.555555555556,575.138888888889
"background",15,15,298.888888888889,12.3611111111111,485.222222222222
"background",16,16,329.027777777778,6.22222222222222,418.166666666667
"background",17,17,340.777777777778,3.58333333333333,415.583333333333
"background",18,18,325.472222222222,2.83333333333333,200.666666666667
"background",19,19,329.5,81.25,294.25
"background",20,20,341.444444444444,4.05555555555556,369.861111111111
"background",21,21,332.416666666667,6.97222222222222,325.027777777778
"background",22,22,330,21.3611111111111,324.444444444444
"background",23,23,327.916666666667,41.7777777777778,198.222222222222
"background",24,24,321.027777777778,196.888888888889,666
"background",25,25,323.777777777778,12.1388888888889,375.527777777778
"background",26,26,328.75,14.3888888888889,434.944444444444
"background",27,27,352.388888888889,2.63888888888889,521.583333333333
"background",28,28,311.25,40,474.083333333333
"background",29,29,309.527777777778,174.861111111111,586.916666666667
"background",30,30,355.944444444444,9.72222222222222,382.972222222222
"background",31,31,327.361111111111,1.30555555555556,202.555555555556
"background",32,32,330.75,37.8611111111111,482.305555555556
