"species","x","y","bio5","bio14","bio18"
"species",1,1,288.416666666667,26.7222222222222,611.416666666667
"species",2,2,257.305555555556,53.8055555555556,716.944444444444
"species",3,3,282.805555555556,36.4444444444444,526.666666666667
"species",4,4,264.151515151515,53.6969696969697,733.757575757576
"species",5,5,335.722222222222,24.9444444444444,491.916666666667
"species",6,6,288.416666666667,26.7222222222222,611.416666666667
"species",7,7,292.277777777778,24.6388888888889,452.944444444444
"species",8,8,292.277777777778,24.6388888888889,452.944444444444
"species",9,9,312.638888888889,34.5833333333333,351.277777777778
"species",10,10,282.805555555556,36.4444444444444,526.666666666667
"species",11,11,280.638888888889,23.4444444444444,601.305555555556
"species",12,12,310.916666666667,18.0833333333333,534.222222222222
"species",13,13,284.583333333333,19.8055555555556,622.388888888889
"species",14,14,308.361111111111,24.6111111111111,379.111111111111
"species",15,15,335.722222222222,24.9444444444444,491.916666666667
"species",16,16,265.194444444444,23.0277777777778,718.166666666667
"species",17,17,300.730769230769,41.2307692307692,343.346153846154
"species",18,18,272,83.1944444444444,486.666666666667
"species",19,19,311.928571428571,49.75,241.071428571429
"species",20,20,286.111111111111,9.52777777777778,590.055555555556
"species",21,21,306.515151515152,61.9090909090909,290.878787878788
"species",22,22,287.222222222222,78.8611111111111,379.25
"species",23,23,278.555555555556,78.3333333333333,370.916666666667
"species",24,24,306.515151515152,61.9090909090909,290.878787878788
"species",25,25,312.638888888889,34.5833333333333,351.277777777778
"species",26,26,280.638888888889,23.4444444444444,601.305555555556
"species",27,27,287.222222222222,78.8611111111111,379.25
"species",28,28,284.583333333333,19.8055555555556,622.388888888889
"species",29,29,289.333333333333,16.1111111111111,314.472222222222
"species",30,30,292.172413793103,66.0689655172414,730.827586206897
"species",31,31,278.555555555556,78.3333333333333,370.916666666667
"species",32,32,289.333333333333,16.1111111111111,314.472222222222
