"species","x","y","bio4","bio14","bio2"
"species",1,1,2649.8275862069,66.0689655172414,91.1034482758621
"species",2,2,1278.30555555556,64.3888888888889,78.5
"species",3,3,1401.19444444444,62.1388888888889,84.5555555555556
"species",4,4,2252.0303030303,53.6969696969697,95.6666666666667
"species",5,5,1121.55555555556,78.8611111111111,69.1111111111111
"species",6,6,2628.44444444444,62.4444444444444,118.916666666667
"species",7,7,1256.88888888889,78.3333333333333,68.5
"species",8,8,2194.33333333333,23.0277777777778,119.222222222222
"species",9,9,1633.36111111111,31.9166666666667,100.777777777778
"species",10,10,2001.13888888889,24.6111111111111,101.166666666667
"species",11,11,2318.30555555556,23.4444444444444,116
"species",12,12,2368.19444444444,38.5277777777778,106.527777777778
"species",13,13,2170.55555555556,19.8055555555556,131.222222222222
"species",14,14,1706.84615384615,41.2307692307692,91.6538461538462
"species",15,15,2984.44444444444,83.1944444444444,105.361111111111
"species",16,16,1913.16666666667,11.5277777777778,126.25
"species",17,17,2267.66666666667,53.8055555555556,96.9444444444444
"species",18,18,1921.22222222222,9.52777777777778,118.777777777778
"species",19,19,2055.83333333333,16.8888888888889,124.25
"species",20,20,1587.69444444444,12.8611111111111,108.222222222222
"species",21,21,1967.44444444444,13.5833333333333,119.861111111111
"species",22,22,2226.94444444444,18.0833333333333,121.055555555556
"species",23,23,2025.75,34.25,91.3888888888889
"species",24,24,2844.625,81.2916666666667,78.7083333333333
