"species","x","y","bio5","bio14","bio18"
"background",1,1,314.75,3.91666666666667,230.527777777778
"background",2,2,331.416666666667,56.9722222222222,373.277777777778
"background",3,3,318.777777777778,45.0555555555556,620.361111111111
"background",4,4,314.666666666667,7.02777777777778,325.055555555556
"background",5,5,339.833333333333,31.4444444444444,507.388888888889
"background",6,6,327.527777777778,21.9444444444444,468.027777777778
"background",7,7,325.444444444444,51.8333333333333,185.305555555556
"background",8,8,308.555555555556,37.3888888888889,451.694444444444
"background",9,9,333.194444444444,16,206.416666666667
"background",10,10,328.916666666667,16.5,129.472222222222
"background",11,11,343.277777777778,8.08333333333333,75.9722222222222
"background",12,12,341.111111111111,17.1111111111111,470.944444444444
"background",13,13,325.472222222222,2.83333333333333,200.666666666667
"background",14,14,308.388888888889,217.527777777778,738.444444444444
"background",15,15,312.111111111111,148.472222222222,601.361111111111
"background",16,16,303.194444444444,122.722222222222,441.5
"background",17,17,348.277777777778,2.5,472.027777777778
"background",18,18,314.25,89.3611111111111,633
"background",19,19,284.611111111111,116.555555555556,442.944444444444
"background",20,20,309.5,185.194444444444,657.333333333333
"background",21,21,290.583333333333,7.30555555555556,657.305555555556
"background",22,22,257.305555555556,53.8055555555556,716.944444444444
"background",23,23,310.805555555556,57.6111111111111,439.138888888889
"background",24,24,328.611111111111,3.63888888888889,437.083333333333
"background",25,25,331.944444444444,30,133.555555555556
"background",26,26,340.666666666667,53.9166666666667,194.277777777778
"background",27,27,337.527777777778,2.13888888888889,76.0833333333333
"background",28,28,317.638888888889,33.9166666666667,155.277777777778
"background",29,29,326.333333333333,58.25,233.166666666667
"background",30,30,330.083333333333,1.77777777777778,166.027777777778
"background",31,31,329.444444444444,77.0833333333333,309.333333333333
"background",32,32,349.861111111111,12.8333333333333,351.583333333333
"background",33,33,334.416666666667,82.4722222222222,259.555555555556
"background",34,34,320.222222222222,0.472222222222222,248.166666666667
"background",35,35,302.138888888889,12.75,307.333333333333
"background",36,36,291.944444444444,78.9444444444444,451.972222222222
"background",37,37,331.277777777778,14.5833333333333,313.388888888889
"background",38,38,259.472222222222,104.944444444444,438.222222222222
"background",39,39,306.75,21.4722222222222,412.277777777778
"background",40,40,318.611111111111,59,287.638888888889
"background",41,41,307.416666666667,25.3055555555556,514.138888888889
"background",42,42,309.388888888889,23.2222222222222,174.277777777778
"background",43,43,314.388888888889,34.0277777777778,167.222222222222
"background",44,44,345.305555555556,2.27777777777778,438.222222222222
"background",45,45,308.833333333333,16.9166666666667,196.222222222222
"background",46,46,313.666666666667,33.4722222222222,490
"background",47,47,328.777777777778,45.2777777777778,348.972222222222
"background",48,48,329.75,15.3055555555556,465.694444444444
"background",49,49,312.448275862069,8,246.965517241379
"background",50,50,342.861111111111,2.13888888888889,154.5
"background",51,51,334.277777777778,2.25,64.8333333333333
"background",52,52,295.111111111111,17.7222222222222,251.75
"background",53,53,278.555555555556,78.3333333333333,370.916666666667
"background",54,54,336.944444444444,7.58333333333333,469.611111111111
"background",55,55,347.888888888889,8.86111111111111,564.083333333333
"background",56,56,305.305555555556,212.194444444444,710.5
"background",57,57,311.25,40,474.083333333333
"background",58,58,319.138888888889,161.388888888889,535.944444444444
"background",59,59,264.151515151515,53.6969696969697,733.757575757576
"background",60,60,321.027777777778,196.888888888889,666
"background",61,61,310.444444444444,5.33333333333333,220.472222222222
"background",62,62,332.527777777778,54.9166666666667,204.972222222222
"background",63,63,281.444444444444,103.277777777778,537.916666666667
"background",64,64,330.583333333333,77.6944444444444,271.305555555556
"background",65,65,295.416666666667,3.30555555555556,158.583333333333
"background",66,66,298.972222222222,26.75,242.361111111111
"background",67,67,335.027777777778,9.94444444444444,464.444444444444
"background",68,68,326.416666666667,78.5,333.333333333333
"background",69,69,327.055555555556,54.0277777777778,203.027777777778
"background",70,70,341.805555555556,0,252.722222222222
"background",71,71,280.638888888889,23.4444444444444,601.305555555556
"background",72,72,292.138888888889,80.4722222222222,333.444444444444
"background",73,73,334.888888888889,16.3611111111111,304.25
"background",74,74,327.916666666667,41.7777777777778,198.222222222222
"background",75,75,317.861111111111,13.8611111111111,194.888888888889
"background",76,76,315.944444444444,56.9166666666667,628.583333333333
"background",77,77,315.166666666667,99.5833333333333,658.388888888889
"background",78,78,341.694444444444,8.19444444444444,74.8333333333333
"background",79,79,339.222222222222,0.722222222222222,143.305555555556
"background",80,80,330,21.3611111111111,324.444444444444
"background",81,81,334.611111111111,19.8333333333333,200.111111111111
"background",82,82,349.972222222222,9.22222222222222,81.9722222222222
"background",83,83,322.694444444444,78.5,479.944444444444
"background",84,84,258.805555555556,26.8611111111111,683.277777777778
"background",85,85,312.083333333333,37.3333333333333,305.888888888889
"background",86,86,311.388888888889,4.47222222222222,389.055555555556
"background",87,87,314.444444444444,2.61111111111111,89.9444444444444
"background",88,88,282.305555555556,17.9444444444444,651.555555555556
"background",89,89,288.194444444444,55.75,521.888888888889
"background",90,90,278.805555555556,14.0277777777778,576.722222222222
"background",91,91,320.5,86.3333333333333,396.25
"background",92,92,318.666666666667,7.52777777777778,469.722222222222
"background",93,93,314.944444444444,119.75,425.277777777778
"background",94,94,313.333333333333,62.4444444444444,489.555555555556
"background",95,95,335.416666666667,0.5,255.944444444444
"background",96,96,333.333333333333,0.333333333333333,277.194444444444
"background",97,97,324.305555555556,15.0555555555556,376.694444444444
"background",98,98,302.472222222222,20.0277777777778,599.166666666667
"background",99,99,321.916666666667,46.6944444444444,232.416666666667
"background",100,100,329.527777777778,0.0833333333333333,240.805555555556
"background",101,101,301.888888888889,62.1388888888889,304.611111111111
"background",102,102,291.777777777778,96.4444444444444,389.583333333333
"background",103,103,350.527777777778,2.5,289.75
"background",104,104,328.833333333333,5.11111111111111,445.222222222222
"background",105,105,323.305555555556,120.944444444444,406.638888888889
"background",106,106,323.583333333333,50.8888888888889,250.305555555556
"background",107,107,326.333333333333,64.75,266.5
"background",108,108,321.444444444444,98.1944444444444,368.388888888889
"background",109,109,313.666666666667,102.472222222222,366.944444444444
"background",110,110,305.111111111111,3.33333333333333,209.166666666667
"background",111,111,297.583333333333,105.222222222222,560.111111111111
"background",112,112,270.444444444444,78.5,473.694444444444
"background",113,113,318.888888888889,2.61111111111111,194.222222222222
"background",114,114,330.388888888889,31.2777777777778,569.555555555556
"background",115,115,297.888888888889,57.1666666666667,452.055555555556
"background",116,116,320.472222222222,2.61111111111111,63.1944444444444
"background",117,117,341.5,0.388888888888889,152.722222222222
"background",118,118,346.75,13.9444444444444,389.916666666667
"background",119,119,347.388888888889,2.86111111111111,139.416666666667
"background",120,120,305.055555555556,13,486.805555555556
"background",121,121,296.5,8.02777777777778,564.472222222222
"background",122,122,310.916666666667,18.0833333333333,534.222222222222
"background",123,123,281.083333333333,18.1111111111111,245.972222222222
"background",124,124,329.027777777778,61.7777777777778,225.638888888889
"background",125,125,318.583333333333,19.4722222222222,214.583333333333
"background",126,126,312.638888888889,31.9166666666667,380.583333333333
"background",127,127,304.416666666667,4.91666666666667,339.416666666667
"background",128,128,326.777777777778,93.6111111111111,376
"background",129,129,261.888888888889,74.3055555555556,502.972222222222
"background",130,130,325.592592592593,7.7037037037037,32.1481481481481
"background",131,131,316.916666666667,64.75,589.361111111111
"background",132,132,331.333333333333,6.16666666666667,238.583333333333
"background",133,133,306.722222222222,129.5,411.194444444444
"background",134,134,302.222222222222,4.11111111111111,502.833333333333
"background",135,135,356.194444444444,3.80555555555556,627.972222222222
"background",136,136,326.583333333333,20.5555555555556,137.694444444444
"background",137,137,339.916666666667,28.3333333333333,468.722222222222
"background",138,138,334.611111111111,4.97222222222222,369.444444444444
"background",139,139,300.638888888889,123.611111111111,429.5
"background",140,140,316.305555555556,26.5833333333333,489.166666666667
"background",141,141,325.444444444444,49.75,221.111111111111
"background",142,142,337.472222222222,10.5,127.361111111111
"background",143,143,344,3.86111111111111,242.888888888889
"background",144,144,320.75,59.6111111111111,562
"background",145,145,324.138888888889,38.4166666666667,155.138888888889
"background",146,146,320.555555555556,27.25,121.722222222222
"background",147,147,317.5,62.8611111111111,571.555555555556
"background",148,148,332.777777777778,44.5833333333333,156.805555555556
