"species","x","y","bio5","bio14","bio18"
"species",1,1,265.194444444444,23.0277777777778,718.166666666667
"species",2,2,257.305555555556,53.8055555555556,716.944444444444
"species",3,3,282.361111111111,54.5,580.083333333333
"species",4,4,282.361111111111,54.5,580.083333333333
"species",5,5,300.730769230769,41.2307692307692,343.346153846154
"species",6,6,293.638888888889,33.3888888888889,616.888888888889
"species",7,7,257.305555555556,53.8055555555556,716.944444444444
"species",8,8,292.277777777778,24.6388888888889,452.944444444444
"species",9,9,312.638888888889,31.9166666666667,380.583333333333
"species",10,10,292.277777777778,24.6388888888889,452.944444444444
"species",11,11,293.638888888889,33.3888888888889,616.888888888889
"species",12,12,300.730769230769,41.2307692307692,343.346153846154
"species",13,13,300.730769230769,41.2307692307692,343.346153846154
"species",14,14,292.172413793103,66.0689655172414,730.827586206897
"species",15,15,312.638888888889,31.9166666666667,380.583333333333
"species",16,16,257.305555555556,53.8055555555556,716.944444444444
"species",17,17,287.666666666667,34.25,497.083333333333
"species",18,18,300.730769230769,41.2307692307692,343.346153846154
"species",19,19,264.151515151515,53.6969696969697,733.757575757576
"species",20,20,313.333333333333,62.4444444444444,489.555555555556
"species",21,21,313.333333333333,62.4444444444444,489.555555555556
"species",22,22,301.888888888889,62.1388888888889,304.611111111111
"species",23,23,282.805555555556,36.4444444444444,526.666666666667
"species",24,24,292.277777777778,24.6388888888889,452.944444444444
"species",25,25,274.583333333333,81.2916666666667,570.375
"species",26,26,312.638888888889,31.9166666666667,380.583333333333
"species",27,27,300.730769230769,41.2307692307692,343.346153846154
"species",28,28,306.515151515152,61.9090909090909,290.878787878788
"species",29,29,292.172413793103,66.0689655172414,730.827586206897
"species",30,30,312.638888888889,31.9166666666667,380.583333333333
"species",31,31,312.638888888889,31.9166666666667,380.583333333333
"species",32,32,310.916666666667,18.0833333333333,534.222222222222
"species",33,33,282.361111111111,54.5,580.083333333333
"species",34,34,257.305555555556,53.8055555555556,716.944444444444
"species",35,35,266.444444444444,38.5277777777778,568.166666666667
"species",36,36,287.222222222222,78.8611111111111,379.25
"species",37,37,312.638888888889,31.9166666666667,380.583333333333
"species",38,38,264.151515151515,53.6969696969697,733.757575757576
"species",39,39,300.730769230769,41.2307692307692,343.346153846154
"species",40,40,312.638888888889,31.9166666666667,380.583333333333
"species",41,41,293.638888888889,33.3888888888889,616.888888888889
"species",42,42,293.638888888889,33.3888888888889,616.888888888889
"species",43,43,312.638888888889,31.9166666666667,380.583333333333
"species",44,44,300.730769230769,41.2307692307692,343.346153846154
"species",45,45,282.305555555556,11.5277777777778,629.5
"species",46,46,265.194444444444,23.0277777777778,718.166666666667
"species",47,47,284.583333333333,19.8055555555556,622.388888888889
"species",48,48,312.638888888889,31.9166666666667,380.583333333333
"species",49,49,288.416666666667,26.7222222222222,611.416666666667
"species",50,50,293.638888888889,33.3888888888889,616.888888888889
"species",51,51,257.305555555556,53.8055555555556,716.944444444444
"species",52,52,300.730769230769,41.2307692307692,343.346153846154
"species",53,53,265.194444444444,23.0277777777778,718.166666666667
"species",54,54,286.111111111111,9.52777777777778,590.055555555556
"species",55,55,300.730769230769,41.2307692307692,343.346153846154
"species",56,56,293.638888888889,33.3888888888889,616.888888888889
"species",57,57,292.277777777778,24.6388888888889,452.944444444444
"species",58,58,292.277777777778,24.6388888888889,452.944444444444
"species",59,59,257.305555555556,53.8055555555556,716.944444444444
"species",60,60,291.222222222222,16.8888888888889,494.055555555556
"species",61,61,300.730769230769,41.2307692307692,343.346153846154
"species",62,62,312.638888888889,31.9166666666667,380.583333333333
"species",63,63,310.916666666667,18.0833333333333,534.222222222222
"species",64,64,264.151515151515,53.6969696969697,733.757575757576
"species",65,65,300.730769230769,41.2307692307692,343.346153846154
"species",66,66,276.666666666667,12.8611111111111,693.5
"species",67,67,312.638888888889,31.9166666666667,380.583333333333
"species",68,68,264.151515151515,53.6969696969697,733.757575757576
"species",69,69,257.305555555556,53.8055555555556,716.944444444444
"species",70,70,287.666666666667,34.25,497.083333333333
"species",71,71,312.638888888889,34.5833333333333,351.277777777778
"species",72,72,312.638888888889,31.9166666666667,380.583333333333
"species",73,73,282.361111111111,54.5,580.083333333333
"species",74,74,312.638888888889,31.9166666666667,380.583333333333
"species",75,75,308.361111111111,24.6111111111111,379.111111111111
"species",76,76,300.730769230769,41.2307692307692,343.346153846154
"species",77,77,257.305555555556,53.8055555555556,716.944444444444
"species",78,78,310.916666666667,18.0833333333333,534.222222222222
"species",79,79,292.277777777778,24.6388888888889,452.944444444444
"species",80,80,264.151515151515,53.6969696969697,733.757575757576
"species",81,81,300.730769230769,41.2307692307692,343.346153846154
"species",82,82,300.730769230769,41.2307692307692,343.346153846154
"species",83,83,265.194444444444,23.0277777777778,718.166666666667
"species",84,84,312.638888888889,31.9166666666667,380.583333333333
"species",85,85,304.083333333333,13.5833333333333,493.027777777778
"species",86,86,312.638888888889,31.9166666666667,380.583333333333
"species",87,87,293.638888888889,33.3888888888889,616.888888888889
"species",88,88,265.194444444444,23.0277777777778,718.166666666667
"species",89,89,300.730769230769,41.2307692307692,343.346153846154
"species",90,90,292.172413793103,66.0689655172414,730.827586206897
"species",91,91,293.638888888889,33.3888888888889,616.888888888889
"species",92,92,292.277777777778,24.6388888888889,452.944444444444
"species",93,93,312.638888888889,31.9166666666667,380.583333333333
"species",94,94,312.638888888889,31.9166666666667,380.583333333333
"species",95,95,257.305555555556,53.8055555555556,716.944444444444
"species",96,96,264.151515151515,53.6969696969697,733.757575757576
"species",97,97,300.730769230769,41.2307692307692,343.346153846154
"species",98,98,272,83.1944444444444,486.666666666667
"species",99,99,312.638888888889,31.9166666666667,380.583333333333
"species",100,100,272,83.1944444444444,486.666666666667
"species",101,101,265.194444444444,23.0277777777778,718.166666666667
"species",102,102,312.638888888889,34.5833333333333,351.277777777778
"species",103,103,312.638888888889,31.9166666666667,380.583333333333
"species",104,104,287.666666666667,34.25,497.083333333333
"species",105,105,293.638888888889,33.3888888888889,616.888888888889
"species",106,106,287.666666666667,34.25,497.083333333333
"species",107,107,312.638888888889,31.9166666666667,380.583333333333
"species",108,108,312.638888888889,34.5833333333333,351.277777777778
"species",109,109,257.305555555556,53.8055555555556,716.944444444444
"species",110,110,287.666666666667,34.25,497.083333333333
"species",111,111,292.172413793103,66.0689655172414,730.827586206897
"species",112,112,292.172413793103,66.0689655172414,730.827586206897
"species",113,113,300.730769230769,41.2307692307692,343.346153846154
"species",114,114,312.638888888889,31.9166666666667,380.583333333333
"species",115,115,278.805555555556,14.0277777777778,576.722222222222
"species",116,116,292.172413793103,66.0689655172414,730.827586206897
"species",117,117,300.730769230769,41.2307692307692,343.346153846154
"species",118,118,287.666666666667,34.25,497.083333333333
"species",119,119,311.928571428571,49.75,241.071428571429
"species",120,120,278.805555555556,14.0277777777778,576.722222222222
"species",121,121,292.888888888889,64.3888888888889,306.111111111111
"species",122,122,291.222222222222,16.8888888888889,494.055555555556
"species",123,123,292.277777777778,24.6388888888889,452.944444444444
"species",124,124,292.277777777778,24.6388888888889,452.944444444444
"species",125,125,312.638888888889,31.9166666666667,380.583333333333
"species",126,126,291.222222222222,16.8888888888889,494.055555555556
"species",127,127,291.222222222222,16.8888888888889,494.055555555556
"species",128,128,300.730769230769,41.2307692307692,343.346153846154
"species",129,129,257.305555555556,53.8055555555556,716.944444444444
"species",130,130,301.888888888889,62.1388888888889,304.611111111111
"species",131,131,264.151515151515,53.6969696969697,733.757575757576
"species",132,132,276.666666666667,12.8611111111111,693.5
"species",133,133,265.194444444444,23.0277777777778,718.166666666667
"species",134,134,274.583333333333,81.2916666666667,570.375
"species",135,135,300.730769230769,41.2307692307692,343.346153846154
"species",136,136,260.666666666667,24.5833333333333,718.055555555556
"species",137,137,264.151515151515,53.6969696969697,733.757575757576
"species",138,138,335.722222222222,24.9444444444444,491.916666666667
