"species","x","y","bio5","bio14","bio18"
"background",1,1,331.277777777778,2.80555555555556,166.833333333333
"background",2,2,306.611111111111,181.361111111111,843.861111111111
"background",3,3,325.805555555556,2.80555555555556,159.611111111111
"background",4,4,279.555555555556,11.9722222222222,660.694444444444
"background",5,5,328.25,74.75,263.222222222222
"background",6,6,305.25,2.11111111111111,258.694444444444
"background",7,7,352.388888888889,2.63888888888889,521.583333333333
"background",8,8,268.777777777778,20.5,678
"background",9,9,297.888888888889,57.1666666666667,452.055555555556
"background",10,10,334.611111111111,19.8333333333333,200.111111111111
"background",11,11,316.805555555556,9.80555555555556,691.972222222222
"background",12,12,315.722222222222,3.30555555555556,215.111111111111
"background",13,13,334.833333333333,12.25,104.25
"background",14,14,329.416666666667,9.58333333333333,262.916666666667
"background",15,15,281.861111111111,81.5833333333333,523.333333333333
"background",16,16,308.555555555556,37.3888888888889,451.694444444444
"background",17,17,339.361111111111,4.30555555555556,459.388888888889
"background",18,18,349.861111111111,12.8333333333333,351.583333333333
"background",19,19,350.722222222222,0.888888888888889,131.944444444444
"background",20,20,309.5,185.194444444444,657.333333333333
"background",21,21,313.611111111111,12.0555555555556,429.416666666667
"background",22,22,297.388888888889,1.72222222222222,335.055555555556
"background",23,23,346.611111111111,3.44444444444444,476
"background",24,24,282.361111111111,54.5,580.083333333333
"background",25,25,335.583333333333,0.166666666666667,170.916666666667
