"species","x","y","bio5","bio14","bio18"
"background",1,1,324.75,37.1111111111111,150.333333333333
"background",2,2,335.416666666667,0.5,255.944444444444
"background",3,3,260.666666666667,24.5833333333333,718.055555555556
"background",4,4,317.638888888889,59.8888888888889,523.444444444444
"background",5,5,321.444444444444,5.47222222222222,379.472222222222
"background",6,6,351.833333333333,9.25,370
"background",7,7,329.527777777778,0.0833333333333333,240.805555555556
"background",8,8,325.194444444444,39.1388888888889,163.972222222222
"background",9,9,286.888888888889,14.5277777777778,613.583333333333
"background",10,10,351.138888888889,3.5,466.027777777778
"background",11,11,343.222222222222,5.05555555555556,144.25
"background",12,12,329.694444444444,51.3055555555556,201.833333333333
"background",13,13,297.555555555556,2.75,385.805555555556
"background",14,14,324.694444444444,40.9444444444444,174.527777777778
"background",15,15,293.833333333333,18.7777777777778,631.305555555556
"background",16,16,306.611111111111,181.361111111111,843.861111111111
"background",17,17,349.777777777778,5.13888888888889,549.166666666667
"background",18,18,320.305555555556,53.9444444444444,245.611111111111
"background",19,19,317.527777777778,41.6111111111111,615.222222222222
"background",20,20,346.305555555556,1.13888888888889,157.361111111111
"background",21,21,297.472222222222,104.388888888889,378.805555555556
"background",22,22,347.888888888889,8.86111111111111,564.083333333333
"background",23,23,292.277777777778,24.6388888888889,452.944444444444
"background",24,24,329.638888888889,19.7222222222222,142.222222222222
"background",25,25,324.305555555556,15.0555555555556,376.694444444444
