"species","x","y","bio5","bio14","bio18"
"background",1,1,309.5,185.194444444444,657.333333333333
"background",2,2,320.5,86.3333333333333,396.25
"background",3,3,327.333333333333,81.3055555555556,361.194444444444
"background",4,4,296.333333333333,7.47222222222222,628.027777777778
"background",5,5,339.916666666667,28.3333333333333,468.722222222222
"background",6,6,313.666666666667,33.4722222222222,490
"background",7,7,318.333333333333,58.8611111111111,374.666666666667
"background",8,8,316.722222222222,0.388888888888889,305.888888888889
"background",9,9,324.694444444444,40.9444444444444,174.527777777778
"background",10,10,330.5,1.52777777777778,89.0833333333333
"background",11,11,349.388888888889,1.11111111111111,439.722222222222
"background",12,12,346.611111111111,3.44444444444444,476
"background",13,13,331.277777777778,2.80555555555556,166.833333333333
"background",14,14,327.916666666667,41.7777777777778,198.222222222222
"background",15,15,311.361111111111,27.2222222222222,502.111111111111
"background",16,16,337.527777777778,0.0277777777777778,275.944444444444
"background",17,17,336.305555555556,50.8611111111111,442.111111111111
"background",18,18,322.444444444444,66.5833333333333,285.833333333333
"background",19,19,295.5,7.22222222222222,382.527777777778
"background",20,20,326.055555555556,22.6666666666667,101.694444444444
"background",21,21,338.333333333333,30.3888888888889,347.527777777778
"background",22,22,278.555555555556,78.3333333333333,370.916666666667
"background",23,23,318.888888888889,2.61111111111111,194.222222222222
"background",24,24,344,3.86111111111111,242.888888888889
"background",25,25,296.5,8.02777777777778,564.472222222222
"background",26,26,288.416666666667,26.7222222222222,611.416666666667
"background",27,27,288.666666666667,13.1111111111111,147.527777777778
"background",28,28,324.972222222222,28.4444444444444,446.5
"background",29,29,304.666666666667,13.2777777777778,642.222222222222
"background",30,30,318.583333333333,19.4722222222222,214.583333333333
"background",31,31,315.527777777778,5.94444444444444,617.027777777778
"background",32,32,330.916666666667,23.4444444444444,124.444444444444
"background",33,33,282.361111111111,54.5,580.083333333333
"background",34,34,323,47.7777777777778,218.611111111111
"background",35,35,348.527777777778,5,360.972222222222
"background",36,36,336.722222222222,26.2222222222222,552.888888888889
"background",37,37,330.055555555556,67.0277777777778,261.833333333333
"background",38,38,336.027777777778,14.5,67.6666666666667
"background",39,39,321.916666666667,72.6111111111111,618.083333333333
"background",40,40,356.194444444444,3.80555555555556,627.972222222222
"background",41,41,323.833333333333,61.6944444444444,235.055555555556
"background",42,42,325.861111111111,22.8055555555556,107.472222222222
"background",43,43,334.611111111111,4.97222222222222,369.444444444444
"background",44,44,324.611111111111,109.361111111111,349.944444444444
"background",45,45,319.638888888889,23.3888888888889,655.805555555556
"background",46,46,312.448275862069,8,246.965517241379
"background",47,47,345.888888888889,20.8611111111111,430.611111111111
"background",48,48,291.777777777778,96.4444444444444,389.583333333333
"background",49,49,305.638888888889,104.027777777778,356.333333333333
"background",50,50,305.25,2.11111111111111,258.694444444444
"background",51,51,350.527777777778,2.5,289.75
"background",52,52,328.777777777778,45.2777777777778,348.972222222222
"background",53,53,323.583333333333,50.8888888888889,250.305555555556
"background",54,54,283.666666666667,87.5151515151515,294.090909090909
"background",55,55,335.027777777778,9.94444444444444,464.444444444444
"background",56,56,327.694444444444,80.2222222222222,290.333333333333
"background",57,57,312.916666666667,64.7222222222222,483.972222222222
"background",58,58,332.555555555556,4.69444444444444,70.6111111111111
"background",59,59,330.055555555556,47.3888888888889,167.888888888889
"background",60,60,291.361111111111,57.7222222222222,493.916666666667
"background",61,61,293.833333333333,18.7777777777778,631.305555555556
"background",62,62,325.088235294118,2.5,85.2058823529412
"background",63,63,313.666666666667,102.472222222222,366.944444444444
"background",64,64,325.194444444444,25.6666666666667,497.111111111111
"background",65,65,317.638888888889,33.9166666666667,155.277777777778
"background",66,66,277.944444444444,11.4722222222222,732.222222222222
"background",67,67,334.277777777778,2.25,64.8333333333333
"background",68,68,323.305555555556,120.944444444444,406.638888888889
"background",69,69,334.444444444444,37.2777777777778,400.583333333333
"background",70,70,307,6.52777777777778,467.361111111111
"background",71,71,322.888888888889,62.4722222222222,393.277777777778
"background",72,72,287.777777777778,101.666666666667,417.666666666667
"background",73,73,317.027777777778,2,142.583333333333
"background",74,74,315.194444444444,26.3611111111111,553.166666666667
"background",75,75,329.638888888889,19.7222222222222,142.222222222222
"background",76,76,347.055555555556,8.72222222222222,311.75
"background",77,77,347.888888888889,8.86111111111111,564.083333333333
"background",78,78,322.194444444444,0.972222222222222,262.861111111111
"background",79,79,343.388888888889,4.55555555555556,487.583333333333
"background",80,80,309.527777777778,174.861111111111,586.916666666667
"background",81,81,309.833333333333,211.25,650.777777777778
"background",82,82,321.083333333333,7.97222222222222,267.666666666667
"background",83,83,326.472222222222,3.88888888888889,68.5
"background",84,84,308.277777777778,13.9722222222222,621.194444444444
"background",85,85,340.527777777778,0.583333333333333,227.583333333333
"background",86,86,313.277777777778,132.416666666667,643.944444444444
"background",87,87,328.638888888889,86.8055555555556,321.25
"background",88,88,345.305555555556,2.27777777777778,438.222222222222
"background",89,89,347.361111111111,18.5277777777778,488.777777777778
"background",90,90,304.416666666667,4.91666666666667,339.416666666667
"background",91,91,343.277777777778,8.08333333333333,75.9722222222222
"background",92,92,276.666666666667,12.8611111111111,693.5
"background",93,93,326.972222222222,85.25,286.5
"background",94,94,322.611111111111,60.6944444444444,284.166666666667
"background",95,95,342.666666666667,3.22222222222222,107.888888888889
"background",96,96,317.916666666667,52.1111111111111,566.722222222222
"background",97,97,340.666666666667,8.36111111111111,90.5
"background",98,98,349.777777777778,5.13888888888889,549.166666666667
"background",99,99,320.555555555556,27.25,121.722222222222
"background",100,100,306.444444444444,34.5277777777778,197.138888888889
"background",101,101,333.111111111111,26.4722222222222,313.805555555556
"background",102,102,329.75,15.3055555555556,465.694444444444
"background",103,103,325.833333333333,43.0833333333333,197.583333333333
"background",104,104,303.083333333333,4.97222222222222,356.277777777778
"background",105,105,308.361111111111,24.6111111111111,379.111111111111
"background",106,106,317.805555555556,8.22222222222222,354.944444444444
"background",107,107,343.388888888889,0.527777777777778,182.861111111111
"background",108,108,336.305555555556,11.8888888888889,179.361111111111
"background",109,109,327.342857142857,18.6571428571429,104.828571428571
"background",110,110,312.583333333333,79.6944444444444,384.75
"background",111,111,331.166666666667,68.3333333333333,229.611111111111
"background",112,112,325.694444444444,75.3611111111111,347.611111111111
"background",113,113,344.416666666667,1.5,175.861111111111
"background",114,114,305.555555555556,7.75,585.5
"background",115,115,319.833333333333,66.4444444444444,284.444444444444
"background",116,116,339.416666666667,2.52777777777778,440.861111111111
"background",117,117,315,134.972222222222,435.5
"background",118,118,311.416666666667,162.166666666667,591.25
"background",119,119,312.972222222222,19.5277777777778,527.083333333333
"background",120,120,286.111111111111,9.52777777777778,590.055555555556
"background",121,121,326.777777777778,93.6111111111111,376
"background",122,122,274.75,74.0555555555556,467.888888888889
"background",123,123,323.25,65.5833333333333,571.972222222222
"background",124,124,321.055555555556,1.47222222222222,162.527777777778
"background",125,125,311.194444444444,30.4166666666667,190.555555555556
"background",126,126,261.888888888889,74.3055555555556,502.972222222222
"background",127,127,314.25,89.3611111111111,633
"background",128,128,332.972222222222,48.7222222222222,323.888888888889
"background",129,129,333.666666666667,4.36111111111111,45.1944444444444
"background",130,130,284.583333333333,19.8055555555556,622.388888888889
"background",131,131,326.416666666667,78.5,333.333333333333
"background",132,132,329.666666666667,89.0277777777778,278.527777777778
"background",133,133,305.305555555556,212.194444444444,710.5
"background",134,134,317.638888888889,59.8888888888889,523.444444444444
"background",135,135,317.222222222222,30.3055555555556,481.5
"background",136,136,342.527777777778,9.61111111111111,536.861111111111
"background",137,137,354.361111111111,6.58333333333333,608.444444444444
"background",138,138,336.472222222222,22.4722222222222,365.527777777778
"background",139,139,305.25,35.1666666666667,292.361111111111
"background",140,140,333.027777777778,4.97222222222222,453.972222222222
"background",141,141,312.638888888889,31.9166666666667,380.583333333333
"background",142,142,304.638888888889,2.52777777777778,484.138888888889
"background",143,143,335.416666666667,0.5,255.944444444444
"background",144,144,328.277777777778,10.8333333333333,118.805555555556
"background",145,145,340.555555555556,8.83333333333333,361.722222222222
"background",146,146,323,19.5833333333333,283.611111111111
"background",147,147,315.888888888889,70.5833333333333,621.388888888889
"background",148,148,310.444444444444,5.33333333333333,220.472222222222
