"species","x","y","bio5","bio14","bio18"
"background",1,1,304.666666666667,13.2777777777778,642.222222222222
"background",2,2,339.666666666667,8.47222222222222,267.888888888889
"background",3,3,346.694444444444,0.472222222222222,230.777777777778
"background",4,4,342.361111111111,16.0277777777778,553.25
"background",5,5,327.027777777778,79.1944444444444,267.111111111111
"background",6,6,323.527777777778,64.1944444444444,579.027777777778
"background",7,7,310.444444444444,5.33333333333333,220.472222222222
"background",8,8,338.333333333333,30.3888888888889,347.527777777778
"background",9,9,333.611111111111,3.16666666666667,430.333333333333
"background",10,10,312.638888888889,31.9166666666667,380.583333333333
"background",11,11,298.972222222222,26.75,242.361111111111
"background",12,12,329.444444444444,77.0833333333333,309.333333333333
"background",13,13,314.666666666667,23.7777777777778,456.5
"background",14,14,307.388888888889,220.527777777778,795.277777777778
"background",15,15,287.222222222222,78.8611111111111,379.25
"background",16,16,329.666666666667,89.0277777777778,278.527777777778
"background",17,17,314.305555555556,12.5833333333333,147.027777777778
"background",18,18,342.416666666667,2.19444444444444,93.5555555555556
"background",19,19,324.138888888889,2.19444444444444,177.388888888889
"background",20,20,330.527777777778,45.75,193.388888888889
"background",21,21,324.583333333333,28.1388888888889,456.638888888889
"background",22,22,303.722222222222,21.3888888888889,570
"background",23,23,342.916666666667,6.13888888888889,191.611111111111
"background",24,24,324.75,37.1111111111111,150.333333333333
"background",25,25,348.25,4.30555555555556,505.111111111111
"background",26,26,348.277777777778,2.5,472.027777777778
"background",27,27,327.222222222222,96.4722222222222,327.083333333333
"background",28,28,317.805555555556,8.22222222222222,354.944444444444
"background",29,29,320.194444444444,43.5555555555556,232.416666666667
"background",30,30,329.416666666667,9.58333333333333,262.916666666667
"background",31,31,321.111111111111,144.194444444444,471.611111111111
"background",32,32,281.861111111111,81.5833333333333,523.333333333333
"background",33,33,347.194444444444,4.25,114.583333333333
"background",34,34,319.138888888889,161.388888888889,535.944444444444
"background",35,35,330.472222222222,75.5277777777778,273.583333333333
"background",36,36,329.722222222222,75.8888888888889,240.222222222222
"background",37,37,300.555555555556,4.27777777777778,253.25
"background",38,38,305.25,2.11111111111111,258.694444444444
"background",39,39,304.416666666667,4.91666666666667,339.416666666667
"background",40,40,343.472222222222,0.583333333333333,152.277777777778
"background",41,41,314.666666666667,7.02777777777778,325.055555555556
"background",42,42,324.722222222222,108.555555555556,392.5
"background",43,43,345.888888888889,20.8611111111111,430.611111111111
"background",44,44,327.694444444444,5.22222222222222,473.5
"background",45,45,309.833333333333,211.25,650.777777777778
"background",46,46,327.5,29.7777777777778,163.833333333333
"background",47,47,332.972222222222,48.7222222222222,323.888888888889
"background",48,48,337.25,4.16666666666667,305.055555555556
"background",49,49,321.166666666667,6.61111111111111,617.666666666667
"background",50,50,303.083333333333,4.97222222222222,356.277777777778
