"species","x","y","bio5","bio14","bio18"
"species",1,1,306.515151515152,61.9090909090909,290.878787878788
"species",2,2,312.638888888889,31.9166666666667,380.583333333333
"species",3,3,292.277777777778,24.6388888888889,452.944444444444
"species",4,4,287.666666666667,34.25,497.083333333333
"species",5,5,311.928571428571,49.75,241.071428571429
"species",6,6,286.111111111111,9.52777777777778,590.055555555556
"species",7,7,274.583333333333,81.2916666666667,570.375
"species",8,8,282.305555555556,11.5277777777778,629.5
"species",9,9,260.666666666667,24.5833333333333,718.055555555556
"species",10,10,266.444444444444,38.5277777777778,568.166666666667
"species",11,11,272,83.1944444444444,486.666666666667
"species",12,12,272,83.1944444444444,486.666666666667
"species",13,13,310.916666666667,18.0833333333333,534.222222222222
"species",14,14,312.638888888889,34.5833333333333,351.277777777778
"species",15,15,284.583333333333,19.8055555555556,622.388888888889
"species",16,16,287.222222222222,78.8611111111111,379.25
"species",17,17,265.194444444444,23.0277777777778,718.166666666667
"species",18,18,276.666666666667,12.8611111111111,693.5
"species",19,19,284.583333333333,19.8055555555556,622.388888888889
"species",20,20,313.333333333333,62.4444444444444,489.555555555556
"species",21,21,264.151515151515,53.6969696969697,733.757575757576
"species",22,22,311.928571428571,49.75,241.071428571429
"species",23,23,312.638888888889,34.5833333333333,351.277777777778
"species",24,24,282.361111111111,54.5,580.083333333333
"species",25,25,287.666666666667,34.25,497.083333333333
"species",26,26,274.583333333333,81.2916666666667,570.375
"species",27,27,280.638888888889,23.4444444444444,601.305555555556
"species",28,28,335.722222222222,24.9444444444444,491.916666666667
"species",29,29,300.730769230769,41.2307692307692,343.346153846154
"species",30,30,282.361111111111,54.5,580.083333333333
"species",31,31,292.172413793103,66.0689655172414,730.827586206897
"species",32,32,288.416666666667,26.7222222222222,611.416666666667
"species",33,33,293.638888888889,33.3888888888889,616.888888888889
"species",34,34,282.805555555556,36.4444444444444,526.666666666667
"species",35,35,293.638888888889,33.3888888888889,616.888888888889
"species",36,36,265.194444444444,23.0277777777778,718.166666666667
"species",37,37,282.805555555556,36.4444444444444,526.666666666667
"species",38,38,257.305555555556,53.8055555555556,716.944444444444
"species",39,39,282.305555555556,11.5277777777778,629.5
"species",40,40,257.305555555556,53.8055555555556,716.944444444444
"species",41,41,301.888888888889,62.1388888888889,304.611111111111
"species",42,42,280.638888888889,23.4444444444444,601.305555555556
"species",43,43,291.222222222222,16.8888888888889,494.055555555556
"species",44,44,335.722222222222,24.9444444444444,491.916666666667
"species",45,45,300.730769230769,41.2307692307692,343.346153846154
"species",46,46,306.515151515152,61.9090909090909,290.878787878788
"species",47,47,289.333333333333,16.1111111111111,314.472222222222
"species",48,48,313.333333333333,62.4444444444444,489.555555555556
"species",49,49,292.277777777778,24.6388888888889,452.944444444444
"species",50,50,278.555555555556,78.3333333333333,370.916666666667
