"species","x","y","bio5","bio14","bio18"
"background",1,1,320.305555555556,53.9444444444444,245.611111111111
"background",2,2,347.083333333333,3.05555555555556,414.111111111111
"background",3,3,332.777777777778,44.5833333333333,156.805555555556
"background",4,4,352.305555555556,1.22222222222222,541.527777777778
"background",5,5,259.611111111111,113.833333333333,478.055555555556
"background",6,6,339.361111111111,4.30555555555556,459.388888888889
"background",7,7,295.416666666667,3.30555555555556,158.583333333333
"background",8,8,308.361111111111,24.6111111111111,379.111111111111
"background",9,9,330.222222222222,26.1111111111111,309.083333333333
"background",10,10,332.5,69.6388888888889,240.666666666667
"background",11,11,327.361111111111,1.30555555555556,202.555555555556
"background",12,12,323.583333333333,50.8888888888889,250.305555555556
"background",13,13,316.805555555556,9.80555555555556,691.972222222222
"background",14,14,328.277777777778,10.8333333333333,118.805555555556
"background",15,15,345.888888888889,20.8611111111111,430.611111111111
"background",16,16,320.722222222222,84.6111111111111,421.222222222222
