"species","x","y","bio5","bio14","bio18"
"species",1,1,280.638888888889,23.4444444444444,601.305555555556
"species",2,2,278.555555555556,78.3333333333333,370.916666666667
"species",3,3,287.666666666667,34.25,497.083333333333
"species",4,4,292.277777777778,24.6388888888889,452.944444444444
"species",5,5,286.111111111111,9.52777777777778,590.055555555556
"species",6,6,311.928571428571,49.75,241.071428571429
"species",7,7,264.151515151515,53.6969696969697,733.757575757576
"species",8,8,287.222222222222,78.8611111111111,379.25
"species",9,9,312.638888888889,34.5833333333333,351.277777777778
"species",10,10,265.194444444444,23.0277777777778,718.166666666667
"species",11,11,272,83.1944444444444,486.666666666667
"species",12,12,288.416666666667,26.7222222222222,611.416666666667
"species",13,13,310.916666666667,18.0833333333333,534.222222222222
"species",14,14,292.172413793103,66.0689655172414,730.827586206897
"species",15,15,292.888888888889,64.3888888888889,306.111111111111
"species",16,16,284.583333333333,19.8055555555556,622.388888888889
