"species","x","y","bio5","bio14","bio18"
"background",1,1,315.944444444444,56.9166666666667,628.583333333333
"background",2,2,318.305555555556,5.41666666666667,218.805555555556
"background",3,3,319.638888888889,23.3888888888889,655.805555555556
"background",4,4,287.777777777778,101.666666666667,417.666666666667
"background",5,5,345.305555555556,2.27777777777778,438.222222222222
"background",6,6,328.583333333333,33.6388888888889,130.138888888889
"background",7,7,349.777777777778,5.13888888888889,549.166666666667
"background",8,8,317.972222222222,54.9722222222222,583.25
"background",9,9,335.027777777778,9.94444444444444,464.444444444444
"background",10,10,325.861111111111,22.8055555555556,107.472222222222
"background",11,11,349.388888888889,1.11111111111111,439.722222222222
"background",12,12,303.5,11,664.527777777778
"background",13,13,339.833333333333,31.4444444444444,507.388888888889
"background",14,14,315.833333333333,91.3055555555556,480.444444444444
"background",15,15,335.333333333333,26.8333333333333,112.861111111111
"background",16,16,320.027777777778,36.5,584.194444444444
"background",17,17,340.666666666667,53.9166666666667,194.277777777778
"background",18,18,350.527777777778,2.5,289.75
"background",19,19,326.055555555556,22.6666666666667,101.694444444444
"background",20,20,278.805555555556,14.0277777777778,576.722222222222
"background",21,21,328.75,14.3888888888889,434.944444444444
"background",22,22,333.388888888889,2.11111111111111,195.75
"background",23,23,309.527777777778,174.861111111111,586.916666666667
"background",24,24,309.5,185.194444444444,657.333333333333
"background",25,25,336.888888888889,13.3611111111111,57.5
"background",26,26,333.388888888889,21.0277777777778,396.25
"background",27,27,326.777777777778,93.6111111111111,376
"background",28,28,298,8.63888888888889,387.805555555556
"background",29,29,326.361111111111,18.1111111111111,379.388888888889
"background",30,30,318.166666666667,97.6388888888889,650.055555555556
"background",31,31,318.138888888889,24.6388888888889,653
"background",32,32,330.527777777778,45.75,193.388888888889
"background",33,33,326.611111111111,46.0277777777778,230.638888888889
"background",34,34,310.805555555556,57.6111111111111,439.138888888889
"background",35,35,331.944444444444,30,133.555555555556
"background",36,36,325.194444444444,25.6666666666667,497.111111111111
"background",37,37,260.388888888889,100.111111111111,492.861111111111
"background",38,38,312.111111111111,148.472222222222,601.361111111111
"background",39,39,270.444444444444,78.5,473.694444444444
"background",40,40,344.027777777778,2.41666666666667,163.638888888889
"background",41,41,344.416666666667,1.5,175.861111111111
"background",42,42,320.888888888889,80.9166666666667,591.25
"background",43,43,314.416666666667,109.111111111111,400.777777777778
"background",44,44,301.257142857143,66.0285714285714,276.342857142857
"background",45,45,346.111111111111,3.38888888888889,216.111111111111
"background",46,46,335.722222222222,24.9444444444444,491.916666666667
"background",47,47,344.222222222222,18.3055555555556,505.222222222222
"background",48,48,343.388888888889,4.55555555555556,487.583333333333
"background",49,49,329.777777777778,43.75,369.222222222222
"background",50,50,272,83.1944444444444,486.666666666667
"background",51,51,319.916666666667,54,545.722222222222
"background",52,52,316.194444444444,36.3055555555556,493.388888888889
"background",53,53,327.055555555556,54.0277777777778,203.027777777778
"background",54,54,288.666666666667,13.1111111111111,147.527777777778
"background",55,55,320.555555555556,27.25,121.722222222222
"background",56,56,273.388888888889,20.0277777777778,241.75
"background",57,57,328.25,74.75,263.222222222222
"background",58,58,334.888888888889,16.3611111111111,304.25
"background",59,59,332.416666666667,6.97222222222222,325.027777777778
"background",60,60,325.805555555556,2.80555555555556,159.611111111111
"background",61,61,319.861111111111,36.25,142.027777777778
"background",62,62,306.444444444444,34.5277777777778,197.138888888889
"background",63,63,326.333333333333,64.75,266.5
"background",64,64,340.666666666667,8.36111111111111,90.5
"background",65,65,328.416666666667,207.305555555556,706.388888888889
"background",66,66,329.583333333333,26.5,162.444444444444
"background",67,67,344.055555555556,17.4166666666667,383.75
"background",68,68,304.333333333333,5.41666666666667,567.194444444444
"background",69,69,320.5,86.3333333333333,396.25
"background",70,70,332.527777777778,54.9166666666667,204.972222222222
"background",71,71,317,1.44444444444444,197.75
"background",72,72,336.75,2.44444444444444,158.083333333333
"background",73,73,328.638888888889,86.8055555555556,321.25
"background",74,74,326.972222222222,85.25,286.5
"background",75,75,327.583333333333,67.2777777777778,283.333333333333
"background",76,76,330.5,1.52777777777778,89.0833333333333
"background",77,77,333.027777777778,4.97222222222222,453.972222222222
"background",78,78,318.777777777778,45.0555555555556,620.361111111111
"background",79,79,324.972222222222,28.4444444444444,446.5
"background",80,80,323.25,65.5833333333333,571.972222222222
"background",81,81,318.611111111111,59,287.638888888889
"background",82,82,329.694444444444,51.3055555555556,201.833333333333
"background",83,83,276.666666666667,12.8611111111111,693.5
"background",84,84,324.75,44.7777777777778,200.972222222222
"background",85,85,277.944444444444,11.4722222222222,732.222222222222
"background",86,86,303.805555555556,4.97222222222222,222.444444444444
"background",87,87,322.111111111111,8.83333333333333,397.75
"background",88,88,272,117.083333333333,455.222222222222
"background",89,89,336.944444444444,7.58333333333333,469.611111111111
"background",90,90,349.861111111111,12.8333333333333,351.583333333333
"background",91,91,317.75,11.1666666666667,415.722222222222
"background",92,92,320.027777777778,7.38888888888889,374.5
"background",93,93,338.333333333333,30.3888888888889,347.527777777778
"background",94,94,314.25,89.3611111111111,633
"background",95,95,286.888888888889,14.5277777777778,613.583333333333
"background",96,96,334,17.6666666666667,328.944444444444
"background",97,97,286.944444444444,30.6111111111111,279.416666666667
"background",98,98,325.777777777778,109.416666666667,397.944444444444
"background",99,99,322.888888888889,62.4722222222222,393.277777777778
"background",100,100,334.694444444444,26.1388888888889,420.055555555556
"background",101,101,336.361111111111,43.3333333333333,458.5
"background",102,102,312.333333333333,2.52777777777778,311.25
"background",103,103,293.638888888889,33.3888888888889,616.888888888889
"background",104,104,331.416666666667,56.9722222222222,373.277777777778
"background",105,105,313.277777777778,132.416666666667,643.944444444444
"background",106,106,314.583333333333,27.5,134.638888888889
"background",107,107,282.722222222222,132.888888888889,558.611111111111
"background",108,108,330.916666666667,23.4444444444444,124.444444444444
"background",109,109,319.111111111111,177.555555555556,714.305555555556
"background",110,110,322.694444444444,78.5,479.944444444444
"background",111,111,341.444444444444,4.05555555555556,369.861111111111
"background",112,112,342.416666666667,2.19444444444444,93.5555555555556
"background",113,113,317.638888888889,159.888888888889,576.277777777778
"background",114,114,329.416666666667,9.58333333333333,262.916666666667
"background",115,115,349.888888888889,5.61111111111111,283.333333333333
"background",116,116,304.972222222222,73.8055555555556,288.111111111111
"background",117,117,339.222222222222,0.722222222222222,143.305555555556
"background",118,118,318,13.6388888888889,399.611111111111
"background",119,119,318.666666666667,7.52777777777778,469.722222222222
"background",120,120,308.388888888889,217.527777777778,738.444444444444
"background",121,121,326.416666666667,78.5,333.333333333333
"background",122,122,323.305555555556,120.944444444444,406.638888888889
"background",123,123,306.583333333333,19.4444444444444,353.444444444444
"background",124,124,324.138888888889,38.4166666666667,155.138888888889
"background",125,125,322.611111111111,60.6944444444444,284.166666666667
"background",126,126,343.083333333333,0,170.027777777778
"background",127,127,332.277777777778,15.5555555555556,575.638888888889
"background",128,128,324.694444444444,40.9444444444444,174.527777777778
"background",129,129,317.638888888889,59.8888888888889,523.444444444444
"background",130,130,313.611111111111,12.0555555555556,429.416666666667
"background",131,131,325.833333333333,43.0833333333333,197.583333333333
"background",132,132,333.083333333333,11.8888888888889,488.916666666667
"background",133,133,348.194444444444,1.61111111111111,409.916666666667
"background",134,134,317.944444444444,105.305555555556,585.444444444444
"background",135,135,312.722222222222,6.30555555555556,446.972222222222
"background",136,136,326.083333333333,55.2222222222222,247.305555555556
"background",137,137,306.75,21.4722222222222,412.277777777778
"background",138,138,341.805555555556,0,252.722222222222
"background",139,139,315.888888888889,70.5833333333333,621.388888888889
"background",140,140,349.972222222222,9.22222222222222,81.9722222222222
"background",141,141,319.027777777778,60.8611111111111,550.583333333333
"background",142,142,328.111111111111,41.0277777777778,179.305555555556
"background",143,143,331.944444444444,12.6111111111111,398.5
"background",144,144,315.5,26.6388888888889,228.5
"background",145,145,254.833333333333,117.944444444444,462.166666666667
"background",146,146,306.611111111111,181.361111111111,843.861111111111
"background",147,147,260.666666666667,24.5833333333333,718.055555555556
"background",148,148,317.805555555556,8.22222222222222,354.944444444444
