"species","x","y","bio5","bio14","bio18"
"species",1,1,304.083333333333,13.5833333333333,493.027777777778
"species",2,2,300.730769230769,41.2307692307692,343.346153846154
"species",3,3,282.305555555556,11.5277777777778,629.5
"species",4,4,292.888888888889,64.3888888888889,306.111111111111
"species",5,5,312.638888888889,34.5833333333333,351.277777777778
"species",6,6,292.277777777778,24.6388888888889,452.944444444444
"species",7,7,289.333333333333,16.1111111111111,314.472222222222
"species",8,8,292.277777777778,24.6388888888889,452.944444444444
"species",9,9,282.361111111111,54.5,580.083333333333
"species",10,10,293.638888888889,33.3888888888889,616.888888888889
"species",11,11,276.666666666667,12.8611111111111,693.5
"species",12,12,272,83.1944444444444,486.666666666667
"species",13,13,287.222222222222,78.8611111111111,379.25
"species",14,14,291.222222222222,16.8888888888889,494.055555555556
"species",15,15,257.305555555556,53.8055555555556,716.944444444444
"species",16,16,301.888888888889,62.1388888888889,304.611111111111
"species",17,17,300.730769230769,41.2307692307692,343.346153846154
"species",18,18,265.194444444444,23.0277777777778,718.166666666667
"species",19,19,287.666666666667,34.25,497.083333333333
"species",20,20,291.222222222222,16.8888888888889,494.055555555556
"species",21,21,264.151515151515,53.6969696969697,733.757575757576
"species",22,22,312.638888888889,31.9166666666667,380.583333333333
"species",23,23,265.194444444444,23.0277777777778,718.166666666667
"species",24,24,312.638888888889,31.9166666666667,380.583333333333
"species",25,25,335.722222222222,24.9444444444444,491.916666666667
"species",26,26,312.638888888889,31.9166666666667,380.583333333333
"species",27,27,300.730769230769,41.2307692307692,343.346153846154
"species",28,28,257.305555555556,53.8055555555556,716.944444444444
"species",29,29,287.666666666667,34.25,497.083333333333
"species",30,30,257.305555555556,53.8055555555556,716.944444444444
"species",31,31,287.666666666667,34.25,497.083333333333
"species",32,32,287.222222222222,78.8611111111111,379.25
"species",33,33,292.172413793103,66.0689655172414,730.827586206897
"species",34,34,300.730769230769,41.2307692307692,343.346153846154
"species",35,35,292.277777777778,24.6388888888889,452.944444444444
"species",36,36,300.730769230769,41.2307692307692,343.346153846154
"species",37,37,264.151515151515,53.6969696969697,733.757575757576
"species",38,38,312.638888888889,31.9166666666667,380.583333333333
"species",39,39,280.638888888889,23.4444444444444,601.305555555556
"species",40,40,312.638888888889,31.9166666666667,380.583333333333
"species",41,41,278.555555555556,78.3333333333333,370.916666666667
"species",42,42,287.222222222222,78.8611111111111,379.25
"species",43,43,312.638888888889,31.9166666666667,380.583333333333
"species",44,44,292.172413793103,66.0689655172414,730.827586206897
"species",45,45,300.730769230769,41.2307692307692,343.346153846154
"species",46,46,292.277777777778,24.6388888888889,452.944444444444
"species",47,47,282.805555555556,36.4444444444444,526.666666666667
"species",48,48,300.730769230769,41.2307692307692,343.346153846154
"species",49,49,306.515151515152,61.9090909090909,290.878787878788
"species",50,50,300.730769230769,41.2307692307692,343.346153846154
"species",51,51,287.666666666667,34.25,497.083333333333
"species",52,52,293.638888888889,33.3888888888889,616.888888888889
"species",53,53,264.151515151515,53.6969696969697,733.757575757576
"species",54,54,257.305555555556,53.8055555555556,716.944444444444
"species",55,55,300.730769230769,41.2307692307692,343.346153846154
"species",56,56,300.730769230769,41.2307692307692,343.346153846154
"species",57,57,278.555555555556,78.3333333333333,370.916666666667
"species",58,58,257.305555555556,53.8055555555556,716.944444444444
"species",59,59,292.172413793103,66.0689655172414,730.827586206897
"species",60,60,300.730769230769,41.2307692307692,343.346153846154
"species",61,61,292.277777777778,24.6388888888889,452.944444444444
"species",62,62,312.638888888889,31.9166666666667,380.583333333333
"species",63,63,312.638888888889,31.9166666666667,380.583333333333
"species",64,64,292.277777777778,24.6388888888889,452.944444444444
"species",65,65,292.172413793103,66.0689655172414,730.827586206897
"species",66,66,310.916666666667,18.0833333333333,534.222222222222
"species",67,67,282.361111111111,54.5,580.083333333333
"species",68,68,312.638888888889,34.5833333333333,351.277777777778
"species",69,69,313.333333333333,62.4444444444444,489.555555555556
"species",70,70,292.172413793103,66.0689655172414,730.827586206897
"species",71,71,265.194444444444,23.0277777777778,718.166666666667
"species",72,72,265.194444444444,23.0277777777778,718.166666666667
"species",73,73,264.151515151515,53.6969696969697,733.757575757576
"species",74,74,293.638888888889,33.3888888888889,616.888888888889
"species",75,75,274.583333333333,81.2916666666667,570.375
"species",76,76,293.638888888889,33.3888888888889,616.888888888889
"species",77,77,257.305555555556,53.8055555555556,716.944444444444
"species",78,78,291.222222222222,16.8888888888889,494.055555555556
"species",79,79,292.277777777778,24.6388888888889,452.944444444444
"species",80,80,274.583333333333,81.2916666666667,570.375
"species",81,81,291.222222222222,16.8888888888889,494.055555555556
"species",82,82,292.888888888889,64.3888888888889,306.111111111111
"species",83,83,312.638888888889,31.9166666666667,380.583333333333
"species",84,84,264.151515151515,53.6969696969697,733.757575757576
"species",85,85,312.638888888889,31.9166666666667,380.583333333333
"species",86,86,300.730769230769,41.2307692307692,343.346153846154
"species",87,87,287.666666666667,34.25,497.083333333333
"species",88,88,308.361111111111,24.6111111111111,379.111111111111
"species",89,89,293.638888888889,33.3888888888889,616.888888888889
"species",90,90,257.305555555556,53.8055555555556,716.944444444444
"species",91,91,312.638888888889,31.9166666666667,380.583333333333
"species",92,92,287.666666666667,34.25,497.083333333333
"species",93,93,312.638888888889,31.9166666666667,380.583333333333
"species",94,94,300.730769230769,41.2307692307692,343.346153846154
"species",95,95,292.277777777778,24.6388888888889,452.944444444444
"species",96,96,265.194444444444,23.0277777777778,718.166666666667
"species",97,97,293.638888888889,33.3888888888889,616.888888888889
"species",98,98,300.730769230769,41.2307692307692,343.346153846154
"species",99,99,265.194444444444,23.0277777777778,718.166666666667
"species",100,100,292.277777777778,24.6388888888889,452.944444444444
"species",101,101,300.730769230769,41.2307692307692,343.346153846154
"species",102,102,293.638888888889,33.3888888888889,616.888888888889
"species",103,103,293.638888888889,33.3888888888889,616.888888888889
"species",104,104,257.305555555556,53.8055555555556,716.944444444444
"species",105,105,312.638888888889,31.9166666666667,380.583333333333
"species",106,106,293.638888888889,33.3888888888889,616.888888888889
"species",107,107,300.730769230769,41.2307692307692,343.346153846154
"species",108,108,312.638888888889,31.9166666666667,380.583333333333
"species",109,109,312.638888888889,31.9166666666667,380.583333333333
"species",110,110,278.805555555556,14.0277777777778,576.722222222222
"species",111,111,272,83.1944444444444,486.666666666667
"species",112,112,287.666666666667,34.25,497.083333333333
"species",113,113,260.666666666667,24.5833333333333,718.055555555556
"species",114,114,312.638888888889,31.9166666666667,380.583333333333
"species",115,115,312.638888888889,31.9166666666667,380.583333333333
"species",116,116,312.638888888889,31.9166666666667,380.583333333333
"species",117,117,312.638888888889,31.9166666666667,380.583333333333
"species",118,118,292.172413793103,66.0689655172414,730.827586206897
"species",119,119,300.730769230769,41.2307692307692,343.346153846154
"species",120,120,300.730769230769,41.2307692307692,343.346153846154
"species",121,121,312.638888888889,31.9166666666667,380.583333333333
"species",122,122,292.277777777778,24.6388888888889,452.944444444444
"species",123,123,264.151515151515,53.6969696969697,733.757575757576
"species",124,124,287.666666666667,34.25,497.083333333333
"species",125,125,292.172413793103,66.0689655172414,730.827586206897
"species",126,126,312.638888888889,31.9166666666667,380.583333333333
"species",127,127,265.194444444444,23.0277777777778,718.166666666667
"species",128,128,312.638888888889,34.5833333333333,351.277777777778
"species",129,129,312.638888888889,31.9166666666667,380.583333333333
"species",130,130,313.333333333333,62.4444444444444,489.555555555556
"species",131,131,300.730769230769,41.2307692307692,343.346153846154
"species",132,132,292.888888888889,64.3888888888889,306.111111111111
"species",133,133,284.583333333333,19.8055555555556,622.388888888889
"species",134,134,300.730769230769,41.2307692307692,343.346153846154
"species",135,135,266.444444444444,38.5277777777778,568.166666666667
"species",136,136,276.666666666667,12.8611111111111,693.5
"species",137,137,300.730769230769,41.2307692307692,343.346153846154
"species",138,138,278.805555555556,14.0277777777778,576.722222222222
"species",139,139,264.151515151515,53.6969696969697,733.757575757576
