"species","x","y","bio4","bio14","bio2"
"species",1,1,2318.30555555556,23.4444444444444,116
"species",2,2,2325.25,26.7222222222222,120.972222222222
"species",3,3,2226.94444444444,18.0833333333333,121.055555555556
"species",4,4,2001.13888888889,24.6111111111111,101.166666666667
"species",5,5,1633.36111111111,31.9166666666667,100.777777777778
"species",6,6,1401.19444444444,62.1388888888889,84.5555555555556
"species",7,7,2252.0303030303,53.6969696969697,95.6666666666667
"species",8,8,2055.83333333333,16.8888888888889,124.25
"species",9,9,2368.19444444444,38.5277777777778,106.527777777778
"species",10,10,1256.88888888889,78.3333333333333,68.5
"species",11,11,1408.42424242424,61.9090909090909,81.7575757575758
"species",12,12,1587.69444444444,12.8611111111111,108.222222222222
"species",13,13,2628.44444444444,62.4444444444444,118.916666666667
"species",14,14,2267.66666666667,53.8055555555556,96.9444444444444
"species",15,15,1913.16666666667,11.5277777777778,126.25
"species",16,16,1706.84615384615,41.2307692307692,91.6538461538462
"species",17,17,1921.22222222222,9.52777777777778,118.777777777778
"species",18,18,1967.44444444444,13.5833333333333,119.861111111111
"species",19,19,2194.33333333333,23.0277777777778,119.222222222222
"species",20,20,2026.47222222222,14.0277777777778,116.416666666667
"species",21,21,1508.44444444444,34.5833333333333,102.888888888889
"species",22,22,1877.11111111111,24.6388888888889,119.25
"species",23,23,1278.30555555556,64.3888888888889,78.5
"species",24,24,2425.63888888889,36.4444444444444,116.194444444444
