"species","x","y","bio5","bio14","bio18"
"background",1,1,336.722222222222,26.2222222222222,552.888888888889
"background",2,2,277.944444444444,11.4722222222222,732.222222222222
"background",3,3,286.888888888889,14.5277777777778,613.583333333333
"background",4,4,334.277777777778,2.25,64.8333333333333
"background",5,5,320.833333333333,29.3333333333333,598.333333333333
"background",6,6,349.777777777778,5.13888888888889,549.166666666667
"background",7,7,317.527777777778,41.6111111111111,615.222222222222
"background",8,8,297.472222222222,104.388888888889,378.805555555556
"background",9,9,325.944444444444,114.861111111111,390.888888888889
"background",10,10,329.694444444444,51.3055555555556,201.833333333333
"background",11,11,317.638888888889,59.8888888888889,523.444444444444
"background",12,12,288.194444444444,55.75,521.888888888889
"background",13,13,260.666666666667,24.5833333333333,718.055555555556
"background",14,14,329.638888888889,19.7222222222222,142.222222222222
"background",15,15,320.305555555556,53.9444444444444,245.611111111111
"background",16,16,351.833333333333,9.25,370
"background",17,17,324.305555555556,15.0555555555556,376.694444444444
"background",18,18,324.694444444444,40.9444444444444,174.527777777778
"background",19,19,346.305555555556,1.13888888888889,157.361111111111
"background",20,20,343.222222222222,5.05555555555556,144.25
"background",21,21,306.611111111111,181.361111111111,843.861111111111
"background",22,22,332,4.16666666666667,418.888888888889
"background",23,23,292.888888888889,8.77777777777778,407.027777777778
"background",24,24,335.416666666667,0.5,255.944444444444
"background",25,25,351.138888888889,3.5,466.027777777778
