"species","x","y","bio5","bio14","bio18"
"background",1,1,318.861111111111,18.5555555555556,554.444444444444
"background",2,2,321.916666666667,72.6111111111111,618.083333333333
"background",3,3,311.194444444444,30.4166666666667,190.555555555556
"background",4,4,330.055555555556,67.0277777777778,261.833333333333
"background",5,5,298,8.63888888888889,387.805555555556
"background",6,6,317.388888888889,41.5277777777778,555.055555555556
"background",7,7,339.833333333333,31.4444444444444,507.388888888889
"background",8,8,338.861111111111,5.77777777777778,141.166666666667
"background",9,9,355.944444444444,9.72222222222222,382.972222222222
"background",10,10,351.833333333333,9.25,370
"background",11,11,303.194444444444,77.2777777777778,495.638888888889
"background",12,12,326.25,15.4166666666667,322.777777777778
"background",13,13,315.833333333333,91.3055555555556,480.444444444444
"background",14,14,346.611111111111,3.44444444444444,476
"background",15,15,323.638888888889,44.25,179.222222222222
"background",16,16,312.916666666667,64.7222222222222,483.972222222222
"background",17,17,326.416666666667,78.5,333.333333333333
"background",18,18,321.444444444444,98.1944444444444,368.388888888889
"background",19,19,330.75,37.8611111111111,482.305555555556
"background",20,20,324.555555555556,21.1111111111111,317.25
"background",21,21,344.055555555556,17.4166666666667,383.75
"background",22,22,320.888888888889,80.9166666666667,591.25
"background",23,23,326.25,104.583333333333,374.777777777778
"background",24,24,308.833333333333,16.9166666666667,196.222222222222
"background",25,25,319.424242424242,11.6969696969697,56.5454545454545
