"species","x","y","bio5","bio14","bio18"
"background",1,1,320.194444444444,43.5555555555556,232.416666666667
"background",2,2,325.592592592593,7.7037037037037,32.1481481481481
"background",3,3,298.888888888889,12.3611111111111,485.222222222222
"background",4,4,310.166666666667,8.5,565.305555555556
"background",5,5,320.194444444444,174.361111111111,594.361111111111
"background",6,6,334,17.6666666666667,328.944444444444
"background",7,7,305.638888888889,104.027777777778,356.333333333333
"background",8,8,344.333333333333,2.16666666666667,406.5
"background",9,9,333.638888888889,17.4166666666667,133.75
"background",10,10,323.25,65.5833333333333,571.972222222222
"background",11,11,351.138888888889,3.5,466.027777777778
"background",12,12,322.194444444444,0.972222222222222,262.861111111111
"background",13,13,332,4.16666666666667,418.888888888889
"background",14,14,325.694444444444,75.3611111111111,347.611111111111
"background",15,15,324.166666666667,62.8055555555556,242.055555555556
"background",16,16,339.833333333333,31.4444444444444,507.388888888889
"background",17,17,314.388888888889,34.0277777777778,167.222222222222
"background",18,18,304.416666666667,4.91666666666667,339.416666666667
"background",19,19,334.277777777778,2.25,64.8333333333333
"background",20,20,295.416666666667,3.30555555555556,158.583333333333
"background",21,21,338.138888888889,18.3333333333333,498.194444444444
"background",22,22,347.083333333333,3.05555555555556,414.111111111111
"background",23,23,330,21.3611111111111,324.444444444444
"background",24,24,292.277777777778,24.6388888888889,452.944444444444
"background",25,25,305.305555555556,212.194444444444,710.5
