"species","x","y","bio5","bio14","bio18"
"species",1,1,312.638888888889,31.9166666666667,380.583333333333
"species",2,2,282.305555555556,11.5277777777778,629.5
"species",3,3,301.888888888889,62.1388888888889,304.611111111111
"species",4,4,291.222222222222,16.8888888888889,494.055555555556
"species",5,5,260.666666666667,24.5833333333333,718.055555555556
"species",6,6,292.172413793103,66.0689655172414,730.827586206897
"species",7,7,288.416666666667,26.7222222222222,611.416666666667
"species",8,8,306.515151515152,61.9090909090909,290.878787878788
"species",9,9,304.083333333333,13.5833333333333,493.027777777778
"species",10,10,310.916666666667,18.0833333333333,534.222222222222
"species",11,11,335.722222222222,24.9444444444444,491.916666666667
"species",12,12,264.151515151515,53.6969696969697,733.757575757576
"species",13,13,300.730769230769,41.2307692307692,343.346153846154
"species",14,14,287.666666666667,34.25,497.083333333333
"species",15,15,284.583333333333,19.8055555555556,622.388888888889
"species",16,16,266.444444444444,38.5277777777778,568.166666666667
"species",17,17,272,83.1944444444444,486.666666666667
"species",18,18,265.194444444444,23.0277777777778,718.166666666667
"species",19,19,280.638888888889,23.4444444444444,601.305555555556
"species",20,20,282.805555555556,36.4444444444444,526.666666666667
"species",21,21,257.305555555556,53.8055555555556,716.944444444444
"species",22,22,311.928571428571,49.75,241.071428571429
"species",23,23,278.805555555556,14.0277777777778,576.722222222222
"species",24,24,286.111111111111,9.52777777777778,590.055555555556
"species",25,25,292.277777777778,24.6388888888889,452.944444444444
