"species","x","y","bio5","bio14","bio18"
"background",1,1,327.25,33.9722222222222,223.333333333333
"background",2,2,338.333333333333,30.3888888888889,347.527777777778
"background",3,3,302.222222222222,4.11111111111111,502.833333333333
"background",4,4,341.5,0.388888888888889,152.722222222222
"background",5,5,317.5,62.8611111111111,571.555555555556
"background",6,6,345.305555555556,2.27777777777778,438.222222222222
"background",7,7,326.416666666667,78.5,333.333333333333
"background",8,8,339.416666666667,2.52777777777778,440.861111111111
"background",9,9,319.138888888889,161.388888888889,535.944444444444
"background",10,10,277.944444444444,11.4722222222222,732.222222222222
"background",11,11,310.916666666667,18.0833333333333,534.222222222222
"background",12,12,334.888888888889,16.3611111111111,304.25
"background",13,13,331.416666666667,56.9722222222222,373.277777777778
"background",14,14,326.472222222222,3.88888888888889,68.5
"background",15,15,329.416666666667,9.58333333333333,262.916666666667
"background",16,16,316.916666666667,64.75,589.361111111111
"background",17,17,329.527777777778,0.0833333333333333,240.805555555556
"background",18,18,298.972222222222,26.75,242.361111111111
"background",19,19,331.333333333333,6.16666666666667,238.583333333333
"background",20,20,306.611111111111,181.361111111111,843.861111111111
"background",21,21,327.527777777778,21.9444444444444,468.027777777778
"background",22,22,297.583333333333,105.222222222222,560.111111111111
"background",23,23,334.277777777778,2.25,64.8333333333333
"background",24,24,316.305555555556,26.5833333333333,489.166666666667
"background",25,25,321.444444444444,98.1944444444444,368.388888888889
"background",26,26,347.888888888889,8.86111111111111,564.083333333333
"background",27,27,321.027777777778,196.888888888889,666
"background",28,28,257.305555555556,53.8055555555556,716.944444444444
"background",29,29,314.666666666667,7.02777777777778,325.055555555556
"background",30,30,280.638888888889,23.4444444444444,601.305555555556
"background",31,31,291.777777777778,96.4444444444444,389.583333333333
"background",32,32,332.527777777778,54.9166666666667,204.972222222222
"background",33,33,303,28.1666666666667,161.472222222222
"background",34,34,288.194444444444,80.6111111111111,361.027777777778
"background",35,35,326.583333333333,20.5555555555556,137.694444444444
"background",36,36,327.361111111111,1.30555555555556,202.555555555556
"background",37,37,347.305555555556,12.75,345.222222222222
"background",38,38,318.583333333333,19.4722222222222,214.583333333333
"background",39,39,327.75,56.9166666666667,327.555555555556
"background",40,40,303.444444444444,11,219.388888888889
"background",41,41,310.222222222222,1.52777777777778,233.583333333333
"background",42,42,337.527777777778,2.13888888888889,76.0833333333333
"background",43,43,342.861111111111,2.13888888888889,154.5
"background",44,44,318.888888888889,2.61111111111111,194.222222222222
"background",45,45,317.861111111111,13.8611111111111,194.888888888889
"background",46,46,272,83.1944444444444,486.666666666667
"background",47,47,310.166666666667,8.5,565.305555555556
"background",48,48,304.416666666667,4.91666666666667,339.416666666667
"background",49,49,322.230769230769,13.6538461538462,101.884615384615
"background",50,50,341.694444444444,8.19444444444444,74.8333333333333
"background",51,51,303.194444444444,77.2777777777778,495.638888888889
"background",52,52,311.388888888889,4.47222222222222,389.055555555556
"background",53,53,313.666666666667,33.4722222222222,490
"background",54,54,320.75,59.6111111111111,562
"background",55,55,303.194444444444,122.722222222222,441.5
"background",56,56,336.944444444444,7.58333333333333,469.611111111111
"background",57,57,314.944444444444,119.75,425.277777777778
"background",58,58,329.027777777778,61.7777777777778,225.638888888889
"background",59,59,344.444444444444,1.75,484.472222222222
"background",60,60,293.861111111111,5,449.388888888889
"background",61,61,319.944444444444,78.0277777777778,355.361111111111
"background",62,62,261.888888888889,74.3055555555556,502.972222222222
"background",63,63,343.277777777778,8.08333333333333,75.9722222222222
"background",64,64,324.777777777778,30.3888888888889,556.694444444444
"background",65,65,311.055555555556,13.0555555555556,187.055555555556
"background",66,66,314.75,3.91666666666667,230.527777777778
"background",67,67,309.388888888889,23.2222222222222,174.277777777778
"background",68,68,344.111111111111,2.47222222222222,173.5
"background",69,69,329.027777777778,84.8888888888889,270.5
"background",70,70,348.25,4.30555555555556,505.111111111111
"background",71,71,317.638888888889,33.9166666666667,155.277777777778
"background",72,72,348.277777777778,2.5,472.027777777778
"background",73,73,330,21.3611111111111,324.444444444444
"background",74,74,330.472222222222,75.5277777777778,273.583333333333
"background",75,75,319.861111111111,36.25,142.027777777778
"background",76,76,341.805555555556,0,252.722222222222
"background",77,77,315.944444444444,56.9166666666667,628.583333333333
"background",78,78,318.666666666667,7.52777777777778,469.722222222222
"background",79,79,327.055555555556,54.0277777777778,203.027777777778
"background",80,80,278.805555555556,14.0277777777778,576.722222222222
"background",81,81,320.222222222222,0.472222222222222,248.166666666667
"background",82,82,300.638888888889,123.611111111111,429.5
"background",83,83,333.333333333333,0.333333333333333,277.194444444444
"background",84,84,317.916666666667,52.1111111111111,566.722222222222
"background",85,85,314.25,89.3611111111111,633
"background",86,86,291.944444444444,78.9444444444444,451.972222222222
"background",87,87,326.333333333333,58.25,233.166666666667
"background",88,88,335.416666666667,0.5,255.944444444444
"background",89,89,321.5,3.69444444444444,354.916666666667
"background",90,90,320.555555555556,27.25,121.722222222222
"background",91,91,314.388888888889,34.0277777777778,167.222222222222
"background",92,92,284.611111111111,116.555555555556,442.944444444444
"background",93,93,356.194444444444,3.80555555555556,627.972222222222
"background",94,94,330.388888888889,31.2777777777778,569.555555555556
"background",95,95,331.277777777778,14.5833333333333,313.388888888889
"background",96,96,347.194444444444,4.25,114.583333333333
"background",97,97,282.305555555556,17.9444444444444,651.555555555556
"background",98,98,336.5,3.58333333333333,65.4722222222222
"background",99,99,328.611111111111,3.63888888888889,437.083333333333
"background",100,100,311.25,40,474.083333333333
"background",101,101,281.444444444444,103.277777777778,537.916666666667
"background",102,102,306.75,21.4722222222222,412.277777777778
"background",103,103,307,6.52777777777778,467.361111111111
"background",104,104,325.472222222222,2.83333333333333,200.666666666667
"background",105,105,324.694444444444,40.9444444444444,174.527777777778
"background",106,106,318.611111111111,59,287.638888888889
"background",107,107,324.138888888889,38.4166666666667,155.138888888889
"background",108,108,329.444444444444,77.0833333333333,309.333333333333
"background",109,109,351.472222222222,6.63888888888889,110.138888888889
"background",110,110,310.25,2.83333333333333,90.8055555555556
"background",111,111,336.527777777778,11.4444444444444,599.138888888889
"background",112,112,312.083333333333,37.3333333333333,305.888888888889
"background",113,113,329.75,15.3055555555556,465.694444444444
"background",114,114,323.305555555556,120.944444444444,406.638888888889
"background",115,115,319.361111111111,32.0277777777778,528.222222222222
"background",116,116,330.083333333333,1.77777777777778,166.027777777778
"background",117,117,355.944444444444,9.72222222222222,382.972222222222
"background",118,118,314.444444444444,2.61111111111111,89.9444444444444
"background",119,119,322.777777777778,138.222222222222,517.805555555556
"background",120,120,314.444444444444,96.7222222222222,623.916666666667
"background",121,121,334.611111111111,4.97222222222222,369.444444444444
"background",122,122,324.305555555556,15.0555555555556,376.694444444444
"background",123,123,323.583333333333,50.8888888888889,250.305555555556
"background",124,124,278.555555555556,78.3333333333333,370.916666666667
"background",125,125,325.444444444444,49.75,221.111111111111
"background",126,126,297.888888888889,57.1666666666667,452.055555555556
"background",127,127,302.138888888889,12.75,307.333333333333
"background",128,128,327.027777777778,79.1944444444444,267.111111111111
"background",129,129,328.916666666667,16.5,129.472222222222
"background",130,130,327.916666666667,41.7777777777778,198.222222222222
"background",131,131,333.194444444444,16,206.416666666667
"background",132,132,290.583333333333,7.30555555555556,657.305555555556
"background",133,133,313.333333333333,62.4444444444444,489.555555555556
"background",134,134,321.916666666667,46.6944444444444,232.416666666667
"background",135,135,308.861111111111,47.6111111111111,452.305555555556
"background",136,136,344,3.86111111111111,242.888888888889
"background",137,137,292.138888888889,80.4722222222222,333.444444444444
"background",138,138,331.944444444444,30,133.555555555556
"background",139,139,305.111111111111,3.33333333333333,209.166666666667
"background",140,140,302.472222222222,20.0277777777778,599.166666666667
"background",141,141,312.083333333333,176.777777777778,566.555555555556
"background",142,142,339.833333333333,31.4444444444444,507.388888888889
"background",143,143,270.444444444444,78.5,473.694444444444
"background",144,144,346.305555555556,7.36111111111111,249.472222222222
"background",145,145,320.722222222222,84.6111111111111,421.222222222222
"background",146,146,328.777777777778,45.2777777777778,348.972222222222
"background",147,147,339.222222222222,0.722222222222222,143.305555555556
"background",148,148,325.444444444444,51.8333333333333,185.305555555556
