"species","x","y","bio5","bio14","bio18"
"species",1,1,286.111111111111,9.52777777777778,590.055555555556
"species",2,2,257.305555555556,53.8055555555556,716.944444444444
"species",3,3,264.151515151515,53.6969696969697,733.757575757576
"species",4,4,292.277777777778,24.6388888888889,452.944444444444
"species",5,5,257.305555555556,53.8055555555556,716.944444444444
"species",6,6,292.172413793103,66.0689655172414,730.827586206897
"species",7,7,312.638888888889,31.9166666666667,380.583333333333
"species",8,8,312.638888888889,34.5833333333333,351.277777777778
"species",9,9,257.305555555556,53.8055555555556,716.944444444444
"species",10,10,300.730769230769,41.2307692307692,343.346153846154
"species",11,11,265.194444444444,23.0277777777778,718.166666666667
"species",12,12,282.361111111111,54.5,580.083333333333
"species",13,13,265.194444444444,23.0277777777778,718.166666666667
"species",14,14,292.172413793103,66.0689655172414,730.827586206897
"species",15,15,300.730769230769,41.2307692307692,343.346153846154
"species",16,16,292.172413793103,66.0689655172414,730.827586206897
"species",17,17,291.222222222222,16.8888888888889,494.055555555556
"species",18,18,312.638888888889,31.9166666666667,380.583333333333
"species",19,19,284.583333333333,19.8055555555556,622.388888888889
"species",20,20,287.666666666667,34.25,497.083333333333
"species",21,21,292.277777777778,24.6388888888889,452.944444444444
"species",22,22,300.730769230769,41.2307692307692,343.346153846154
"species",23,23,312.638888888889,31.9166666666667,380.583333333333
"species",24,24,312.638888888889,31.9166666666667,380.583333333333
"species",25,25,312.638888888889,31.9166666666667,380.583333333333
"species",26,26,300.730769230769,41.2307692307692,343.346153846154
"species",27,27,287.666666666667,34.25,497.083333333333
"species",28,28,311.928571428571,49.75,241.071428571429
"species",29,29,292.277777777778,24.6388888888889,452.944444444444
"species",30,30,300.730769230769,41.2307692307692,343.346153846154
"species",31,31,312.638888888889,31.9166666666667,380.583333333333
"species",32,32,300.730769230769,41.2307692307692,343.346153846154
"species",33,33,257.305555555556,53.8055555555556,716.944444444444
"species",34,34,312.638888888889,31.9166666666667,380.583333333333
"species",35,35,293.638888888889,33.3888888888889,616.888888888889
"species",36,36,278.805555555556,14.0277777777778,576.722222222222
"species",37,37,300.730769230769,41.2307692307692,343.346153846154
"species",38,38,293.638888888889,33.3888888888889,616.888888888889
"species",39,39,312.638888888889,31.9166666666667,380.583333333333
"species",40,40,287.222222222222,78.8611111111111,379.25
"species",41,41,312.638888888889,31.9166666666667,380.583333333333
"species",42,42,288.416666666667,26.7222222222222,611.416666666667
"species",43,43,312.638888888889,31.9166666666667,380.583333333333
"species",44,44,293.638888888889,33.3888888888889,616.888888888889
"species",45,45,264.151515151515,53.6969696969697,733.757575757576
"species",46,46,292.277777777778,24.6388888888889,452.944444444444
"species",47,47,287.222222222222,78.8611111111111,379.25
"species",48,48,292.277777777778,24.6388888888889,452.944444444444
"species",49,49,312.638888888889,31.9166666666667,380.583333333333
"species",50,50,292.277777777778,24.6388888888889,452.944444444444
"species",51,51,312.638888888889,31.9166666666667,380.583333333333
"species",52,52,292.888888888889,64.3888888888889,306.111111111111
"species",53,53,287.666666666667,34.25,497.083333333333
"species",54,54,287.666666666667,34.25,497.083333333333
"species",55,55,265.194444444444,23.0277777777778,718.166666666667
"species",56,56,312.638888888889,34.5833333333333,351.277777777778
"species",57,57,312.638888888889,31.9166666666667,380.583333333333
"species",58,58,265.194444444444,23.0277777777778,718.166666666667
"species",59,59,312.638888888889,31.9166666666667,380.583333333333
"species",60,60,300.730769230769,41.2307692307692,343.346153846154
"species",61,61,312.638888888889,31.9166666666667,380.583333333333
"species",62,62,287.666666666667,34.25,497.083333333333
"species",63,63,293.638888888889,33.3888888888889,616.888888888889
"species",64,64,312.638888888889,34.5833333333333,351.277777777778
"species",65,65,300.730769230769,41.2307692307692,343.346153846154
"species",66,66,293.638888888889,33.3888888888889,616.888888888889
"species",67,67,310.916666666667,18.0833333333333,534.222222222222
"species",68,68,301.888888888889,62.1388888888889,304.611111111111
"species",69,69,300.730769230769,41.2307692307692,343.346153846154
"species",70,70,292.277777777778,24.6388888888889,452.944444444444
"species",71,71,282.361111111111,54.5,580.083333333333
"species",72,72,300.730769230769,41.2307692307692,343.346153846154
"species",73,73,266.444444444444,38.5277777777778,568.166666666667
"species",74,74,264.151515151515,53.6969696969697,733.757575757576
"species",75,75,310.916666666667,18.0833333333333,534.222222222222
"species",76,76,257.305555555556,53.8055555555556,716.944444444444
"species",77,77,257.305555555556,53.8055555555556,716.944444444444
"species",78,78,291.222222222222,16.8888888888889,494.055555555556
"species",79,79,257.305555555556,53.8055555555556,716.944444444444
"species",80,80,308.361111111111,24.6111111111111,379.111111111111
"species",81,81,287.666666666667,34.25,497.083333333333
"species",82,82,312.638888888889,31.9166666666667,380.583333333333
"species",83,83,257.305555555556,53.8055555555556,716.944444444444
"species",84,84,287.666666666667,34.25,497.083333333333
"species",85,85,260.666666666667,24.5833333333333,718.055555555556
"species",86,86,287.666666666667,34.25,497.083333333333
"species",87,87,312.638888888889,31.9166666666667,380.583333333333
"species",88,88,264.151515151515,53.6969696969697,733.757575757576
"species",89,89,292.277777777778,24.6388888888889,452.944444444444
"species",90,90,312.638888888889,31.9166666666667,380.583333333333
"species",91,91,286.111111111111,9.52777777777778,590.055555555556
"species",92,92,276.666666666667,12.8611111111111,693.5
"species",93,93,312.638888888889,31.9166666666667,380.583333333333
"species",94,94,292.172413793103,66.0689655172414,730.827586206897
"species",95,95,265.194444444444,23.0277777777778,718.166666666667
"species",96,96,306.515151515152,61.9090909090909,290.878787878788
"species",97,97,293.638888888889,33.3888888888889,616.888888888889
"species",98,98,312.638888888889,31.9166666666667,380.583333333333
"species",99,99,292.277777777778,24.6388888888889,452.944444444444
"species",100,100,300.730769230769,41.2307692307692,343.346153846154
"species",101,101,264.151515151515,53.6969696969697,733.757575757576
"species",102,102,300.730769230769,41.2307692307692,343.346153846154
"species",103,103,313.333333333333,62.4444444444444,489.555555555556
"species",104,104,257.305555555556,53.8055555555556,716.944444444444
"species",105,105,282.305555555556,11.5277777777778,629.5
"species",106,106,292.888888888889,64.3888888888889,306.111111111111
"species",107,107,293.638888888889,33.3888888888889,616.888888888889
"species",108,108,300.730769230769,41.2307692307692,343.346153846154
"species",109,109,272,83.1944444444444,486.666666666667
"species",110,110,292.277777777778,24.6388888888889,452.944444444444
"species",111,111,312.638888888889,34.5833333333333,351.277777777778
"species",112,112,312.638888888889,31.9166666666667,380.583333333333
"species",113,113,312.638888888889,31.9166666666667,380.583333333333
"species",114,114,291.222222222222,16.8888888888889,494.055555555556
"species",115,115,300.730769230769,41.2307692307692,343.346153846154
"species",116,116,287.666666666667,34.25,497.083333333333
"species",117,117,265.194444444444,23.0277777777778,718.166666666667
"species",118,118,278.805555555556,14.0277777777778,576.722222222222
"species",119,119,312.638888888889,31.9166666666667,380.583333333333
"species",120,120,293.638888888889,33.3888888888889,616.888888888889
"species",121,121,300.730769230769,41.2307692307692,343.346153846154
"species",122,122,300.730769230769,41.2307692307692,343.346153846154
"species",123,123,310.916666666667,18.0833333333333,534.222222222222
"species",124,124,278.555555555556,78.3333333333333,370.916666666667
"species",125,125,300.730769230769,41.2307692307692,343.346153846154
"species",126,126,293.638888888889,33.3888888888889,616.888888888889
"species",127,127,292.277777777778,24.6388888888889,452.944444444444
"species",128,128,300.730769230769,41.2307692307692,343.346153846154
"species",129,129,312.638888888889,31.9166666666667,380.583333333333
"species",130,130,257.305555555556,53.8055555555556,716.944444444444
"species",131,131,300.730769230769,41.2307692307692,343.346153846154
"species",132,132,312.638888888889,31.9166666666667,380.583333333333
"species",133,133,300.730769230769,41.2307692307692,343.346153846154
"species",134,134,264.151515151515,53.6969696969697,733.757575757576
"species",135,135,312.638888888889,31.9166666666667,380.583333333333
"species",136,136,287.666666666667,34.25,497.083333333333
"species",137,137,313.333333333333,62.4444444444444,489.555555555556
