"species","x","y","bio5","bio14","bio18"
"background",1,1,286.944444444444,30.6111111111111,279.416666666667
"background",2,2,340.888888888889,3.22222222222222,397.833333333333
"background",3,3,343.888888888889,8.69444444444444,469.444444444444
"background",4,4,329.666666666667,89.0277777777778,278.527777777778
"background",5,5,317.75,11.1666666666667,415.722222222222
"background",6,6,328.583333333333,33.6388888888889,130.138888888889
"background",7,7,266.444444444444,38.5277777777778,568.166666666667
"background",8,8,272,117.083333333333,455.222222222222
"background",9,9,260.388888888889,100.111111111111,492.861111111111
"background",10,10,328.277777777778,10.8333333333333,118.805555555556
"background",11,11,346.111111111111,3.38888888888889,216.111111111111
"background",12,12,319.694444444444,42.4722222222222,517.083333333333
"background",13,13,313.361111111111,26.7777777777778,512.222222222222
"background",14,14,309.527777777778,174.861111111111,586.916666666667
"background",15,15,326.472222222222,3.88888888888889,68.5
"background",16,16,333.611111111111,3.16666666666667,430.333333333333
"background",17,17,342.527777777778,9.61111111111111,536.861111111111
"background",18,18,332.277777777778,15.5555555555556,575.638888888889
"background",19,19,318,13.6388888888889,399.611111111111
"background",20,20,355.555555555556,6.13888888888889,340.5
"background",21,21,292.888888888889,8.77777777777778,407.027777777778
"background",22,22,322.194444444444,0.972222222222222,262.861111111111
"background",23,23,335.583333333333,4.08333333333333,233.388888888889
"background",24,24,311.388888888889,4.47222222222222,389.055555555556
"background",25,25,313.666666666667,28.1111111111111,437.055555555556
