"species","x","y","bio5","bio14","bio18"
"background",1,1,312.638888888889,31.9166666666667,380.583333333333
"background",2,2,297.333333333333,6.02777777777778,230.555555555556
"background",3,3,273.388888888889,20.0277777777778,241.75
"background",4,4,320.305555555556,53.9444444444444,245.611111111111
"background",5,5,347.083333333333,3.05555555555556,414.111111111111
"background",6,6,320.194444444444,43.5555555555556,232.416666666667
"background",7,7,349.777777777778,5.13888888888889,549.166666666667
"background",8,8,352.305555555556,1.22222222222222,541.527777777778
"background",9,9,308.361111111111,24.6111111111111,379.111111111111
"background",10,10,332.777777777778,44.5833333333333,156.805555555556
"background",11,11,345.888888888889,20.8611111111111,430.611111111111
"background",12,12,316.805555555556,9.80555555555556,691.972222222222
"background",13,13,327.361111111111,1.30555555555556,202.555555555556
"background",14,14,339.361111111111,4.30555555555556,459.388888888889
"background",15,15,295.416666666667,3.30555555555556,158.583333333333
"background",16,16,262.833333333333,122.444444444444,460.111111111111
