"species","x","y","bio5","bio14","bio18"
"background",1,1,295.111111111111,17.7222222222222,251.75
"background",2,2,316.916666666667,64.75,589.361111111111
"background",3,3,311.194444444444,30.4166666666667,190.555555555556
"background",4,4,317.972222222222,25.7777777777778,225.916666666667
"background",5,5,311.928571428571,49.75,241.071428571429
"background",6,6,342.861111111111,2.13888888888889,154.5
"background",7,7,317.222222222222,30.3055555555556,481.5
"background",8,8,315.277777777778,8.19444444444444,297.833333333333
"background",9,9,343.916666666667,11.9444444444444,336.416666666667
"background",10,10,343.472222222222,0.583333333333333,152.277777777778
"background",11,11,321.111111111111,144.194444444444,471.611111111111
"background",12,12,347.055555555556,8.72222222222222,311.75
"background",13,13,313.666666666667,22.5833333333333,563.555555555556
"background",14,14,302.138888888889,12.75,307.333333333333
"background",15,15,274.583333333333,81.2916666666667,570.375
"background",16,16,320.777777777778,6.5,353.25
"background",17,17,343.277777777778,8.08333333333333,75.9722222222222
"background",18,18,337.888888888889,4.05555555555556,410.722222222222
"background",19,19,319.361111111111,32.0277777777778,528.222222222222
"background",20,20,309.5,33.5277777777778,530.138888888889
"background",21,21,295.166666666667,126.5,536.222222222222
"background",22,22,317.75,11.1666666666667,415.722222222222
"background",23,23,298.888888888889,12.3611111111111,485.222222222222
"background",24,24,312.916666666667,64.7222222222222,483.972222222222
"background",25,25,343.388888888889,0.527777777777778,182.861111111111
"background",26,26,340.777777777778,3.58333333333333,415.583333333333
"background",27,27,330.916666666667,23.4444444444444,124.444444444444
"background",28,28,309.972222222222,156.638888888889,620.027777777778
"background",29,29,302.472222222222,20.0277777777778,599.166666666667
"background",30,30,305.305555555556,212.194444444444,710.5
"background",31,31,332.5,69.6388888888889,240.666666666667
"background",32,32,312.361111111111,199.083333333333,610.694444444444
"background",33,33,340.666666666667,53.9166666666667,194.277777777778
"background",34,34,320.111111111111,17.2777777777778,561.222222222222
"background",35,35,304.416666666667,4.91666666666667,339.416666666667
"background",36,36,281.444444444444,103.277777777778,537.916666666667
"background",37,37,312.638888888889,34.5833333333333,351.277777777778
"background",38,38,312.638888888889,31.9166666666667,380.583333333333
"background",39,39,342.416666666667,2.19444444444444,93.5555555555556
"background",40,40,332.777777777778,44.5833333333333,156.805555555556
"background",41,41,329.638888888889,19.7222222222222,142.222222222222
"background",42,42,324.694444444444,40.9444444444444,174.527777777778
"background",43,43,329.75,15.3055555555556,465.694444444444
"background",44,44,351.194444444444,0.916666666666667,180
"background",45,45,321.055555555556,1.47222222222222,162.527777777778
"background",46,46,261.888888888889,74.3055555555556,502.972222222222
"background",47,47,321.083333333333,156.972222222222,505.75
"background",48,48,328.833333333333,5.11111111111111,445.222222222222
"background",49,49,262.833333333333,122.444444444444,460.111111111111
"background",50,50,312.972222222222,19.5277777777778,527.083333333333
"background",51,51,318.611111111111,59,287.638888888889
"background",52,52,351.138888888889,3.5,466.027777777778
"background",53,53,319.861111111111,36.25,142.027777777778
"background",54,54,323.638888888889,44.25,179.222222222222
"background",55,55,339.916666666667,28.3333333333333,468.722222222222
"background",56,56,354.638888888889,9.36111111111111,75.4166666666667
"background",57,57,326.472222222222,3.88888888888889,68.5
"background",58,58,332.972222222222,48.7222222222222,323.888888888889
"background",59,59,330.333333333333,14.6666666666667,351.305555555556
"background",60,60,320.5,86.3333333333333,396.25
"background",61,61,349.388888888889,1.11111111111111,439.722222222222
"background",62,62,315.5,7.11111111111111,683.916666666667
"background",63,63,312.111111111111,148.472222222222,601.361111111111
"background",64,64,300.972222222222,5.97222222222222,189.138888888889
"background",65,65,336.722222222222,26.2222222222222,552.888888888889
"background",66,66,259.472222222222,104.944444444444,438.222222222222
"background",67,67,307.388888888889,220.527777777778,795.277777777778
"background",68,68,315.777777777778,162.416666666667,541.194444444444
"background",69,69,343.083333333333,0,170.027777777778
"background",70,70,320.305555555556,53.9444444444444,245.611111111111
"background",71,71,322.444444444444,66.5833333333333,285.833333333333
"background",72,72,340.527777777778,7.27777777777778,118.305555555556
"background",73,73,320.027777777778,36.5,584.194444444444
"background",74,74,309.5,185.194444444444,657.333333333333
"background",75,75,300.730769230769,41.2307692307692,343.346153846154
"background",76,76,288.944444444444,125.027777777778,470.5
"background",77,77,322.611111111111,60.6944444444444,284.166666666667
"background",78,78,331.916666666667,12.1388888888889,396.5
"background",79,79,327.361111111111,1.30555555555556,202.555555555556
"background",80,80,273.888888888889,61.8055555555556,487.805555555556
"background",81,81,303.083333333333,4.97222222222222,356.277777777778
"background",82,82,309.388888888889,23.2222222222222,174.277777777778
"background",83,83,310.916666666667,18.0833333333333,534.222222222222
"background",84,84,332.555555555556,4.69444444444444,70.6111111111111
"background",85,85,265.833333333333,93.0833333333333,505.166666666667
"background",86,86,321.805555555556,54.5,266.5
"background",87,87,339.388888888889,9.66666666666667,154.361111111111
"background",88,88,321.916666666667,46.6944444444444,232.416666666667
"background",89,89,312.416666666667,6.5,757.666666666667
"background",90,90,350.527777777778,2.5,289.75
"background",91,91,325.888888888889,0.5,281.722222222222
"background",92,92,340.111111111111,7.69444444444444,345.777777777778
"background",93,93,310.805555555556,57.6111111111111,439.138888888889
"background",94,94,324.611111111111,109.361111111111,349.944444444444
"background",95,95,331.277777777778,2.80555555555556,166.833333333333
"background",96,96,277.944444444444,11.4722222222222,732.222222222222
"background",97,97,312.083333333333,37.3333333333333,305.888888888889
"background",98,98,321.444444444444,8.97222222222222,350.5
"background",99,99,306.722222222222,129.5,411.194444444444
"background",100,100,312.333333333333,2.52777777777778,311.25
"background",101,101,322.527777777778,20.2777777777778,201.944444444444
"background",102,102,308.305555555556,15.0277777777778,436.833333333333
"background",103,103,343.888888888889,8.69444444444444,469.444444444444
"background",104,104,315.888888888889,70.5833333333333,621.388888888889
"background",105,105,317.972222222222,54.9722222222222,583.25
"background",106,106,306.583333333333,19.4444444444444,353.444444444444
"background",107,107,318.694444444444,34.8055555555556,264.777777777778
"background",108,108,330.527777777778,45.75,193.388888888889
"background",109,109,314.305555555556,134.277777777778,628.916666666667
"background",110,110,327.055555555556,54.0277777777778,203.027777777778
"background",111,111,305.25,35.1666666666667,292.361111111111
"background",112,112,326.111111111111,95.5,342.861111111111
"background",113,113,266.444444444444,38.5277777777778,568.166666666667
"background",114,114,320.833333333333,29.3333333333333,598.333333333333
"background",115,115,313.130434782609,31,199.95652173913
"background",116,116,305.638888888889,104.027777777778,356.333333333333
"background",117,117,326.083333333333,55.2222222222222,247.305555555556
"background",118,118,332.527777777778,54.9166666666667,204.972222222222
"background",119,119,329.305555555556,3.36111111111111,438.861111111111
"background",120,120,314.25,89.3611111111111,633
"background",121,121,339.611111111111,12.7222222222222,258.361111111111
"background",122,122,320.722222222222,84.6111111111111,421.222222222222
"background",123,123,306.222222222222,17.5277777777778,581.888888888889
"background",124,124,329.972222222222,23.5,360.416666666667
"background",125,125,311.388888888889,4.47222222222222,389.055555555556
"background",126,126,315.25,103.555555555556,575.138888888889
"background",127,127,317.027777777778,2,142.583333333333
"background",128,128,352.388888888889,2.63888888888889,521.583333333333
"background",129,129,331.416666666667,56.9722222222222,373.277777777778
"background",130,130,336.944444444444,7.58333333333333,469.611111111111
"background",131,131,331.277777777778,14.5833333333333,313.388888888889
"background",132,132,324.25,19.0277777777778,91.1666666666667
"background",133,133,286.888888888889,14.5277777777778,613.583333333333
"background",134,134,298.055555555556,119.388888888889,420.972222222222
"background",135,135,326.361111111111,18.1111111111111,379.388888888889
"background",136,136,345.888888888889,20.8611111111111,430.611111111111
"background",137,137,315.194444444444,19.6666666666667,445.444444444444
"background",138,138,343.111111111111,13.25,75.1944444444444
"background",139,139,356.5,4.55555555555556,548.194444444444
"background",140,140,341.972222222222,8.47222222222222,284.444444444444
"background",141,141,292.888888888889,8.77777777777778,407.027777777778
"background",142,142,346.305555555556,7.36111111111111,249.472222222222
"background",143,143,325.472222222222,2.83333333333333,200.666666666667
"background",144,144,312.444444444444,112.166666666667,627.583333333333
"background",145,145,346.694444444444,0.472222222222222,230.777777777778
"background",146,146,327.527777777778,21.9444444444444,468.027777777778
"background",147,147,323.833333333333,55.5,247.833333333333
"background",148,148,335.722222222222,24.9444444444444,491.916666666667
