"species","x","y","bio5","bio14","bio18"
"species",1,1,287.666666666667,34.25,497.083333333333
"species",2,2,312.638888888889,31.9166666666667,380.583333333333
"species",3,3,257.305555555556,53.8055555555556,716.944444444444
"species",4,4,287.666666666667,34.25,497.083333333333
"species",5,5,300.730769230769,41.2307692307692,343.346153846154
"species",6,6,292.172413793103,66.0689655172414,730.827586206897
"species",7,7,291.222222222222,16.8888888888889,494.055555555556
"species",8,8,312.638888888889,31.9166666666667,380.583333333333
"species",9,9,312.638888888889,31.9166666666667,380.583333333333
"species",10,10,292.277777777778,24.6388888888889,452.944444444444
"species",11,11,257.305555555556,53.8055555555556,716.944444444444
"species",12,12,264.151515151515,53.6969696969697,733.757575757576
"species",13,13,278.805555555556,14.0277777777778,576.722222222222
"species",14,14,264.151515151515,53.6969696969697,733.757575757576
"species",15,15,300.730769230769,41.2307692307692,343.346153846154
"species",16,16,282.361111111111,54.5,580.083333333333
"species",17,17,264.151515151515,53.6969696969697,733.757575757576
"species",18,18,312.638888888889,34.5833333333333,351.277777777778
"species",19,19,310.916666666667,18.0833333333333,534.222222222222
"species",20,20,300.730769230769,41.2307692307692,343.346153846154
"species",21,21,292.172413793103,66.0689655172414,730.827586206897
"species",22,22,286.111111111111,9.52777777777778,590.055555555556
"species",23,23,300.730769230769,41.2307692307692,343.346153846154
"species",24,24,292.888888888889,64.3888888888889,306.111111111111
"species",25,25,312.638888888889,31.9166666666667,380.583333333333
"species",26,26,292.277777777778,24.6388888888889,452.944444444444
"species",27,27,265.194444444444,23.0277777777778,718.166666666667
"species",28,28,292.172413793103,66.0689655172414,730.827586206897
"species",29,29,312.638888888889,31.9166666666667,380.583333333333
"species",30,30,301.888888888889,62.1388888888889,304.611111111111
"species",31,31,304.083333333333,13.5833333333333,493.027777777778
"species",32,32,312.638888888889,31.9166666666667,380.583333333333
"species",33,33,312.638888888889,31.9166666666667,380.583333333333
"species",34,34,292.888888888889,64.3888888888889,306.111111111111
"species",35,35,264.151515151515,53.6969696969697,733.757575757576
"species",36,36,312.638888888889,31.9166666666667,380.583333333333
"species",37,37,265.194444444444,23.0277777777778,718.166666666667
"species",38,38,312.638888888889,31.9166666666667,380.583333333333
"species",39,39,272,83.1944444444444,486.666666666667
"species",40,40,292.277777777778,24.6388888888889,452.944444444444
"species",41,41,292.888888888889,64.3888888888889,306.111111111111
"species",42,42,293.638888888889,33.3888888888889,616.888888888889
"species",43,43,278.555555555556,78.3333333333333,370.916666666667
"species",44,44,313.333333333333,62.4444444444444,489.555555555556
"species",45,45,287.666666666667,34.25,497.083333333333
"species",46,46,335.722222222222,24.9444444444444,491.916666666667
"species",47,47,312.638888888889,31.9166666666667,380.583333333333
"species",48,48,282.305555555556,11.5277777777778,629.5
"species",49,49,312.638888888889,31.9166666666667,380.583333333333
"species",50,50,300.730769230769,41.2307692307692,343.346153846154
"species",51,51,300.730769230769,41.2307692307692,343.346153846154
"species",52,52,287.666666666667,34.25,497.083333333333
"species",53,53,312.638888888889,31.9166666666667,380.583333333333
"species",54,54,311.928571428571,49.75,241.071428571429
"species",55,55,257.305555555556,53.8055555555556,716.944444444444
"species",56,56,312.638888888889,31.9166666666667,380.583333333333
"species",57,57,312.638888888889,31.9166666666667,380.583333333333
"species",58,58,312.638888888889,34.5833333333333,351.277777777778
"species",59,59,293.638888888889,33.3888888888889,616.888888888889
"species",60,60,265.194444444444,23.0277777777778,718.166666666667
"species",61,61,312.638888888889,31.9166666666667,380.583333333333
"species",62,62,300.730769230769,41.2307692307692,343.346153846154
"species",63,63,300.730769230769,41.2307692307692,343.346153846154
"species",64,64,312.638888888889,31.9166666666667,380.583333333333
"species",65,65,292.277777777778,24.6388888888889,452.944444444444
"species",66,66,300.730769230769,41.2307692307692,343.346153846154
"species",67,67,265.194444444444,23.0277777777778,718.166666666667
"species",68,68,287.666666666667,34.25,497.083333333333
"species",69,69,280.638888888889,23.4444444444444,601.305555555556
"species",70,70,293.638888888889,33.3888888888889,616.888888888889
"species",71,71,291.222222222222,16.8888888888889,494.055555555556
"species",72,72,257.305555555556,53.8055555555556,716.944444444444
"species",73,73,293.638888888889,33.3888888888889,616.888888888889
"species",74,74,300.730769230769,41.2307692307692,343.346153846154
"species",75,75,291.222222222222,16.8888888888889,494.055555555556
"species",76,76,300.730769230769,41.2307692307692,343.346153846154
"species",77,77,308.361111111111,24.6111111111111,379.111111111111
"species",78,78,278.555555555556,78.3333333333333,370.916666666667
"species",79,79,301.888888888889,62.1388888888889,304.611111111111
"species",80,80,265.194444444444,23.0277777777778,718.166666666667
"species",81,81,313.333333333333,62.4444444444444,489.555555555556
"species",82,82,292.172413793103,66.0689655172414,730.827586206897
"species",83,83,266.444444444444,38.5277777777778,568.166666666667
"species",84,84,293.638888888889,33.3888888888889,616.888888888889
"species",85,85,264.151515151515,53.6969696969697,733.757575757576
"species",86,86,300.730769230769,41.2307692307692,343.346153846154
"species",87,87,312.638888888889,31.9166666666667,380.583333333333
"species",88,88,292.277777777778,24.6388888888889,452.944444444444
"species",89,89,287.666666666667,34.25,497.083333333333
"species",90,90,264.151515151515,53.6969696969697,733.757575757576
"species",91,91,282.361111111111,54.5,580.083333333333
"species",92,92,257.305555555556,53.8055555555556,716.944444444444
"species",93,93,293.638888888889,33.3888888888889,616.888888888889
"species",94,94,300.730769230769,41.2307692307692,343.346153846154
"species",95,95,293.638888888889,33.3888888888889,616.888888888889
"species",96,96,312.638888888889,31.9166666666667,380.583333333333
"species",97,97,312.638888888889,31.9166666666667,380.583333333333
"species",98,98,265.194444444444,23.0277777777778,718.166666666667
"species",99,99,312.638888888889,34.5833333333333,351.277777777778
"species",100,100,293.638888888889,33.3888888888889,616.888888888889
"species",101,101,257.305555555556,53.8055555555556,716.944444444444
"species",102,102,300.730769230769,41.2307692307692,343.346153846154
"species",103,103,292.277777777778,24.6388888888889,452.944444444444
"species",104,104,287.666666666667,34.25,497.083333333333
"species",105,105,257.305555555556,53.8055555555556,716.944444444444
"species",106,106,291.222222222222,16.8888888888889,494.055555555556
"species",107,107,257.305555555556,53.8055555555556,716.944444444444
"species",108,108,292.172413793103,66.0689655172414,730.827586206897
"species",109,109,292.277777777778,24.6388888888889,452.944444444444
"species",110,110,264.151515151515,53.6969696969697,733.757575757576
"species",111,111,300.730769230769,41.2307692307692,343.346153846154
"species",112,112,293.638888888889,33.3888888888889,616.888888888889
"species",113,113,287.222222222222,78.8611111111111,379.25
"species",114,114,287.222222222222,78.8611111111111,379.25
"species",115,115,284.583333333333,19.8055555555556,622.388888888889
"species",116,116,300.730769230769,41.2307692307692,343.346153846154
"species",117,117,292.277777777778,24.6388888888889,452.944444444444
"species",118,118,292.277777777778,24.6388888888889,452.944444444444
"species",119,119,286.111111111111,9.52777777777778,590.055555555556
"species",120,120,300.730769230769,41.2307692307692,343.346153846154
"species",121,121,293.638888888889,33.3888888888889,616.888888888889
"species",122,122,312.638888888889,31.9166666666667,380.583333333333
"species",123,123,300.730769230769,41.2307692307692,343.346153846154
"species",124,124,300.730769230769,41.2307692307692,343.346153846154
"species",125,125,288.416666666667,26.7222222222222,611.416666666667
"species",126,126,312.638888888889,31.9166666666667,380.583333333333
"species",127,127,292.172413793103,66.0689655172414,730.827586206897
"species",128,128,291.222222222222,16.8888888888889,494.055555555556
"species",129,129,300.730769230769,41.2307692307692,343.346153846154
"species",130,130,312.638888888889,31.9166666666667,380.583333333333
"species",131,131,265.194444444444,23.0277777777778,718.166666666667
"species",132,132,293.638888888889,33.3888888888889,616.888888888889
"species",133,133,287.666666666667,34.25,497.083333333333
"species",134,134,300.730769230769,41.2307692307692,343.346153846154
