"species","x","y","bio5","bio14","bio18"
"background",1,1,291.777777777778,96.4444444444444,389.583333333333
"background",2,2,333.111111111111,26.4722222222222,313.805555555556
"background",3,3,332.5,69.6388888888889,240.666666666667
"background",4,4,293.833333333333,18.7777777777778,631.305555555556
"background",5,5,276.666666666667,12.8611111111111,693.5
"background",6,6,331.916666666667,12.1388888888889,396.5
"background",7,7,325.194444444444,25.6666666666667,497.111111111111
"background",8,8,315.083333333333,78.5,601.5
"background",9,9,325.088235294118,2.5,85.2058823529412
"background",10,10,334.277777777778,2.25,64.8333333333333
"background",11,11,304.666666666667,13.2777777777778,642.222222222222
"background",12,12,291.361111111111,57.7222222222222,493.916666666667
"background",13,13,286.111111111111,9.52777777777778,590.055555555556
"background",14,14,320.194444444444,43.5555555555556,232.416666666667
"background",15,15,313.666666666667,33.4722222222222,490
"background",16,16,321.055555555556,1.47222222222222,162.527777777778
"background",17,17,325.444444444444,49.75,221.111111111111
"background",18,18,348.527777777778,5,360.972222222222
"background",19,19,332.416666666667,6.97222222222222,325.027777777778
"background",20,20,322.611111111111,60.6944444444444,284.166666666667
"background",21,21,328.638888888889,86.8055555555556,321.25
"background",22,22,296.333333333333,7.47222222222222,628.027777777778
"background",23,23,328.75,14.3888888888889,434.944444444444
"background",24,24,324.611111111111,109.361111111111,349.944444444444
"background",25,25,312.972222222222,19.5277777777778,527.083333333333
"background",26,26,330.5,1.52777777777778,89.0833333333333
"background",27,27,339.916666666667,1,108.638888888889
"background",28,28,312.638888888889,31.9166666666667,380.583333333333
"background",29,29,319.424242424242,11.6969696969697,56.5454545454545
"background",30,30,291.944444444444,78.9444444444444,451.972222222222
"background",31,31,345.305555555556,2.27777777777778,438.222222222222
"background",32,32,336.027777777778,14.5,67.6666666666667
"background",33,33,323.25,65.5833333333333,571.972222222222
"background",34,34,322.444444444444,66.5833333333333,285.833333333333
"background",35,35,345.416666666667,2.77777777777778,461.222222222222
"background",36,36,274.75,74.0555555555556,467.888888888889
"background",37,37,340.555555555556,8.83333333333333,361.722222222222
"background",38,38,304.638888888889,2.52777777777778,484.138888888889
"background",39,39,349.388888888889,1.11111111111111,439.722222222222
"background",40,40,317.638888888889,59.8888888888889,523.444444444444
"background",41,41,325.861111111111,22.8055555555556,107.472222222222
"background",42,42,309.527777777778,174.861111111111,586.916666666667
"background",43,43,305.638888888889,104.027777777778,356.333333333333
"background",44,44,332.972222222222,48.7222222222222,323.888888888889
"background",45,45,336.722222222222,26.2222222222222,552.888888888889
"background",46,46,331.277777777778,2.80555555555556,166.833333333333
"background",47,47,310.444444444444,5.33333333333333,220.472222222222
"background",48,48,331.166666666667,68.3333333333333,229.611111111111
"background",49,49,305.25,2.11111111111111,258.694444444444
"background",50,50,320.027777777778,36.5,584.194444444444
"background",51,51,324.972222222222,28.4444444444444,446.5
"background",52,52,328.277777777778,10.8333333333333,118.805555555556
"background",53,53,339.666666666667,8.47222222222222,267.888888888889
"background",54,54,309.833333333333,211.25,650.777777777778
"background",55,55,319.638888888889,23.3888888888889,655.805555555556
"background",56,56,322.305555555556,105.444444444444,422.305555555556
"background",57,57,319.138888888889,161.388888888889,535.944444444444
"background",58,58,278.555555555556,78.3333333333333,370.916666666667
"background",59,59,335.027777777778,9.94444444444444,464.444444444444
"background",60,60,343.388888888889,0.527777777777778,182.861111111111
"background",61,61,318.583333333333,19.4722222222222,214.583333333333
"background",62,62,328.416666666667,49.6111111111111,543.944444444444
"background",63,63,339.916666666667,28.3333333333333,468.722222222222
"background",64,64,339.416666666667,2.52777777777778,440.861111111111
"background",65,65,318.333333333333,58.8611111111111,374.666666666667
"background",66,66,313.666666666667,102.472222222222,366.944444444444
"background",67,67,343.388888888889,4.55555555555556,487.583333333333
"background",68,68,290.138888888889,6.33333333333333,231.5
"background",69,69,304.972222222222,73.8055555555556,288.111111111111
"background",70,70,318.888888888889,2.61111111111111,194.222222222222
"background",71,71,327.694444444444,80.2222222222222,290.333333333333
"background",72,72,354.361111111111,6.58333333333333,608.444444444444
"background",73,73,344,3.86111111111111,242.888888888889
"background",74,74,312.448275862069,8,246.965517241379
"background",75,75,338.861111111111,5.77777777777778,141.166666666667
"background",76,76,315.5,7.11111111111111,683.916666666667
"background",77,77,336.305555555556,11.8888888888889,179.361111111111
"background",78,78,332.555555555556,4.69444444444444,70.6111111111111
"background",79,79,317.027777777778,0.638888888888889,214.527777777778
"background",80,80,305.555555555556,7.75,585.5
"background",81,81,317.027777777778,2,142.583333333333
"background",82,82,333.666666666667,4.36111111111111,45.1944444444444
"background",83,83,322.888888888889,62.4722222222222,393.277777777778
"background",84,84,347.083333333333,3.05555555555556,414.111111111111
"background",85,85,297.583333333333,105.222222222222,560.111111111111
"background",86,86,342.611111111111,22.6111111111111,534.138888888889
"background",87,87,309.5,185.194444444444,657.333333333333
"background",88,88,283.666666666667,87.5151515151515,294.090909090909
"background",89,89,305.305555555556,212.194444444444,710.5
"background",90,90,320.5,86.3333333333333,396.25
"background",91,91,287.777777777778,101.666666666667,417.666666666667
"background",92,92,307,6.52777777777778,467.361111111111
"background",93,93,327.333333333333,81.3055555555556,361.194444444444
"background",94,94,309.388888888889,23.2222222222222,174.277777777778
"background",95,95,347.055555555556,8.72222222222222,311.75
"background",96,96,304.416666666667,4.91666666666667,339.416666666667
"background",97,97,347.194444444444,4.25,114.583333333333
"background",98,98,343.277777777778,8.08333333333333,75.9722222222222
"background",99,99,273.888888888889,61.8055555555556,487.805555555556
"background",100,100,296.5,8.02777777777778,564.472222222222
"background",101,101,312.083333333333,37.3333333333333,305.888888888889
"background",102,102,326.055555555556,22.6666666666667,101.694444444444
"background",103,103,323,47.7777777777778,218.611111111111
"background",104,104,334.444444444444,37.2777777777778,400.583333333333
"background",105,105,334.611111111111,4.97222222222222,369.444444444444
"background",106,106,329.638888888889,19.7222222222222,142.222222222222
"background",107,107,336.305555555556,50.8611111111111,442.111111111111
"background",108,108,340.527777777778,0.583333333333333,227.583333333333
"background",109,109,340.527777777778,7.27777777777778,118.305555555556
"background",110,110,336.472222222222,22.4722222222222,365.527777777778
"background",111,111,313.277777777778,132.416666666667,643.944444444444
"background",112,112,317.805555555556,8.22222222222222,354.944444444444
"background",113,113,308.277777777778,13.9722222222222,621.194444444444
"background",114,114,336.361111111111,43.3333333333333,458.5
"background",115,115,292.172413793103,66.0689655172414,730.827586206897
"background",116,116,350.527777777778,2.5,289.75
"background",117,117,310.25,2.83333333333333,90.8055555555556
"background",118,118,344.416666666667,1.5,175.861111111111
"background",119,119,323.833333333333,61.6944444444444,235.055555555556
"background",120,120,356.194444444444,3.80555555555556,627.972222222222
"background",121,121,295.5,7.22222222222222,382.527777777778
"background",122,122,327.342857142857,18.6571428571429,104.828571428571
"background",123,123,345.888888888889,20.8611111111111,430.611111111111
"background",124,124,346.611111111111,3.44444444444444,476
"background",125,125,331.944444444444,8.55555555555556,334.805555555556
"background",126,126,329.75,15.3055555555556,465.694444444444
"background",127,127,317.222222222222,30.3055555555556,481.5
"background",128,128,323.583333333333,50.8888888888889,250.305555555556
"background",129,129,326.472222222222,3.88888888888889,68.5
"background",130,130,315.888888888889,70.5833333333333,621.388888888889
"background",131,131,327.916666666667,41.7777777777778,198.222222222222
"background",132,132,323.305555555556,120.944444444444,406.638888888889
"background",133,133,315.527777777778,5.94444444444444,617.027777777778
"background",134,134,328.777777777778,45.2777777777778,348.972222222222
"background",135,135,338.333333333333,30.3888888888889,347.527777777778
"background",136,136,303.083333333333,4.97222222222222,356.277777777778
"background",137,137,336.527777777778,26.9722222222222,477.027777777778
"background",138,138,321.083333333333,7.97222222222222,267.666666666667
"background",139,139,330.527777777778,45.75,193.388888888889
"background",140,140,349.777777777778,5.13888888888889,549.166666666667
"background",141,141,317.916666666667,52.1111111111111,566.722222222222
"background",142,142,325.694444444444,75.3611111111111,347.611111111111
"background",143,143,307.416666666667,25.3055555555556,514.138888888889
"background",144,144,277.944444444444,11.4722222222222,732.222222222222
"background",145,145,329.666666666667,89.0277777777778,278.527777777778
"background",146,146,330.916666666667,23.4444444444444,124.444444444444
"background",147,147,312.583333333333,79.6944444444444,384.75
"background",148,148,306.444444444444,34.5277777777778,197.138888888889
