"species","x","y","bio5","bio14","bio18"
"background",1,1,339.833333333333,31.4444444444444,507.388888888889
"background",2,2,303.194444444444,77.2777777777778,495.638888888889
"background",3,3,318.861111111111,18.5555555555556,554.444444444444
"background",4,4,351.833333333333,9.25,370
"background",5,5,320.472222222222,2.61111111111111,63.1944444444444
"background",6,6,298,8.63888888888889,387.805555555556
"background",7,7,320.222222222222,0.472222222222222,248.166666666667
"background",8,8,346.611111111111,3.44444444444444,476
"background",9,9,320.888888888889,80.9166666666667,591.25
"background",10,10,334.277777777778,97.6666666666667,310.861111111111
"background",11,11,338.861111111111,5.77777777777778,141.166666666667
"background",12,12,318.305555555556,5.41666666666667,218.805555555556
"background",13,13,344.055555555556,17.4166666666667,383.75
"background",14,14,321.916666666667,72.6111111111111,618.083333333333
"background",15,15,324.555555555556,21.1111111111111,317.25
"background",16,16,292.888888888889,8.77777777777778,407.027777777778
"background",17,17,338.194444444444,10.5555555555556,507.805555555556
"background",18,18,355.944444444444,9.72222222222222,382.972222222222
"background",19,19,326.25,104.583333333333,374.777777777778
"background",20,20,312.916666666667,64.7222222222222,483.972222222222
"background",21,21,258.805555555556,26.8611111111111,683.277777777778
"background",22,22,330.055555555556,67.0277777777778,261.833333333333
"background",23,23,315.833333333333,91.3055555555556,480.444444444444
"background",24,24,321.5,3.69444444444444,354.916666666667
"background",25,25,311.194444444444,30.4166666666667,190.555555555556
