"species","x","y","bio5","bio14","bio18"
"background",1,1,322.777777777778,138.222222222222,517.805555555556
"background",2,2,344.333333333333,2.16666666666667,406.5
"background",3,3,323,47.7777777777778,218.611111111111
"background",4,4,331.305555555556,2.36111111111111,420.861111111111
"background",5,5,290.583333333333,7.30555555555556,657.305555555556
"background",6,6,328.416666666667,22.2777777777778,340.388888888889
"background",7,7,302.138888888889,12.75,307.333333333333
"background",8,8,322.694444444444,78.5,479.944444444444
"background",9,9,291.361111111111,57.7222222222222,493.916666666667
"background",10,10,332.222222222222,69.0833333333333,301
"background",11,11,306.888888888889,9.33333333333333,440.111111111111
"background",12,12,326.416666666667,78.5,333.333333333333
"background",13,13,325.888888888889,0.5,281.722222222222
"background",14,14,336.527777777778,11.4444444444444,599.138888888889
"background",15,15,339.222222222222,0.722222222222222,143.305555555556
"background",16,16,350.722222222222,0.888888888888889,131.944444444444
"background",17,17,335.027777777778,43.3055555555556,309.027777777778
"background",18,18,329.305555555556,3.36111111111111,438.861111111111
"background",19,19,309.722222222222,5.55555555555556,171.666666666667
"background",20,20,349.555555555556,2.58333333333333,421.027777777778
"background",21,21,329.027777777778,84.8888888888889,270.5
"background",22,22,319.861111111111,36.25,142.027777777778
"background",23,23,319.916666666667,54,545.722222222222
"background",24,24,313.333333333333,62.4444444444444,489.555555555556
"background",25,25,344.305555555556,0.277777777777778,147.833333333333
"background",26,26,330.916666666667,23.4444444444444,124.444444444444
"background",27,27,321.444444444444,5.47222222222222,379.472222222222
"background",28,28,320.555555555556,27.25,121.722222222222
"background",29,29,281.861111111111,81.5833333333333,523.333333333333
"background",30,30,335.75,1.47222222222222,398.416666666667
"background",31,31,349.972222222222,9.22222222222222,81.9722222222222
"background",32,32,324.694444444444,40.9444444444444,174.527777777778
"background",33,33,312.972222222222,19.5277777777778,527.083333333333
"background",34,34,312.694444444444,29.5555555555556,169.805555555556
"background",35,35,327.333333333333,81.3055555555556,361.194444444444
"background",36,36,328.25,74.75,263.222222222222
"background",37,37,329.222222222222,31.9444444444444,482.861111111111
"background",38,38,306.515151515152,61.9090909090909,290.878787878788
"background",39,39,332.527777777778,54.9166666666667,204.972222222222
"background",40,40,329.861111111111,16.0833333333333,186.555555555556
"background",41,41,295.416666666667,3.30555555555556,158.583333333333
"background",42,42,325.592592592593,7.7037037037037,32.1481481481481
"background",43,43,284.944444444444,8.5,562.527777777778
"background",44,44,328.916666666667,16.5,129.472222222222
"background",45,45,313.611111111111,12.0555555555556,429.416666666667
"background",46,46,316.888888888889,57.8888888888889,581.888888888889
"background",47,47,303.5,11,664.527777777778
"background",48,48,340.888888888889,3.22222222222222,397.833333333333
"background",49,49,315.777777777778,4.41666666666667,193.527777777778
"background",50,50,268.777777777778,20.5,678
"background",51,51,317.861111111111,69.7777777777778,553.555555555556
"background",52,52,314.5,5.38888888888889,183.444444444444
"background",53,53,327.888888888889,9.02777777777778,537.722222222222
"background",54,54,315.722222222222,3.30555555555556,215.111111111111
"background",55,55,317,79.4722222222222,651.333333333333
"background",56,56,324.305555555556,15.0555555555556,376.694444444444
"background",57,57,265.4,93.4857142857143,475.971428571429
"background",58,58,317.388888888889,41.5277777777778,555.055555555556
"background",59,59,333.027777777778,4.97222222222222,453.972222222222
"background",60,60,316.75,11.0555555555556,539.861111111111
"background",61,61,334.416666666667,14.5555555555556,275.138888888889
"background",62,62,317.861111111111,13.8611111111111,194.888888888889
"background",63,63,281.444444444444,103.277777777778,537.916666666667
"background",64,64,315.166666666667,99.5833333333333,658.388888888889
"background",65,65,335.416666666667,0.5,255.944444444444
"background",66,66,260.388888888889,100.111111111111,492.861111111111
"background",67,67,326.361111111111,18.1111111111111,379.388888888889
"background",68,68,321.916666666667,46.6944444444444,232.416666666667
"background",69,69,337.527777777778,0.0277777777777778,275.944444444444
"background",70,70,327.583333333333,67.2777777777778,283.333333333333
"background",71,71,322.611111111111,60.6944444444444,284.166666666667
"background",72,72,343.888888888889,8.69444444444444,469.444444444444
"background",73,73,314.75,3.91666666666667,230.527777777778
"background",74,74,270.666666666667,15,684.694444444444
"background",75,75,339.25,25.2777777777778,513.388888888889
"background",76,76,325.805555555556,2.80555555555556,159.611111111111
"background",77,77,319.944444444444,78.0277777777778,355.361111111111
"background",78,78,302.472222222222,20.0277777777778,599.166666666667
"background",79,79,317.5,62.8611111111111,571.555555555556
"background",80,80,337.888888888889,4.05555555555556,410.722222222222
"background",81,81,322.833333333333,85.2777777777778,389.166666666667
"background",82,82,287.777777777778,101.666666666667,417.666666666667
"background",83,83,354.638888888889,9.36111111111111,75.4166666666667
"background",84,84,314.666666666667,23.7777777777778,456.5
"background",85,85,316.305555555556,26.5833333333333,489.166666666667
"background",86,86,315.5,26.6388888888889,228.5
"background",87,87,349.777777777778,5.13888888888889,549.166666666667
"background",88,88,316.444444444444,183.638888888889,655.861111111111
"background",89,89,323.777777777778,12.1388888888889,375.527777777778
"background",90,90,331.944444444444,30,133.555555555556
"background",91,91,309.833333333333,211.25,650.777777777778
"background",92,92,284.611111111111,116.555555555556,442.944444444444
"background",93,93,325.088235294118,2.5,85.2058823529412
"background",94,94,328.444444444444,3.08333333333333,130.666666666667
"background",95,95,257.305555555556,53.8055555555556,716.944444444444
"background",96,96,295,4.88888888888889,279.194444444444
"background",97,97,323.638888888889,44.25,179.222222222222
"background",98,98,317.638888888889,33.9166666666667,155.277777777778
"background",99,99,319.111111111111,177.555555555556,714.305555555556
"background",100,100,283.972222222222,20.4166666666667,643.305555555556
"background",101,101,309.5,33.5277777777778,530.138888888889
"background",102,102,315.888888888889,70.5833333333333,621.388888888889
"background",103,103,286.111111111111,9.52777777777778,590.055555555556
"background",104,104,329.527777777778,0.0833333333333333,240.805555555556
"background",105,105,344.805555555556,1.61111111111111,31.75
"background",106,106,312.333333333333,2.52777777777778,311.25
"background",107,107,290.833333333333,12.9444444444444,300.638888888889
"background",108,108,296.416666666667,28.1666666666667,262.777777777778
"background",109,109,307,6.52777777777778,467.361111111111
"background",110,110,351.833333333333,9.25,370
"background",111,111,339.916666666667,28.3333333333333,468.722222222222
"background",112,112,290.666666666667,41.9722222222222,506.472222222222
"background",113,113,297.333333333333,6.02777777777778,230.555555555556
"background",114,114,327.222222222222,96.4722222222222,327.083333333333
"background",115,115,315.277777777778,8.19444444444444,297.833333333333
"background",116,116,272,117.083333333333,455.222222222222
"background",117,117,333.666666666667,4.36111111111111,45.1944444444444
"background",118,118,333.833333333333,7.72222222222222,251.472222222222
"background",119,119,291.777777777778,96.4444444444444,389.583333333333
"background",120,120,288.416666666667,26.7222222222222,611.416666666667
"background",121,121,324.166666666667,62.8055555555556,242.055555555556
"background",122,122,342.416666666667,2.19444444444444,93.5555555555556
"background",123,123,293.638888888889,33.3888888888889,616.888888888889
"background",124,124,334.611111111111,19.8333333333333,200.111111111111
"background",125,125,326,35.8055555555556,472.777777777778
"background",126,126,339.611111111111,12.7222222222222,258.361111111111
"background",127,127,325.472222222222,2.83333333333333,200.666666666667
"background",128,128,344.416666666667,1.5,175.861111111111
"background",129,129,331.944444444444,8.55555555555556,334.805555555556
"background",130,130,328.416666666667,207.305555555556,706.388888888889
"background",131,131,322.888888888889,62.4722222222222,393.277777777778
"background",132,132,315.138888888889,76.8611111111111,668.666666666667
"background",133,133,305.25,2.11111111111111,258.694444444444
"background",134,134,333.083333333333,11.8888888888889,488.916666666667
"background",135,135,295.166666666667,126.5,536.222222222222
"background",136,136,321.444444444444,129.972222222222,419.083333333333
"background",137,137,265.833333333333,93.0833333333333,505.166666666667
"background",138,138,288.194444444444,80.6111111111111,361.027777777778
"background",139,139,332.333333333333,27.9444444444444,554.583333333333
"background",140,140,318.5,28.2222222222222,650.083333333333
"background",141,141,343.277777777778,8.08333333333333,75.9722222222222
"background",142,142,276.666666666667,12.8611111111111,693.5
"background",143,143,313.666666666667,33.4722222222222,490
"background",144,144,311.416666666667,162.166666666667,591.25
"background",145,145,323.583333333333,50.8888888888889,250.305555555556
"background",146,146,318.166666666667,97.6388888888889,650.055555555556
"background",147,147,330.222222222222,26.1111111111111,309.083333333333
"background",148,148,317.916666666667,52.1111111111111,566.722222222222
