"species","x","y","bio5","bio14","bio18"
"species",1,1,292.277777777778,24.6388888888889,452.944444444444
"species",2,2,286.111111111111,9.52777777777778,590.055555555556
"species",3,3,293.638888888889,33.3888888888889,616.888888888889
"species",4,4,312.638888888889,31.9166666666667,380.583333333333
"species",5,5,292.277777777778,24.6388888888889,452.944444444444
"species",6,6,265.194444444444,23.0277777777778,718.166666666667
"species",7,7,274.583333333333,81.2916666666667,570.375
"species",8,8,292.888888888889,64.3888888888889,306.111111111111
"species",9,9,312.638888888889,31.9166666666667,380.583333333333
"species",10,10,300.730769230769,41.2307692307692,343.346153846154
"species",11,11,257.305555555556,53.8055555555556,716.944444444444
"species",12,12,312.638888888889,31.9166666666667,380.583333333333
"species",13,13,312.638888888889,31.9166666666667,380.583333333333
"species",14,14,282.361111111111,54.5,580.083333333333
"species",15,15,257.305555555556,53.8055555555556,716.944444444444
"species",16,16,292.172413793103,66.0689655172414,730.827586206897
"species",17,17,287.666666666667,34.25,497.083333333333
"species",18,18,312.638888888889,31.9166666666667,380.583333333333
"species",19,19,272,83.1944444444444,486.666666666667
"species",20,20,300.730769230769,41.2307692307692,343.346153846154
"species",21,21,300.730769230769,41.2307692307692,343.346153846154
"species",22,22,291.222222222222,16.8888888888889,494.055555555556
"species",23,23,286.111111111111,9.52777777777778,590.055555555556
"species",24,24,293.638888888889,33.3888888888889,616.888888888889
"species",25,25,264.151515151515,53.6969696969697,733.757575757576
"species",26,26,257.305555555556,53.8055555555556,716.944444444444
"species",27,27,300.730769230769,41.2307692307692,343.346153846154
"species",28,28,287.666666666667,34.25,497.083333333333
"species",29,29,292.277777777778,24.6388888888889,452.944444444444
"species",30,30,264.151515151515,53.6969696969697,733.757575757576
"species",31,31,293.638888888889,33.3888888888889,616.888888888889
"species",32,32,312.638888888889,31.9166666666667,380.583333333333
"species",33,33,312.638888888889,31.9166666666667,380.583333333333
"species",34,34,257.305555555556,53.8055555555556,716.944444444444
"species",35,35,265.194444444444,23.0277777777778,718.166666666667
"species",36,36,293.638888888889,33.3888888888889,616.888888888889
"species",37,37,300.730769230769,41.2307692307692,343.346153846154
"species",38,38,300.730769230769,41.2307692307692,343.346153846154
"species",39,39,300.730769230769,41.2307692307692,343.346153846154
"species",40,40,300.730769230769,41.2307692307692,343.346153846154
"species",41,41,310.916666666667,18.0833333333333,534.222222222222
"species",42,42,264.151515151515,53.6969696969697,733.757575757576
"species",43,43,291.222222222222,16.8888888888889,494.055555555556
"species",44,44,300.730769230769,41.2307692307692,343.346153846154
"species",45,45,264.151515151515,53.6969696969697,733.757575757576
"species",46,46,293.638888888889,33.3888888888889,616.888888888889
"species",47,47,292.172413793103,66.0689655172414,730.827586206897
"species",48,48,257.305555555556,53.8055555555556,716.944444444444
"species",49,49,312.638888888889,31.9166666666667,380.583333333333
"species",50,50,308.361111111111,24.6111111111111,379.111111111111
"species",51,51,312.638888888889,31.9166666666667,380.583333333333
"species",52,52,292.172413793103,66.0689655172414,730.827586206897
"species",53,53,312.638888888889,31.9166666666667,380.583333333333
"species",54,54,306.515151515152,61.9090909090909,290.878787878788
"species",55,55,287.666666666667,34.25,497.083333333333
"species",56,56,312.638888888889,31.9166666666667,380.583333333333
"species",57,57,300.730769230769,41.2307692307692,343.346153846154
"species",58,58,282.361111111111,54.5,580.083333333333
"species",59,59,310.916666666667,18.0833333333333,534.222222222222
"species",60,60,257.305555555556,53.8055555555556,716.944444444444
"species",61,61,335.722222222222,24.9444444444444,491.916666666667
"species",62,62,292.277777777778,24.6388888888889,452.944444444444
"species",63,63,287.666666666667,34.25,497.083333333333
"species",64,64,265.194444444444,23.0277777777778,718.166666666667
"species",65,65,292.277777777778,24.6388888888889,452.944444444444
"species",66,66,264.151515151515,53.6969696969697,733.757575757576
"species",67,67,312.638888888889,31.9166666666667,380.583333333333
"species",68,68,292.277777777778,24.6388888888889,452.944444444444
"species",69,69,257.305555555556,53.8055555555556,716.944444444444
"species",70,70,312.638888888889,31.9166666666667,380.583333333333
"species",71,71,287.666666666667,34.25,497.083333333333
"species",72,72,300.730769230769,41.2307692307692,343.346153846154
"species",73,73,312.638888888889,31.9166666666667,380.583333333333
"species",74,74,313.333333333333,62.4444444444444,489.555555555556
"species",75,75,282.805555555556,36.4444444444444,526.666666666667
"species",76,76,300.730769230769,41.2307692307692,343.346153846154
"species",77,77,264.151515151515,53.6969696969697,733.757575757576
"species",78,78,292.172413793103,66.0689655172414,730.827586206897
"species",79,79,312.638888888889,31.9166666666667,380.583333333333
"species",80,80,308.361111111111,24.6111111111111,379.111111111111
"species",81,81,264.151515151515,53.6969696969697,733.757575757576
"species",82,82,276.666666666667,12.8611111111111,693.5
"species",83,83,287.222222222222,78.8611111111111,379.25
"species",84,84,287.222222222222,78.8611111111111,379.25
"species",85,85,312.638888888889,31.9166666666667,380.583333333333
"species",86,86,300.730769230769,41.2307692307692,343.346153846154
"species",87,87,293.638888888889,33.3888888888889,616.888888888889
"species",88,88,257.305555555556,53.8055555555556,716.944444444444
"species",89,89,287.222222222222,78.8611111111111,379.25
"species",90,90,289.333333333333,16.1111111111111,314.472222222222
"species",91,91,287.666666666667,34.25,497.083333333333
"species",92,92,287.666666666667,34.25,497.083333333333
"species",93,93,287.666666666667,34.25,497.083333333333
"species",94,94,301.888888888889,62.1388888888889,304.611111111111
"species",95,95,300.730769230769,41.2307692307692,343.346153846154
"species",96,96,312.638888888889,31.9166666666667,380.583333333333
"species",97,97,312.638888888889,31.9166666666667,380.583333333333
"species",98,98,288.416666666667,26.7222222222222,611.416666666667
"species",99,99,312.638888888889,31.9166666666667,380.583333333333
"species",100,100,278.555555555556,78.3333333333333,370.916666666667
"species",101,101,265.194444444444,23.0277777777778,718.166666666667
"species",102,102,282.305555555556,11.5277777777778,629.5
"species",103,103,300.730769230769,41.2307692307692,343.346153846154
"species",104,104,293.638888888889,33.3888888888889,616.888888888889
"species",105,105,300.730769230769,41.2307692307692,343.346153846154
"species",106,106,300.730769230769,41.2307692307692,343.346153846154
"species",107,107,265.194444444444,23.0277777777778,718.166666666667
"species",108,108,293.638888888889,33.3888888888889,616.888888888889
"species",109,109,278.555555555556,78.3333333333333,370.916666666667
"species",110,110,292.172413793103,66.0689655172414,730.827586206897
"species",111,111,292.172413793103,66.0689655172414,730.827586206897
"species",112,112,312.638888888889,31.9166666666667,380.583333333333
"species",113,113,291.222222222222,16.8888888888889,494.055555555556
"species",114,114,257.305555555556,53.8055555555556,716.944444444444
"species",115,115,312.638888888889,31.9166666666667,380.583333333333
"species",116,116,312.638888888889,31.9166666666667,380.583333333333
"species",117,117,291.222222222222,16.8888888888889,494.055555555556
"species",118,118,276.666666666667,12.8611111111111,693.5
"species",119,119,278.805555555556,14.0277777777778,576.722222222222
"species",120,120,312.638888888889,31.9166666666667,380.583333333333
"species",121,121,312.638888888889,31.9166666666667,380.583333333333
"species",122,122,300.730769230769,41.2307692307692,343.346153846154
"species",123,123,313.333333333333,62.4444444444444,489.555555555556
"species",124,124,312.638888888889,31.9166666666667,380.583333333333
"species",125,125,272,83.1944444444444,486.666666666667
"species",126,126,312.638888888889,31.9166666666667,380.583333333333
"species",127,127,312.638888888889,31.9166666666667,380.583333333333
"species",128,128,291.222222222222,16.8888888888889,494.055555555556
"species",129,129,287.666666666667,34.25,497.083333333333
"species",130,130,292.277777777778,24.6388888888889,452.944444444444
"species",131,131,265.194444444444,23.0277777777778,718.166666666667
"species",132,132,266.444444444444,38.5277777777778,568.166666666667
"species",133,133,292.888888888889,64.3888888888889,306.111111111111
"species",134,134,310.916666666667,18.0833333333333,534.222222222222
"species",135,135,293.638888888889,33.3888888888889,616.888888888889
"species",136,136,300.730769230769,41.2307692307692,343.346153846154
"species",137,137,312.638888888889,31.9166666666667,380.583333333333
"species",138,138,280.638888888889,23.4444444444444,601.305555555556
"species",139,139,291.222222222222,16.8888888888889,494.055555555556
"species",140,140,300.730769230769,41.2307692307692,343.346153846154
