"species","x","y","bio5","bio14","bio18"
"background",1,1,329.861111111111,16.0833333333333,186.555555555556
"background",2,2,335.583333333333,0.166666666666667,170.916666666667
"background",3,3,350.722222222222,0.888888888888889,131.944444444444
"background",4,4,279.555555555556,11.9722222222222,660.694444444444
"background",5,5,338.638888888889,2.19444444444444,80.4722222222222
"background",6,6,306.611111111111,181.361111111111,843.861111111111
"background",7,7,339.361111111111,4.30555555555556,459.388888888889
"background",8,8,268.777777777778,20.5,678
"background",9,9,297.888888888889,57.1666666666667,452.055555555556
"background",10,10,305.25,2.11111111111111,258.694444444444
"background",11,11,313.611111111111,12.0555555555556,429.416666666667
"background",12,12,310.25,2.83333333333333,90.8055555555556
"background",13,13,281.861111111111,81.5833333333333,523.333333333333
"background",14,14,315.722222222222,3.30555555555556,215.111111111111
"background",15,15,346.611111111111,3.44444444444444,476
"background",16,16,346.75,13.9444444444444,389.916666666667
"background",17,17,282.361111111111,54.5,580.083333333333
"background",18,18,308.555555555556,37.3888888888889,451.694444444444
"background",19,19,334.611111111111,19.8333333333333,200.111111111111
"background",20,20,329.416666666667,9.58333333333333,262.916666666667
"background",21,21,349.861111111111,12.8333333333333,351.583333333333
"background",22,22,322.230769230769,13.6538461538462,101.884615384615
"background",23,23,316.805555555556,9.80555555555556,691.972222222222
"background",24,24,334.833333333333,12.25,104.25
"background",25,25,334.416666666667,14.5555555555556,275.138888888889
