"species","x","y","bio5","bio14","bio18"
"background",1,1,318.611111111111,59,287.638888888889
"background",2,2,346.305555555556,7.36111111111111,249.472222222222
"background",3,3,257.305555555556,53.8055555555556,716.944444444444
"background",4,4,313.130434782609,31,199.95652173913
"background",5,5,329.305555555556,3.36111111111111,438.861111111111
"background",6,6,347.055555555556,8.72222222222222,311.75
"background",7,7,308.305555555556,15.0277777777778,436.833333333333
"background",8,8,322.444444444444,66.5833333333333,285.833333333333
"background",9,9,317.972222222222,25.7777777777778,225.916666666667
"background",10,10,352.388888888889,2.63888888888889,521.583333333333
"background",11,11,346.75,13.9444444444444,389.916666666667
"background",12,12,339.916666666667,28.3333333333333,468.722222222222
"background",13,13,330.527777777778,45.75,193.388888888889
"background",14,14,303.083333333333,4.97222222222222,356.277777777778
"background",15,15,306.222222222222,17.5277777777778,581.888888888889
"background",16,16,261.888888888889,74.3055555555556,502.972222222222
"background",17,17,320.305555555556,53.9444444444444,245.611111111111
"background",18,18,319.861111111111,36.25,142.027777777778
"background",19,19,312.333333333333,2.52777777777778,311.25
"background",20,20,335.722222222222,24.9444444444444,491.916666666667
"background",21,21,332.777777777778,44.5833333333333,156.805555555556
"background",22,22,314.305555555556,134.277777777778,628.916666666667
"background",23,23,320.111111111111,17.2777777777778,561.222222222222
"background",24,24,258.805555555556,26.8611111111111,683.277777777778
"background",25,25,322.611111111111,60.6944444444444,284.166666666667
"background",26,26,318.5,28.2222222222222,650.083333333333
"background",27,27,332.972222222222,48.7222222222222,323.888888888889
"background",28,28,303.444444444444,11,219.388888888889
"background",29,29,309.972222222222,156.638888888889,620.027777777778
"background",30,30,325.5,82.7777777777778,295.472222222222
"background",31,31,305.25,35.1666666666667,292.361111111111
"background",32,32,342.861111111111,2.13888888888889,154.5
"background",33,33,331.277777777778,14.5833333333333,313.388888888889
"background",34,34,320.722222222222,84.6111111111111,421.222222222222
"background",35,35,327.083333333333,49.0555555555556,191.694444444444
"background",36,36,298.055555555556,119.388888888889,420.972222222222
"background",37,37,343.083333333333,0,170.027777777778
"background",38,38,310.222222222222,1.52777777777778,233.583333333333
"background",39,39,338.833333333333,12.1388888888889,110.833333333333
"background",40,40,311.928571428571,49.75,241.071428571429
"background",41,41,326.416666666667,78.5,333.333333333333
"background",42,42,347.361111111111,18.5277777777778,488.777777777778
"background",43,43,305.305555555556,212.194444444444,710.5
"background",44,44,327.527777777778,21.9444444444444,468.027777777778
"background",45,45,324.25,19.0277777777778,91.1666666666667
"background",46,46,319.027777777778,60.8611111111111,550.583333333333
"background",47,47,321.805555555556,54.5,266.5
"background",48,48,349.777777777778,5.13888888888889,549.166666666667
"background",49,49,309.722222222222,5.55555555555556,171.666666666667
"background",50,50,351.138888888889,3.5,466.027777777778
"background",51,51,329.75,15.3055555555556,465.694444444444
"background",52,52,300.972222222222,5.97222222222222,189.138888888889
"background",53,53,306.515151515152,61.9090909090909,290.878787878788
"background",54,54,345.888888888889,20.8611111111111,430.611111111111
"background",55,55,331.916666666667,12.1388888888889,396.5
"background",56,56,292.888888888889,8.77777777777778,407.027777777778
"background",57,57,327.222222222222,96.4722222222222,327.083333333333
"background",58,58,315.25,103.555555555556,575.138888888889
"background",59,59,316.722222222222,0.388888888888889,305.888888888889
"background",60,60,315.777777777778,162.416666666667,541.194444444444
"background",61,61,280.638888888889,23.4444444444444,601.305555555556
"background",62,62,274.583333333333,81.2916666666667,570.375
"background",63,63,309.5,185.194444444444,657.333333333333
"background",64,64,322.527777777778,20.2777777777778,201.944444444444
"background",65,65,316.916666666667,64.75,589.361111111111
"background",66,66,315.194444444444,19.6666666666667,445.444444444444
"background",67,67,308.833333333333,16.9166666666667,196.222222222222
"background",68,68,277.944444444444,11.4722222222222,732.222222222222
"background",69,69,330.5,72.5,286.75
"background",70,70,312.361111111111,199.083333333333,610.694444444444
"background",71,71,326.472222222222,3.88888888888889,68.5
"background",72,72,327.444444444444,79.1388888888889,261.527777777778
"background",73,73,287.666666666667,34.25,497.083333333333
"background",74,74,319.361111111111,32.0277777777778,528.222222222222
"background",75,75,321.083333333333,156.972222222222,505.75
"background",76,76,339.611111111111,12.7222222222222,258.361111111111
"background",77,77,322.777777777778,138.222222222222,517.805555555556
"background",78,78,317.388888888889,41.5277777777778,555.055555555556
"background",79,79,331.277777777778,2.80555555555556,166.833333333333
"background",80,80,332.555555555556,4.69444444444444,70.6111111111111
"background",81,81,309.388888888889,23.2222222222222,174.277777777778
"background",82,82,321.916666666667,46.6944444444444,232.416666666667
"background",83,83,311.388888888889,4.47222222222222,389.055555555556
"background",84,84,315.5,7.11111111111111,683.916666666667
"background",85,85,310.805555555556,57.6111111111111,439.138888888889
"background",86,86,317.75,11.1666666666667,415.722222222222
"background",87,87,350.527777777778,2.5,289.75
"background",88,88,351.194444444444,0.916666666666667,180
"background",89,89,320.027777777778,36.5,584.194444444444
"background",90,90,318.138888888889,24.6388888888889,653
"background",91,91,288.194444444444,80.6111111111111,361.027777777778
"background",92,92,343.111111111111,13.25,75.1944444444444
"background",93,93,302.472222222222,20.0277777777778,599.166666666667
"background",94,94,326.111111111111,95.5,342.861111111111
"background",95,95,295.166666666667,126.5,536.222222222222
"background",96,96,339.388888888889,9.66666666666667,154.361111111111
"background",97,97,337.888888888889,4.05555555555556,410.722222222222
"background",98,98,325.472222222222,2.83333333333333,200.666666666667
"background",99,99,349.25,4.27777777777778,306
"background",100,100,320.833333333333,29.3333333333333,598.333333333333
"background",101,101,332.527777777778,54.9166666666667,204.972222222222
"background",102,102,332.222222222222,69.0833333333333,301
"background",103,103,324.555555555556,1.91666666666667,212.472222222222
"background",104,104,332.5,69.6388888888889,240.666666666667
"background",105,105,314.25,89.3611111111111,633
"background",106,106,315.277777777778,8.19444444444444,297.833333333333
"background",107,107,306.583333333333,19.4444444444444,353.444444444444
"background",108,108,304.416666666667,4.91666666666667,339.416666666667
"background",109,109,334.416666666667,14.5555555555556,275.138888888889
"background",110,110,281.444444444444,103.277777777778,537.916666666667
"background",111,111,308.277777777778,13.9722222222222,621.194444444444
"background",112,112,340.777777777778,3.58333333333333,415.583333333333
"background",113,113,312.916666666667,64.7222222222222,483.972222222222
"background",114,114,303,28.1666666666667,161.472222222222
"background",115,115,343.888888888889,8.69444444444444,469.444444444444
"background",116,116,343.277777777778,8.08333333333333,75.9722222222222
"background",117,117,340.666666666667,53.9166666666667,194.277777777778
"background",118,118,266.444444444444,38.5277777777778,568.166666666667
"background",119,119,323.833333333333,55.5,247.833333333333
"background",120,120,333.083333333333,11.9722222222222,271.222222222222
"background",121,121,321.055555555556,1.47222222222222,162.527777777778
"background",122,122,340.111111111111,7.69444444444444,345.777777777778
"background",123,123,339.25,25.2777777777778,513.388888888889
"background",124,124,329.638888888889,19.7222222222222,142.222222222222
"background",125,125,265.833333333333,93.0833333333333,505.166666666667
"background",126,126,343.916666666667,11.9444444444444,336.416666666667
"background",127,127,326.361111111111,18.1111111111111,379.388888888889
"background",128,128,312.083333333333,37.3333333333333,305.888888888889
"background",129,129,325.888888888889,0.5,281.722222222222
"background",130,130,312.638888888889,34.5833333333333,351.277777777778
"background",131,131,321.166666666667,6.61111111111111,617.666666666667
"background",132,132,288.944444444444,125.027777777778,470.5
"background",133,133,317.027777777778,2,142.583333333333
"background",134,134,324.611111111111,109.361111111111,349.944444444444
"background",135,135,323.583333333333,50.8888888888889,250.305555555556
"background",136,136,327.916666666667,41.7777777777778,198.222222222222
"background",137,137,291.222222222222,16.8888888888889,494.055555555556
"background",138,138,336.722222222222,26.2222222222222,552.888888888889
"background",139,139,315.888888888889,70.5833333333333,621.388888888889
"background",140,140,327.694444444444,80.2222222222222,290.333333333333
"background",141,141,313.666666666667,22.5833333333333,563.555555555556
"background",142,142,340.527777777778,7.27777777777778,118.305555555556
"background",143,143,327.361111111111,1.30555555555556,202.555555555556
"background",144,144,354.638888888889,9.36111111111111,75.4166666666667
"background",145,145,336.944444444444,7.58333333333333,469.611111111111
"background",146,146,296.416666666667,28.1666666666667,262.777777777778
"background",147,147,312.111111111111,148.472222222222,601.361111111111
"background",148,148,329.694444444444,51.3055555555556,201.833333333333
