"species","x","y","bio5","bio14","bio18"
"background",1,1,277.944444444444,11.4722222222222,732.222222222222
"background",2,2,314.444444444444,2.61111111111111,89.9444444444444
"background",3,3,333.388888888889,2.11111111111111,195.75
"background",4,4,317.027777777778,2,142.583333333333
"background",5,5,325.444444444444,49.75,221.111111111111
"background",6,6,333.333333333333,0.333333333333333,277.194444444444
"background",7,7,354.361111111111,6.58333333333333,608.444444444444
"background",8,8,331.305555555556,2.36111111111111,420.861111111111
"background",9,9,332.972222222222,48.7222222222222,323.888888888889
"background",10,10,288.194444444444,55.75,521.888888888889
"background",11,11,317.333333333333,31.5833333333333,472.416666666667
"background",12,12,314.75,3.91666666666667,230.527777777778
"background",13,13,345.444444444444,2.25,362.027777777778
"background",14,14,302.805555555556,21.6111111111111,157.333333333333
"background",15,15,326.361111111111,18.1111111111111,379.388888888889
"background",16,16,344.444444444444,1.75,484.472222222222
"background",17,17,322.694444444444,78.5,479.944444444444
"background",18,18,317.027777777778,0.638888888888889,214.527777777778
"background",19,19,319.638888888889,23.3888888888889,655.805555555556
"background",20,20,308.861111111111,47.6111111111111,452.305555555556
"background",21,21,351.833333333333,9.25,370
"background",22,22,324.583333333333,28.1388888888889,456.638888888889
"background",23,23,323.833333333333,55.5,247.833333333333
"background",24,24,326.972222222222,85.25,286.5
"background",25,25,324.388888888889,89.7777777777778,356.972222222222
"background",26,26,313.666666666667,28.1111111111111,437.055555555556
"background",27,27,342.916666666667,6.13888888888889,191.611111111111
"background",28,28,338.138888888889,18.3333333333333,498.194444444444
"background",29,29,334.888888888889,16.3611111111111,304.25
"background",30,30,317.638888888889,159.888888888889,576.277777777778
"background",31,31,295.5,7.22222222222222,382.527777777778
"background",32,32,329.694444444444,51.3055555555556,201.833333333333
"background",33,33,317.222222222222,30.3055555555556,481.5
"background",34,34,322.694444444444,45.0555555555556,559.25
"background",35,35,323.277777777778,26.6666666666667,158.75
"background",36,36,356.944444444444,11.1666666666667,348.444444444444
"background",37,37,275,13.9444444444444,633.583333333333
"background",38,38,319.916666666667,54,545.722222222222
"background",39,39,291.944444444444,78.9444444444444,451.972222222222
"background",40,40,326.25,15.4166666666667,322.777777777778
"background",41,41,324.25,19.0277777777778,91.1666666666667
"background",42,42,330.527777777778,45.75,193.388888888889
"background",43,43,305.111111111111,3.33333333333333,209.166666666667
"background",44,44,321.027777777778,196.888888888889,666
"background",45,45,314.583333333333,4.5,191.583333333333
"background",46,46,312.448275862069,8,246.965517241379
"background",47,47,308.305555555556,15.0277777777778,436.833333333333
"background",48,48,329.638888888889,19.7222222222222,142.222222222222
"background",49,49,323.777777777778,12.1388888888889,375.527777777778
"background",50,50,288.194444444444,80.6111111111111,361.027777777778
"background",51,51,324.361111111111,1.44444444444444,284.388888888889
"background",52,52,303.5,11,664.527777777778
"background",53,53,292.172413793103,66.0689655172414,730.827586206897
"background",54,54,352.5,4.44444444444444,248.055555555556
"background",55,55,354.166666666667,9.75,324.666666666667
"background",56,56,311.928571428571,49.75,241.071428571429
"background",57,57,330.055555555556,47.3888888888889,167.888888888889
"background",58,58,310.916666666667,18.0833333333333,534.222222222222
"background",59,59,334.277777777778,2.25,64.8333333333333
"background",60,60,325.555555555556,110.444444444444,380.805555555556
"background",61,61,303.444444444444,11,219.388888888889
"background",62,62,324.555555555556,1.91666666666667,212.472222222222
"background",63,63,329.055555555556,27.25,132.222222222222
"background",64,64,328.611111111111,3.63888888888889,437.083333333333
"background",65,65,347.055555555556,8.72222222222222,311.75
"background",66,66,300.555555555556,4.27777777777778,253.25
"background",67,67,329.777777777778,43.75,369.222222222222
"background",68,68,337,13.9722222222222,350.305555555556
"background",69,69,341.972222222222,8.47222222222222,284.444444444444
"background",70,70,282.722222222222,132.888888888889,558.611111111111
"background",71,71,309.527777777778,174.861111111111,586.916666666667
"background",72,72,319.111111111111,177.555555555556,714.305555555556
"background",73,73,335.027777777778,43.3055555555556,309.027777777778
"background",74,74,323.611111111111,118.388888888889,383.777777777778
"background",75,75,335.277777777778,72.9722222222222,257.75
"background",76,76,329.027777777778,84.8888888888889,270.5
"background",77,77,347.361111111111,18.5277777777778,488.777777777778
"background",78,78,327.388888888889,60.3888888888889,481.305555555556
"background",79,79,289.333333333333,16.1111111111111,314.472222222222
"background",80,80,326.694444444444,4.02777777777778,196.555555555556
"background",81,81,355.555555555556,6.13888888888889,340.5
"background",82,82,308.361111111111,24.6111111111111,379.111111111111
"background",83,83,322.888888888889,62.4722222222222,393.277777777778
"background",84,84,337.472222222222,10.5,127.361111111111
"background",85,85,342.416666666667,20.1111111111111,555.25
"background",86,86,315.777777777778,4.41666666666667,193.527777777778
"background",87,87,317,1.44444444444444,197.75
"background",88,88,336.472222222222,22.4722222222222,365.527777777778
"background",89,89,317.75,11.1666666666667,415.722222222222
"background",90,90,317.972222222222,25.7777777777778,225.916666666667
"background",91,91,320.777777777778,6.5,353.25
"background",92,92,293.861111111111,5,449.388888888889
"background",93,93,325.583333333333,91.4166666666667,366.194444444444
"background",94,94,319.222222222222,193.694444444444,717.916666666667
"background",95,95,325,9.36111111111111,573.611111111111
"background",96,96,330.222222222222,26.1111111111111,309.083333333333
"background",97,97,301.257142857143,66.0285714285714,276.342857142857
"background",98,98,318.166666666667,97.6388888888889,650.055555555556
"background",99,99,324.972222222222,28.4444444444444,446.5
"background",100,100,343.388888888889,4.55555555555556,487.583333333333
"background",101,101,344.805555555556,1.61111111111111,31.75
"background",102,102,321.638888888889,29.4444444444444,494.972222222222
"background",103,103,349.555555555556,2.58333333333333,421.027777777778
"background",104,104,295.388888888889,32.1666666666667,581.194444444444
"background",105,105,315.194444444444,26.3611111111111,553.166666666667
"background",106,106,350.722222222222,0.888888888888889,131.944444444444
"background",107,107,321.166666666667,6.61111111111111,617.666666666667
"background",108,108,268.777777777778,20.5,678
"background",109,109,284.944444444444,8.5,562.527777777778
"background",110,110,308.361111111111,7.94444444444444,434.416666666667
"background",111,111,317.916666666667,52.1111111111111,566.722222222222
"background",112,112,324.555555555556,21.1111111111111,317.25
"background",113,113,328.583333333333,40.4166666666667,189.333333333333
"background",114,114,308.388888888889,217.527777777778,738.444444444444
"background",115,115,295.166666666667,126.5,536.222222222222
"background",116,116,321.916666666667,46.6944444444444,232.416666666667
"background",117,117,322.444444444444,66.5833333333333,285.833333333333
"background",118,118,314.055555555556,10.4722222222222,366.083333333333
"background",119,119,310.25,2.83333333333333,90.8055555555556
"background",120,120,319.833333333333,66.4444444444444,284.444444444444
"background",121,121,319.583333333333,71.3611111111111,564.944444444444
"background",122,122,331.416666666667,56.9722222222222,373.277777777778
"background",123,123,327.583333333333,67.2777777777778,283.333333333333
"background",124,124,291.777777777778,96.4444444444444,389.583333333333
"background",125,125,323,47.7777777777778,218.611111111111
"background",126,126,323.305555555556,120.944444444444,406.638888888889
"background",127,127,339.833333333333,31.4444444444444,507.388888888889
"background",128,128,317.527777777778,41.6111111111111,615.222222222222
"background",129,129,306.583333333333,19.4444444444444,353.444444444444
"background",130,130,329.722222222222,75.8888888888889,240.222222222222
"background",131,131,314.444444444444,96.7222222222222,623.916666666667
"background",132,132,306.222222222222,17.5277777777778,581.888888888889
"background",133,133,310.166666666667,8.5,565.305555555556
"background",134,134,296.5,8.02777777777778,564.472222222222
"background",135,135,298.972222222222,26.75,242.361111111111
"background",136,136,336.75,2.44444444444444,158.083333333333
"background",137,137,317.972222222222,54.9722222222222,583.25
"background",138,138,349.888888888889,5.61111111111111,283.333333333333
"background",139,139,286.111111111111,9.52777777777778,590.055555555556
"background",140,140,327.333333333333,81.3055555555556,361.194444444444
"background",141,141,300.972222222222,5.97222222222222,189.138888888889
"background",142,142,327.75,56.9166666666667,327.555555555556
"background",143,143,295,4.88888888888889,279.194444444444
"background",144,144,345.888888888889,20.8611111111111,430.611111111111
"background",145,145,328.416666666667,22.2777777777778,340.388888888889
"background",146,146,330.583333333333,77.6944444444444,271.305555555556
"background",147,147,332.555555555556,4.69444444444444,70.6111111111111
"background",148,148,260.388888888889,100.111111111111,492.861111111111
