"species","x","y","bio5","bio14","bio18"
"species",1,1,292.277777777778,24.6388888888889,452.944444444444
"species",2,2,310.916666666667,18.0833333333333,534.222222222222
"species",3,3,265.194444444444,23.0277777777778,718.166666666667
"species",4,4,300.730769230769,41.2307692307692,343.346153846154
"species",5,5,282.361111111111,54.5,580.083333333333
"species",6,6,292.172413793103,66.0689655172414,730.827586206897
"species",7,7,292.277777777778,24.6388888888889,452.944444444444
"species",8,8,312.638888888889,31.9166666666667,380.583333333333
"species",9,9,287.666666666667,34.25,497.083333333333
"species",10,10,293.638888888889,33.3888888888889,616.888888888889
"species",11,11,287.666666666667,34.25,497.083333333333
"species",12,12,312.638888888889,31.9166666666667,380.583333333333
"species",13,13,312.638888888889,31.9166666666667,380.583333333333
"species",14,14,300.730769230769,41.2307692307692,343.346153846154
"species",15,15,286.111111111111,9.52777777777778,590.055555555556
"species",16,16,292.277777777778,24.6388888888889,452.944444444444
"species",17,17,312.638888888889,31.9166666666667,380.583333333333
"species",18,18,300.730769230769,41.2307692307692,343.346153846154
"species",19,19,287.666666666667,34.25,497.083333333333
"species",20,20,288.416666666667,26.7222222222222,611.416666666667
"species",21,21,300.730769230769,41.2307692307692,343.346153846154
"species",22,22,300.730769230769,41.2307692307692,343.346153846154
"species",23,23,312.638888888889,31.9166666666667,380.583333333333
"species",24,24,274.583333333333,81.2916666666667,570.375
"species",25,25,300.730769230769,41.2307692307692,343.346153846154
"species",26,26,312.638888888889,31.9166666666667,380.583333333333
"species",27,27,300.730769230769,41.2307692307692,343.346153846154
"species",28,28,280.638888888889,23.4444444444444,601.305555555556
"species",29,29,312.638888888889,31.9166666666667,380.583333333333
"species",30,30,278.805555555556,14.0277777777778,576.722222222222
"species",31,31,300.730769230769,41.2307692307692,343.346153846154
"species",32,32,312.638888888889,31.9166666666667,380.583333333333
"species",33,33,312.638888888889,31.9166666666667,380.583333333333
"species",34,34,300.730769230769,41.2307692307692,343.346153846154
"species",35,35,264.151515151515,53.6969696969697,733.757575757576
"species",36,36,292.277777777778,24.6388888888889,452.944444444444
"species",37,37,257.305555555556,53.8055555555556,716.944444444444
"species",38,38,257.305555555556,53.8055555555556,716.944444444444
"species",39,39,257.305555555556,53.8055555555556,716.944444444444
"species",40,40,301.888888888889,62.1388888888889,304.611111111111
"species",41,41,266.444444444444,38.5277777777778,568.166666666667
"species",42,42,292.277777777778,24.6388888888889,452.944444444444
"species",43,43,312.638888888889,31.9166666666667,380.583333333333
"species",44,44,289.333333333333,16.1111111111111,314.472222222222
"species",45,45,287.222222222222,78.8611111111111,379.25
"species",46,46,284.583333333333,19.8055555555556,622.388888888889
"species",47,47,312.638888888889,31.9166666666667,380.583333333333
"species",48,48,300.730769230769,41.2307692307692,343.346153846154
"species",49,49,287.666666666667,34.25,497.083333333333
"species",50,50,312.638888888889,31.9166666666667,380.583333333333
"species",51,51,301.888888888889,62.1388888888889,304.611111111111
"species",52,52,311.928571428571,49.75,241.071428571429
"species",53,53,312.638888888889,31.9166666666667,380.583333333333
"species",54,54,257.305555555556,53.8055555555556,716.944444444444
"species",55,55,264.151515151515,53.6969696969697,733.757575757576
"species",56,56,312.638888888889,31.9166666666667,380.583333333333
"species",57,57,286.111111111111,9.52777777777778,590.055555555556
"species",58,58,292.172413793103,66.0689655172414,730.827586206897
"species",59,59,287.666666666667,34.25,497.083333333333
"species",60,60,300.730769230769,41.2307692307692,343.346153846154
"species",61,61,265.194444444444,23.0277777777778,718.166666666667
"species",62,62,282.305555555556,11.5277777777778,629.5
"species",63,63,312.638888888889,34.5833333333333,351.277777777778
"species",64,64,312.638888888889,31.9166666666667,380.583333333333
"species",65,65,287.666666666667,34.25,497.083333333333
"species",66,66,312.638888888889,31.9166666666667,380.583333333333
"species",67,67,312.638888888889,31.9166666666667,380.583333333333
"species",68,68,287.666666666667,34.25,497.083333333333
"species",69,69,257.305555555556,53.8055555555556,716.944444444444
"species",70,70,287.666666666667,34.25,497.083333333333
"species",71,71,312.638888888889,31.9166666666667,380.583333333333
"species",72,72,291.222222222222,16.8888888888889,494.055555555556
"species",73,73,300.730769230769,41.2307692307692,343.346153846154
"species",74,74,312.638888888889,31.9166666666667,380.583333333333
"species",75,75,282.361111111111,54.5,580.083333333333
"species",76,76,300.730769230769,41.2307692307692,343.346153846154
"species",77,77,292.172413793103,66.0689655172414,730.827586206897
"species",78,78,293.638888888889,33.3888888888889,616.888888888889
"species",79,79,265.194444444444,23.0277777777778,718.166666666667
"species",80,80,310.916666666667,18.0833333333333,534.222222222222
"species",81,81,312.638888888889,31.9166666666667,380.583333333333
"species",82,82,293.638888888889,33.3888888888889,616.888888888889
"species",83,83,264.151515151515,53.6969696969697,733.757575757576
"species",84,84,312.638888888889,34.5833333333333,351.277777777778
"species",85,85,292.277777777778,24.6388888888889,452.944444444444
"species",86,86,282.361111111111,54.5,580.083333333333
"species",87,87,300.730769230769,41.2307692307692,343.346153846154
"species",88,88,260.666666666667,24.5833333333333,718.055555555556
"species",89,89,291.222222222222,16.8888888888889,494.055555555556
"species",90,90,293.638888888889,33.3888888888889,616.888888888889
"species",91,91,312.638888888889,31.9166666666667,380.583333333333
"species",92,92,257.305555555556,53.8055555555556,716.944444444444
"species",93,93,292.277777777778,24.6388888888889,452.944444444444
"species",94,94,300.730769230769,41.2307692307692,343.346153846154
"species",95,95,293.638888888889,33.3888888888889,616.888888888889
"species",96,96,312.638888888889,34.5833333333333,351.277777777778
"species",97,97,312.638888888889,31.9166666666667,380.583333333333
"species",98,98,293.638888888889,33.3888888888889,616.888888888889
"species",99,99,300.730769230769,41.2307692307692,343.346153846154
"species",100,100,312.638888888889,34.5833333333333,351.277777777778
"species",101,101,292.277777777778,24.6388888888889,452.944444444444
"species",102,102,312.638888888889,31.9166666666667,380.583333333333
"species",103,103,292.277777777778,24.6388888888889,452.944444444444
"species",104,104,312.638888888889,31.9166666666667,380.583333333333
"species",105,105,292.888888888889,64.3888888888889,306.111111111111
"species",106,106,300.730769230769,41.2307692307692,343.346153846154
"species",107,107,276.666666666667,12.8611111111111,693.5
"species",108,108,292.888888888889,64.3888888888889,306.111111111111
"species",109,109,292.172413793103,66.0689655172414,730.827586206897
"species",110,110,300.730769230769,41.2307692307692,343.346153846154
"species",111,111,293.638888888889,33.3888888888889,616.888888888889
"species",112,112,292.277777777778,24.6388888888889,452.944444444444
"species",113,113,313.333333333333,62.4444444444444,489.555555555556
"species",114,114,312.638888888889,31.9166666666667,380.583333333333
"species",115,115,300.730769230769,41.2307692307692,343.346153846154
"species",116,116,265.194444444444,23.0277777777778,718.166666666667
"species",117,117,278.805555555556,14.0277777777778,576.722222222222
"species",118,118,265.194444444444,23.0277777777778,718.166666666667
"species",119,119,300.730769230769,41.2307692307692,343.346153846154
"species",120,120,257.305555555556,53.8055555555556,716.944444444444
"species",121,121,300.730769230769,41.2307692307692,343.346153846154
"species",122,122,300.730769230769,41.2307692307692,343.346153846154
"species",123,123,312.638888888889,31.9166666666667,380.583333333333
"species",124,124,264.151515151515,53.6969696969697,733.757575757576
"species",125,125,293.638888888889,33.3888888888889,616.888888888889
"species",126,126,257.305555555556,53.8055555555556,716.944444444444
"species",127,127,257.305555555556,53.8055555555556,716.944444444444
"species",128,128,287.666666666667,34.25,497.083333333333
"species",129,129,293.638888888889,33.3888888888889,616.888888888889
"species",130,130,265.194444444444,23.0277777777778,718.166666666667
"species",131,131,292.277777777778,24.6388888888889,452.944444444444
"species",132,132,287.222222222222,78.8611111111111,379.25
"species",133,133,312.638888888889,31.9166666666667,380.583333333333
"species",134,134,278.805555555556,14.0277777777778,576.722222222222
"species",135,135,292.277777777778,24.6388888888889,452.944444444444
"species",136,136,300.730769230769,41.2307692307692,343.346153846154
"species",137,137,335.722222222222,24.9444444444444,491.916666666667
