"species","x","y","bio5","bio14","bio18"
"background",1,1,282.305555555556,11.5277777777778,629.5
"background",2,2,286.944444444444,30.6111111111111,279.416666666667
"background",3,3,292.277777777778,24.6388888888889,452.944444444444
"background",4,4,349.777777777778,5.13888888888889,549.166666666667
"background",5,5,282.722222222222,132.888888888889,558.611111111111
"background",6,6,304.333333333333,5.41666666666667,567.194444444444
"background",7,7,313.333333333333,62.4444444444444,489.555555555556
"background",8,8,327.342857142857,18.6571428571429,104.828571428571
"background",9,9,330.5,1.52777777777778,89.0833333333333
"background",10,10,287.777777777778,101.666666666667,417.666666666667
"background",11,11,317.638888888889,59.8888888888889,523.444444444444
"background",12,12,339.222222222222,0.722222222222222,143.305555555556
"background",13,13,324.138888888889,38.4166666666667,155.138888888889
"background",14,14,326.972222222222,85.25,286.5
"background",15,15,311.25,40,474.083333333333
"background",16,16,336.361111111111,43.3333333333333,458.5
"background",17,17,319.638888888889,23.3888888888889,655.805555555556
"background",18,18,344.222222222222,18.3055555555556,505.222222222222
"background",19,19,326.333333333333,58.25,233.166666666667
"background",20,20,327.916666666667,41.7777777777778,198.222222222222
"background",21,21,260.666666666667,24.5833333333333,718.055555555556
"background",22,22,348.194444444444,1.61111111111111,409.916666666667
"background",23,23,329.416666666667,9.58333333333333,262.916666666667
"background",24,24,319.027777777778,60.8611111111111,550.583333333333
"background",25,25,336.888888888889,13.3611111111111,57.5
"background",26,26,272,117.083333333333,455.222222222222
"background",27,27,318.333333333333,58.8611111111111,374.666666666667
"background",28,28,327.055555555556,54.0277777777778,203.027777777778
"background",29,29,293.638888888889,33.3888888888889,616.888888888889
"background",30,30,320.027777777778,7.38888888888889,374.5
"background",31,31,332.527777777778,54.9166666666667,204.972222222222
"background",32,32,326.333333333333,64.75,266.5
"background",33,33,276.666666666667,12.8611111111111,693.5
"background",34,34,274.75,74.0555555555556,467.888888888889
"background",35,35,314.416666666667,109.111111111111,400.777777777778
"background",36,36,278.805555555556,14.0277777777778,576.722222222222
"background",37,37,324.75,44.7777777777778,200.972222222222
"background",38,38,315.833333333333,91.3055555555556,480.444444444444
"background",39,39,319.916666666667,54,545.722222222222
"background",40,40,350.527777777778,2.5,289.75
"background",41,41,328.25,74.75,263.222222222222
"background",42,42,333.388888888889,21.0277777777778,396.25
"background",43,43,306.444444444444,34.5277777777778,197.138888888889
"background",44,44,313.666666666667,28.1111111111111,437.055555555556
"background",45,45,338.333333333333,30.3888888888889,347.527777777778
"background",46,46,328.583333333333,33.6388888888889,130.138888888889
"background",47,47,312.722222222222,6.30555555555556,446.972222222222
"background",48,48,341.805555555556,0,252.722222222222
"background",49,49,344.027777777778,2.41666666666667,163.638888888889
"background",50,50,322.111111111111,8.83333333333333,397.75
"background",51,51,325.194444444444,25.6666666666667,497.111111111111
"background",52,52,356.5,4.55555555555556,548.194444444444
"background",53,53,343.083333333333,0,170.027777777778
"background",54,54,290.875,96.8125,362.46875
"background",55,55,326.361111111111,18.1111111111111,379.388888888889
"background",56,56,310.805555555556,57.6111111111111,439.138888888889
"background",57,57,320.888888888889,80.9166666666667,591.25
"background",58,58,337.527777777778,2.13888888888889,76.0833333333333
"background",59,59,322.888888888889,62.4722222222222,393.277777777778
"background",60,60,323.305555555556,120.944444444444,406.638888888889
"background",61,61,326.055555555556,22.6666666666667,101.694444444444
"background",62,62,312.972222222222,19.5277777777778,527.083333333333
"background",63,63,305.305555555556,212.194444444444,710.5
"background",64,64,325.694444444444,75.3611111111111,347.611111111111
"background",65,65,265.833333333333,93.0833333333333,505.166666666667
"background",66,66,312.333333333333,2.52777777777778,311.25
"background",67,67,333.333333333333,24.8888888888889,371.694444444444
"background",68,68,349.888888888889,5.61111111111111,283.333333333333
"background",69,69,326.416666666667,78.5,333.333333333333
"background",70,70,277.944444444444,11.4722222222222,732.222222222222
"background",71,71,312.583333333333,79.6944444444444,384.75
"background",72,72,313.666666666667,33.4722222222222,490
"background",73,73,320.5,86.3333333333333,396.25
"background",74,74,322.611111111111,60.6944444444444,284.166666666667
"background",75,75,347.305555555556,12.75,345.222222222222
"background",76,76,308.388888888889,217.527777777778,738.444444444444
"background",77,77,325.805555555556,2.80555555555556,159.611111111111
"background",78,78,326.777777777778,93.6111111111111,376
"background",79,79,306.583333333333,19.4444444444444,353.444444444444
"background",80,80,306.75,21.4722222222222,412.277777777778
"background",81,81,349.972222222222,9.22222222222222,81.9722222222222
"background",82,82,320.555555555556,27.25,121.722222222222
"background",83,83,344.416666666667,1.5,175.861111111111
"background",84,84,262.833333333333,122.444444444444,460.111111111111
"background",85,85,339.916666666667,28.3333333333333,468.722222222222
"background",86,86,325.861111111111,22.8055555555556,107.472222222222
"background",87,87,288.666666666667,13.1111111111111,147.527777777778
"background",88,88,324.972222222222,28.4444444444444,446.5
"background",89,89,307.388888888889,220.527777777778,795.277777777778
"background",90,90,304.972222222222,73.8055555555556,288.111111111111
"background",91,91,326.083333333333,55.2222222222222,247.305555555556
"background",92,92,316.194444444444,36.3055555555556,493.388888888889
"background",93,93,318,13.6388888888889,399.611111111111
"background",94,94,328.75,14.3888888888889,434.944444444444
"background",95,95,326.611111111111,46.0277777777778,230.638888888889
"background",96,96,329.583333333333,26.5,162.444444444444
"background",97,97,334,17.6666666666667,328.944444444444
"background",98,98,286.888888888889,14.5277777777778,613.583333333333
"background",99,99,328.111111111111,41.0277777777778,179.305555555556
"background",100,100,328.416666666667,207.305555555556,706.388888888889
"background",101,101,306.611111111111,181.361111111111,843.861111111111
"background",102,102,318.444444444444,0.694444444444444,191.305555555556
"background",103,103,315.888888888889,70.5833333333333,621.388888888889
"background",104,104,340.666666666667,8.36111111111111,90.5
"background",105,105,305.25,35.1666666666667,292.361111111111
"background",106,106,317.805555555556,8.22222222222222,354.944444444444
"background",107,107,341.444444444444,4.05555555555556,369.861111111111
"background",108,108,315.5,26.6388888888889,228.5
"background",109,109,327.583333333333,67.2777777777778,283.333333333333
"background",110,110,260.388888888889,100.111111111111,492.861111111111
"background",111,111,317.972222222222,54.9722222222222,583.25
"background",112,112,323.833333333333,61.6944444444444,235.055555555556
"background",113,113,328.916666666667,16.5,129.472222222222
"background",114,114,318.583333333333,19.4722222222222,214.583333333333
"background",115,115,324.694444444444,40.9444444444444,174.527777777778
"background",116,116,319.861111111111,36.25,142.027777777778
"background",117,117,331.944444444444,30,133.555555555556
"background",118,118,320.305555555556,53.9444444444444,245.611111111111
"background",119,119,305.638888888889,104.027777777778,356.333333333333
"background",120,120,336.75,2.44444444444444,158.083333333333
"background",121,121,334.611111111111,4.97222222222222,369.444444444444
"background",122,122,339.833333333333,31.4444444444444,507.388888888889
"background",123,123,331.416666666667,56.9722222222222,373.277777777778
"background",124,124,333.388888888889,2.11111111111111,195.75
"background",125,125,319.944444444444,78.0277777777778,355.361111111111
"background",126,126,335.722222222222,24.9444444444444,491.916666666667
"background",127,127,325.777777777778,109.416666666667,397.944444444444
"background",128,128,317.5,62.8611111111111,571.555555555556
"background",129,129,335.027777777778,9.94444444444444,464.444444444444
"background",130,130,349.388888888889,1.11111111111111,439.722222222222
"background",131,131,333.083333333333,11.8888888888889,488.916666666667
"background",132,132,312.694444444444,13.5833333333333,436.138888888889
"background",133,133,290.666666666667,41.9722222222222,506.472222222222
"background",134,134,326.888888888889,52.9722222222222,537.777777777778
"background",135,135,309.083333333333,143.388888888889,691.944444444444
"background",136,136,317,1.44444444444444,197.75
"background",137,137,291.361111111111,57.7222222222222,493.916666666667
"background",138,138,332.416666666667,6.97222222222222,325.027777777778
"background",139,139,349.861111111111,12.8333333333333,351.583333333333
"background",140,140,291.222222222222,16.8888888888889,494.055555555556
"background",141,141,328.833333333333,5.11111111111111,445.222222222222
"background",142,142,318.666666666667,7.52777777777778,469.722222222222
"background",143,143,301.257142857143,66.0285714285714,276.342857142857
"background",144,144,340.666666666667,53.9166666666667,194.277777777778
"background",145,145,344.055555555556,17.4166666666667,383.75
"background",146,146,329.777777777778,43.75,369.222222222222
"background",147,147,318.305555555556,5.41666666666667,218.805555555556
"background",148,148,334.888888888889,16.3611111111111,304.25
