"species","x","y","bio5","bio14","bio18"
"species",1,1,308.361111111111,24.6111111111111,379.111111111111
"species",2,2,292.277777777778,24.6388888888889,452.944444444444
"species",3,3,276.666666666667,12.8611111111111,693.5
"species",4,4,293.638888888889,33.3888888888889,616.888888888889
"species",5,5,312.638888888889,31.9166666666667,380.583333333333
"species",6,6,257.305555555556,53.8055555555556,716.944444444444
"species",7,7,293.638888888889,33.3888888888889,616.888888888889
"species",8,8,257.305555555556,53.8055555555556,716.944444444444
"species",9,9,312.638888888889,31.9166666666667,380.583333333333
"species",10,10,308.361111111111,24.6111111111111,379.111111111111
"species",11,11,293.638888888889,33.3888888888889,616.888888888889
"species",12,12,292.277777777778,24.6388888888889,452.944444444444
"species",13,13,304.083333333333,13.5833333333333,493.027777777778
"species",14,14,292.277777777778,24.6388888888889,452.944444444444
"species",15,15,312.638888888889,31.9166666666667,380.583333333333
"species",16,16,301.888888888889,62.1388888888889,304.611111111111
"species",17,17,312.638888888889,31.9166666666667,380.583333333333
"species",18,18,300.730769230769,41.2307692307692,343.346153846154
"species",19,19,300.730769230769,41.2307692307692,343.346153846154
"species",20,20,300.730769230769,41.2307692307692,343.346153846154
"species",21,21,282.361111111111,54.5,580.083333333333
"species",22,22,292.277777777778,24.6388888888889,452.944444444444
"species",23,23,291.222222222222,16.8888888888889,494.055555555556
"species",24,24,293.638888888889,33.3888888888889,616.888888888889
"species",25,25,287.666666666667,34.25,497.083333333333
"species",26,26,264.151515151515,53.6969696969697,733.757575757576
"species",27,27,301.888888888889,62.1388888888889,304.611111111111
"species",28,28,300.730769230769,41.2307692307692,343.346153846154
"species",29,29,312.638888888889,31.9166666666667,380.583333333333
"species",30,30,260.666666666667,24.5833333333333,718.055555555556
"species",31,31,312.638888888889,34.5833333333333,351.277777777778
"species",32,32,300.730769230769,41.2307692307692,343.346153846154
"species",33,33,292.172413793103,66.0689655172414,730.827586206897
"species",34,34,300.730769230769,41.2307692307692,343.346153846154
"species",35,35,300.730769230769,41.2307692307692,343.346153846154
"species",36,36,278.805555555556,14.0277777777778,576.722222222222
"species",37,37,287.666666666667,34.25,497.083333333333
"species",38,38,287.666666666667,34.25,497.083333333333
"species",39,39,300.730769230769,41.2307692307692,343.346153846154
"species",40,40,257.305555555556,53.8055555555556,716.944444444444
"species",41,41,312.638888888889,31.9166666666667,380.583333333333
"species",42,42,272,83.1944444444444,486.666666666667
"species",43,43,257.305555555556,53.8055555555556,716.944444444444
"species",44,44,300.730769230769,41.2307692307692,343.346153846154
"species",45,45,278.555555555556,78.3333333333333,370.916666666667
"species",46,46,293.638888888889,33.3888888888889,616.888888888889
"species",47,47,292.172413793103,66.0689655172414,730.827586206897
"species",48,48,292.172413793103,66.0689655172414,730.827586206897
"species",49,49,257.305555555556,53.8055555555556,716.944444444444
"species",50,50,293.638888888889,33.3888888888889,616.888888888889
"species",51,51,312.638888888889,31.9166666666667,380.583333333333
"species",52,52,300.730769230769,41.2307692307692,343.346153846154
"species",53,53,312.638888888889,31.9166666666667,380.583333333333
"species",54,54,312.638888888889,31.9166666666667,380.583333333333
"species",55,55,257.305555555556,53.8055555555556,716.944444444444
"species",56,56,287.666666666667,34.25,497.083333333333
"species",57,57,292.172413793103,66.0689655172414,730.827586206897
"species",58,58,265.194444444444,23.0277777777778,718.166666666667
"species",59,59,312.638888888889,31.9166666666667,380.583333333333
"species",60,60,300.730769230769,41.2307692307692,343.346153846154
"species",61,61,292.277777777778,24.6388888888889,452.944444444444
"species",62,62,278.555555555556,78.3333333333333,370.916666666667
"species",63,63,291.222222222222,16.8888888888889,494.055555555556
"species",64,64,311.928571428571,49.75,241.071428571429
"species",65,65,291.222222222222,16.8888888888889,494.055555555556
"species",66,66,287.666666666667,34.25,497.083333333333
"species",67,67,264.151515151515,53.6969696969697,733.757575757576
"species",68,68,265.194444444444,23.0277777777778,718.166666666667
"species",69,69,300.730769230769,41.2307692307692,343.346153846154
"species",70,70,282.805555555556,36.4444444444444,526.666666666667
"species",71,71,264.151515151515,53.6969696969697,733.757575757576
"species",72,72,312.638888888889,31.9166666666667,380.583333333333
"species",73,73,287.666666666667,34.25,497.083333333333
"species",74,74,312.638888888889,31.9166666666667,380.583333333333
"species",75,75,287.666666666667,34.25,497.083333333333
"species",76,76,292.277777777778,24.6388888888889,452.944444444444
"species",77,77,291.222222222222,16.8888888888889,494.055555555556
"species",78,78,292.172413793103,66.0689655172414,730.827586206897
"species",79,79,257.305555555556,53.8055555555556,716.944444444444
"species",80,80,274.583333333333,81.2916666666667,570.375
"species",81,81,291.222222222222,16.8888888888889,494.055555555556
"species",82,82,257.305555555556,53.8055555555556,716.944444444444
"species",83,83,292.277777777778,24.6388888888889,452.944444444444
"species",84,84,300.730769230769,41.2307692307692,343.346153846154
"species",85,85,292.172413793103,66.0689655172414,730.827586206897
"species",86,86,312.638888888889,31.9166666666667,380.583333333333
"species",87,87,300.730769230769,41.2307692307692,343.346153846154
"species",88,88,292.277777777778,24.6388888888889,452.944444444444
"species",89,89,264.151515151515,53.6969696969697,733.757575757576
"species",90,90,312.638888888889,34.5833333333333,351.277777777778
"species",91,91,282.361111111111,54.5,580.083333333333
"species",92,92,300.730769230769,41.2307692307692,343.346153846154
"species",93,93,266.444444444444,38.5277777777778,568.166666666667
"species",94,94,293.638888888889,33.3888888888889,616.888888888889
"species",95,95,312.638888888889,31.9166666666667,380.583333333333
"species",96,96,306.515151515152,61.9090909090909,290.878787878788
"species",97,97,312.638888888889,31.9166666666667,380.583333333333
"species",98,98,293.638888888889,33.3888888888889,616.888888888889
"species",99,99,293.638888888889,33.3888888888889,616.888888888889
"species",100,100,291.222222222222,16.8888888888889,494.055555555556
"species",101,101,264.151515151515,53.6969696969697,733.757575757576
"species",102,102,257.305555555556,53.8055555555556,716.944444444444
"species",103,103,310.916666666667,18.0833333333333,534.222222222222
"species",104,104,300.730769230769,41.2307692307692,343.346153846154
"species",105,105,300.730769230769,41.2307692307692,343.346153846154
"species",106,106,300.730769230769,41.2307692307692,343.346153846154
"species",107,107,287.222222222222,78.8611111111111,379.25
"species",108,108,282.361111111111,54.5,580.083333333333
"species",109,109,300.730769230769,41.2307692307692,343.346153846154
"species",110,110,293.638888888889,33.3888888888889,616.888888888889
"species",111,111,292.277777777778,24.6388888888889,452.944444444444
"species",112,112,300.730769230769,41.2307692307692,343.346153846154
"species",113,113,312.638888888889,34.5833333333333,351.277777777778
"species",114,114,282.305555555556,11.5277777777778,629.5
"species",115,115,265.194444444444,23.0277777777778,718.166666666667
"species",116,116,335.722222222222,24.9444444444444,491.916666666667
"species",117,117,286.111111111111,9.52777777777778,590.055555555556
"species",118,118,265.194444444444,23.0277777777778,718.166666666667
"species",119,119,312.638888888889,31.9166666666667,380.583333333333
"species",120,120,257.305555555556,53.8055555555556,716.944444444444
"species",121,121,287.666666666667,34.25,497.083333333333
"species",122,122,287.666666666667,34.25,497.083333333333
"species",123,123,264.151515151515,53.6969696969697,733.757575757576
"species",124,124,310.916666666667,18.0833333333333,534.222222222222
"species",125,125,264.151515151515,53.6969696969697,733.757575757576
"species",126,126,312.638888888889,31.9166666666667,380.583333333333
"species",127,127,293.638888888889,33.3888888888889,616.888888888889
"species",128,128,312.638888888889,31.9166666666667,380.583333333333
"species",129,129,293.638888888889,33.3888888888889,616.888888888889
"species",130,130,312.638888888889,31.9166666666667,380.583333333333
"species",131,131,282.361111111111,54.5,580.083333333333
"species",132,132,287.666666666667,34.25,497.083333333333
"species",133,133,288.416666666667,26.7222222222222,611.416666666667
"species",134,134,312.638888888889,31.9166666666667,380.583333333333
"species",135,135,312.638888888889,31.9166666666667,380.583333333333
"species",136,136,287.222222222222,78.8611111111111,379.25
"species",137,137,276.666666666667,12.8611111111111,693.5
"species",138,138,257.305555555556,53.8055555555556,716.944444444444
"species",139,139,300.730769230769,41.2307692307692,343.346153846154
