"species","x","y","bio5","bio14","bio18"
"background",1,1,348.527777777778,5,360.972222222222
"background",2,2,323.833333333333,55.5,247.833333333333
"background",3,3,311.25,40,474.083333333333
"background",4,4,333.388888888889,21.0277777777778,396.25
"background",5,5,332.972222222222,48.7222222222222,323.888888888889
"background",6,6,309.972222222222,156.638888888889,620.027777777778
"background",7,7,355.944444444444,9.72222222222222,382.972222222222
"background",8,8,329.694444444444,51.3055555555556,201.833333333333
"background",9,9,352.388888888889,2.63888888888889,521.583333333333
"background",10,10,287.777777777778,101.666666666667,417.666666666667
"background",11,11,325.472222222222,2.83333333333333,200.666666666667
"background",12,12,305.305555555556,212.194444444444,710.5
"background",13,13,345.333333333333,3.25,184.25
"background",14,14,339.833333333333,31.4444444444444,507.388888888889
"background",15,15,327.361111111111,1.30555555555556,202.555555555556
"background",16,16,329.5,81.25,294.25
"background",17,17,328.75,14.3888888888889,434.944444444444
"background",18,18,334.833333333333,12.25,104.25
"background",19,19,298.888888888889,12.3611111111111,485.222222222222
"background",20,20,315.777777777778,4.41666666666667,193.527777777778
"background",21,21,341.444444444444,4.05555555555556,369.861111111111
"background",22,22,330,21.3611111111111,324.444444444444
"background",23,23,340.777777777778,3.58333333333333,415.583333333333
"background",24,24,331.916666666667,12.1388888888889,396.5
"background",25,25,336.5,3.58333333333333,65.4722222222222
"background",26,26,324.555555555556,1.91666666666667,212.472222222222
"background",27,27,290.583333333333,7.30555555555556,657.305555555556
"background",28,28,331.305555555556,2.36111111111111,420.861111111111
"background",29,29,326.666666666667,36.0833333333333,146.444444444444
"background",30,30,329.027777777778,6.22222222222222,418.166666666667
"background",31,31,350.388888888889,10.5833333333333,343.638888888889
"background",32,32,344.416666666667,1.5,175.861111111111
