"species","x","y","bio5","bio14","bio18"
"background",1,1,343.222222222222,5.05555555555556,144.25
"background",2,2,351.138888888889,3.5,466.027777777778
"background",3,3,324.75,37.1111111111111,150.333333333333
"background",4,4,320.305555555556,53.9444444444444,245.611111111111
"background",5,5,334.277777777778,2.25,64.8333333333333
"background",6,6,324.305555555556,15.0555555555556,376.694444444444
"background",7,7,332,4.16666666666667,418.888888888889
"background",8,8,335.416666666667,0.5,255.944444444444
"background",9,9,277.944444444444,11.4722222222222,732.222222222222
"background",10,10,347.888888888889,8.86111111111111,564.083333333333
"background",11,11,321.444444444444,5.47222222222222,379.472222222222
"background",12,12,319.361111111111,32.0277777777778,528.222222222222
"background",13,13,332.527777777778,54.9166666666667,204.972222222222
"background",14,14,336.722222222222,26.2222222222222,552.888888888889
"background",15,15,325.944444444444,114.861111111111,390.888888888889
"background",16,16,286.888888888889,14.5277777777778,613.583333333333
"background",17,17,288.194444444444,55.75,521.888888888889
"background",18,18,293.833333333333,18.7777777777778,631.305555555556
"background",19,19,292.888888888889,8.77777777777778,407.027777777778
"background",20,20,292.277777777778,24.6388888888889,452.944444444444
"background",21,21,317.638888888889,59.8888888888889,523.444444444444
"background",22,22,320.833333333333,29.3333333333333,598.333333333333
"background",23,23,324.694444444444,40.9444444444444,174.527777777778
"background",24,24,329.527777777778,0.0833333333333333,240.805555555556
"background",25,25,351.833333333333,9.25,370
