"species","x","y","bio5","bio14","bio18"
"background",1,1,285.444444444444,8.80555555555556,288.638888888889
"background",2,2,349.777777777778,5.13888888888889,549.166666666667
"background",3,3,324.555555555556,21.1111111111111,317.25
"background",4,4,309.972222222222,156.638888888889,620.027777777778
"background",5,5,320.416666666667,30.8333333333333,586.638888888889
"background",6,6,308.277777777778,13.9722222222222,621.194444444444
"background",7,7,345.305555555556,2.27777777777778,438.222222222222
"background",8,8,351.194444444444,0.916666666666667,180
"background",9,9,314.416666666667,109.111111111111,400.777777777778
"background",10,10,308.388888888889,217.527777777778,738.444444444444
"background",11,11,331.111111111111,43.0555555555556,531.444444444444
"background",12,12,338.833333333333,12.1388888888889,110.833333333333
"background",13,13,283.972222222222,20.4166666666667,643.305555555556
"background",14,14,329.861111111111,16.0833333333333,186.555555555556
"background",15,15,317,1.44444444444444,197.75
"background",16,16,317.861111111111,13.8611111111111,194.888888888889
"background",17,17,303.194444444444,122.722222222222,441.5
"background",18,18,344.111111111111,2.47222222222222,173.5
"background",19,19,349.388888888889,1.11111111111111,439.722222222222
"background",20,20,325.194444444444,25.6666666666667,497.111111111111
"background",21,21,282.305555555556,17.9444444444444,651.555555555556
"background",22,22,323.611111111111,118.388888888889,383.777777777778
"background",23,23,323,47.7777777777778,218.611111111111
"background",24,24,321.5,17.2777777777778,318.111111111111
"background",25,25,300.555555555556,4.27777777777778,253.25
