"species","x","y","bio5","bio14","bio18"
"species",1,1,292.888888888889,64.3888888888889,306.111111111111
"species",2,2,312.638888888889,34.5833333333333,351.277777777778
"species",3,3,282.361111111111,54.5,580.083333333333
"species",4,4,282.305555555556,11.5277777777778,629.5
"species",5,5,308.361111111111,24.6111111111111,379.111111111111
"species",6,6,335.722222222222,24.9444444444444,491.916666666667
"species",7,7,311.928571428571,49.75,241.071428571429
"species",8,8,306.515151515152,61.9090909090909,290.878787878788
"species",9,9,257.305555555556,53.8055555555556,716.944444444444
"species",10,10,280.638888888889,23.4444444444444,601.305555555556
"species",11,11,312.638888888889,31.9166666666667,380.583333333333
"species",12,12,278.555555555556,78.3333333333333,370.916666666667
"species",13,13,260.666666666667,24.5833333333333,718.055555555556
"species",14,14,287.666666666667,34.25,497.083333333333
"species",15,15,301.888888888889,62.1388888888889,304.611111111111
"species",16,16,286.111111111111,9.52777777777778,590.055555555556
"species",17,17,272,83.1944444444444,486.666666666667
"species",18,18,304.083333333333,13.5833333333333,493.027777777778
"species",19,19,291.222222222222,16.8888888888889,494.055555555556
"species",20,20,292.172413793103,66.0689655172414,730.827586206897
"species",21,21,289.333333333333,16.1111111111111,314.472222222222
"species",22,22,282.805555555556,36.4444444444444,526.666666666667
"species",23,23,300.730769230769,41.2307692307692,343.346153846154
"species",24,24,310.916666666667,18.0833333333333,534.222222222222
"species",25,25,274.583333333333,81.2916666666667,570.375
