"species","x","y","bio5","bio14","bio18"
"background",1,1,327.75,56.9166666666667,327.555555555556
"background",2,2,323.527777777778,70.6666666666667,370.166666666667
"background",3,3,282.305555555556,17.9444444444444,651.555555555556
"background",4,4,318.611111111111,59,287.638888888889
"background",5,5,355.944444444444,9.72222222222222,382.972222222222
"background",6,6,290.138888888889,6.33333333333333,231.5
"background",7,7,313.666666666667,28.1111111111111,437.055555555556
"background",8,8,287.777777777778,101.666666666667,417.666666666667
"background",9,9,318.861111111111,18.5555555555556,554.444444444444
"background",10,10,283.972222222222,20.4166666666667,643.305555555556
"background",11,11,348.25,4.30555555555556,505.111111111111
"background",12,12,306.515151515152,61.9090909090909,290.878787878788
"background",13,13,354.166666666667,9.75,324.666666666667
"background",14,14,315,134.972222222222,435.5
"background",15,15,285.444444444444,8.80555555555556,288.638888888889
"background",16,16,316.888888888889,57.8888888888889,581.888888888889
"background",17,17,327.861111111111,9.38888888888889,451
"background",18,18,337.972222222222,80.3611111111111,254.222222222222
"background",19,19,310.222222222222,1.52777777777778,233.583333333333
"background",20,20,318.583333333333,161.388888888889,520.833333333333
"background",21,21,265.4,93.4857142857143,475.971428571429
"background",22,22,326.416666666667,78.5,333.333333333333
"background",23,23,319.027777777778,60.8611111111111,550.583333333333
"background",24,24,334.277777777778,97.6666666666667,310.861111111111
"background",25,25,311.861111111111,9.25,405.555555555556
