"species","x","y","bio5","bio14","bio18"
"background",1,1,313.666666666667,102.472222222222,366.944444444444
"background",2,2,336.361111111111,43.3333333333333,458.5
"background",3,3,291.222222222222,16.8888888888889,494.055555555556
"background",4,4,318.583333333333,161.388888888889,520.833333333333
"background",5,5,291.777777777778,96.4444444444444,389.583333333333
"background",6,6,322.611111111111,60.6944444444444,284.166666666667
"background",7,7,323.777777777778,12.1388888888889,375.527777777778
"background",8,8,327.055555555556,54.0277777777778,203.027777777778
"background",9,9,329.527777777778,0.0833333333333333,240.805555555556
"background",10,10,321.166666666667,6.61111111111111,617.666666666667
"background",11,11,333.666666666667,4.36111111111111,45.1944444444444
"background",12,12,329.666666666667,89.0277777777778,278.527777777778
"background",13,13,287.222222222222,78.8611111111111,379.25
"background",14,14,349.888888888889,5.61111111111111,283.333333333333
"background",15,15,333.388888888889,2.11111111111111,195.75
"background",16,16,323.833333333333,61.6944444444444,235.055555555556
"background",17,17,272,117.083333333333,455.222222222222
"background",18,18,329.972222222222,23.5,360.416666666667
"background",19,19,268.777777777778,20.5,678
"background",20,20,319.111111111111,177.555555555556,714.305555555556
"background",21,21,329.638888888889,19.7222222222222,142.222222222222
"background",22,22,351.111111111111,1.94444444444444,460.222222222222
"background",23,23,323.277777777778,26.6666666666667,158.75
"background",24,24,347.888888888889,8.86111111111111,564.083333333333
"background",25,25,298.888888888889,12.3611111111111,485.222222222222
"background",26,26,275,13.9444444444444,633.583333333333
"background",27,27,288.5,3.22222222222222,328.361111111111
"background",28,28,310.166666666667,8.5,565.305555555556
"background",29,29,321.083333333333,7.97222222222222,267.666666666667
"background",30,30,314.305555555556,134.277777777778,628.916666666667
"background",31,31,317.638888888889,33.9166666666667,155.277777777778
"background",32,32,312.638888888889,34.5833333333333,351.277777777778
"background",33,33,305.638888888889,104.027777777778,356.333333333333
"background",34,34,338.833333333333,12.1388888888889,110.833333333333
"background",35,35,322.305555555556,105.444444444444,422.305555555556
"background",36,36,322.333333333333,5.47222222222222,541.861111111111
"background",37,37,346.305555555556,1.13888888888889,157.361111111111
"background",38,38,302.222222222222,4.11111111111111,502.833333333333
"background",39,39,321.805555555556,54.5,266.5
"background",40,40,313.666666666667,33.4722222222222,490
"background",41,41,305.25,2.11111111111111,258.694444444444
"background",42,42,319.638888888889,23.3888888888889,655.805555555556
"background",43,43,315.5,26.6388888888889,228.5
"background",44,44,355.944444444444,9.72222222222222,382.972222222222
"background",45,45,352.5,4.44444444444444,248.055555555556
"background",46,46,316.305555555556,26.5833333333333,489.166666666667
"background",47,47,327.916666666667,41.7777777777778,198.222222222222
"background",48,48,342.861111111111,2.13888888888889,154.5
"background",49,49,347.055555555556,8.72222222222222,311.75
"background",50,50,308.555555555556,37.3888888888889,451.694444444444
"background",51,51,324.09375,8.5625,39.90625
"background",52,52,314.444444444444,96.7222222222222,623.916666666667
"background",53,53,290.875,96.8125,362.46875
"background",54,54,284.944444444444,8.5,562.527777777778
"background",55,55,300.75,35.1111111111111,543.111111111111
"background",56,56,325.194444444444,25.6666666666667,497.111111111111
"background",57,57,314.305555555556,12.5833333333333,147.027777777778
"background",58,58,308.361111111111,18.6666666666667,228.805555555556
"background",59,59,318.5,127.916666666667,581.833333333333
"background",60,60,335.416666666667,0.5,255.944444444444
"background",61,61,309.5,33.5277777777778,530.138888888889
"background",62,62,336.583333333333,6.05555555555556,256.916666666667
"background",63,63,315.944444444444,56.9166666666667,628.583333333333
"background",64,64,304.972222222222,73.8055555555556,288.111111111111
"background",65,65,322.194444444444,0.972222222222222,262.861111111111
"background",66,66,315,134.972222222222,435.5
"background",67,67,344.055555555556,17.4166666666667,383.75
"background",68,68,356.194444444444,3.80555555555556,627.972222222222
"background",69,69,337.888888888889,4.05555555555556,410.722222222222
"background",70,70,354.638888888889,9.36111111111111,75.4166666666667
"background",71,71,327.75,46.4166666666667,250.833333333333
"background",72,72,328.25,74.75,263.222222222222
"background",73,73,288.194444444444,55.75,521.888888888889
"background",74,74,320.027777777778,36.5,584.194444444444
"background",75,75,336.527777777778,11.4444444444444,599.138888888889
"background",76,76,326.472222222222,3.88888888888889,68.5
"background",77,77,318.777777777778,45.0555555555556,620.361111111111
"background",78,78,328.583333333333,33.6388888888889,130.138888888889
"background",79,79,303.5,11,664.527777777778
"background",80,80,339.222222222222,0.722222222222222,143.305555555556
"background",81,81,305.555555555556,7.75,585.5
"background",82,82,343.083333333333,0,170.027777777778
"background",83,83,314.5,5.38888888888889,183.444444444444
"background",84,84,333.194444444444,16,206.416666666667
"background",85,85,302.805555555556,21.6111111111111,157.333333333333
"background",86,86,318.722222222222,3.30555555555556,325.722222222222
"background",87,87,282.722222222222,132.888888888889,558.611111111111
"background",88,88,281.083333333333,18.1111111111111,245.972222222222
"background",89,89,328.111111111111,41.0277777777778,179.305555555556
"background",90,90,334.777777777778,3.44444444444444,228.472222222222
"background",91,91,317.333333333333,31.5833333333333,472.416666666667
"background",92,92,340.666666666667,8.36111111111111,90.5
"background",93,93,316.388888888889,20.3333333333333,415.416666666667
"background",94,94,315.777777777778,2.91666666666667,51.5555555555556
"background",95,95,332.277777777778,15.5555555555556,575.638888888889
"background",96,96,311.388888888889,4.47222222222222,389.055555555556
"background",97,97,338.194444444444,10.5555555555556,507.805555555556
"background",98,98,327.027777777778,79.1944444444444,267.111111111111
"background",99,99,330.472222222222,75.5277777777778,273.583333333333
"background",100,100,335.277777777778,72.9722222222222,257.75
"background",101,101,289.333333333333,16.1111111111111,314.472222222222
"background",102,102,336.722222222222,26.2222222222222,552.888888888889
"background",103,103,291.361111111111,57.7222222222222,493.916666666667
"background",104,104,346.305555555556,7.36111111111111,249.472222222222
"background",105,105,323.833333333333,55.5,247.833333333333
"background",106,106,312.083333333333,37.3333333333333,305.888888888889
"background",107,107,316.75,11.0555555555556,539.861111111111
"background",108,108,356.944444444444,11.1666666666667,348.444444444444
"background",109,109,324.555555555556,21.1111111111111,317.25
"background",110,110,323.583333333333,50.8888888888889,250.305555555556
"background",111,111,309.388888888889,23.2222222222222,174.277777777778
"background",112,112,346.138888888889,0.805555555555555,246.333333333333
"background",113,113,293.861111111111,5,449.388888888889
"background",114,114,316.444444444444,183.638888888889,655.861111111111
"background",115,115,326.388888888889,87.9444444444444,314.916666666667
"background",116,116,315.777777777778,162.416666666667,541.194444444444
"background",117,117,351.472222222222,6.63888888888889,110.138888888889
"background",118,118,281.444444444444,103.277777777778,537.916666666667
"background",119,119,320.777777777778,6.5,353.25
"background",120,120,344.805555555556,1.61111111111111,31.75
"background",121,121,288.666666666667,13.1111111111111,147.527777777778
"background",122,122,318.444444444444,0.694444444444444,191.305555555556
"background",123,123,297.388888888889,1.72222222222222,335.055555555556
"background",124,124,338.138888888889,18.3333333333333,498.194444444444
"background",125,125,318.166666666667,97.6388888888889,650.055555555556
"background",126,126,311.055555555556,13.0555555555556,187.055555555556
"background",127,127,321.444444444444,129.972222222222,419.083333333333
"background",128,128,318.138888888889,24.6388888888889,653
"background",129,129,323,19.5833333333333,283.611111111111
"background",130,130,324.75,44.7777777777778,200.972222222222
"background",131,131,322.777777777778,138.222222222222,517.805555555556
"background",132,132,332.777777777778,44.5833333333333,156.805555555556
"background",133,133,329.583333333333,26.5,162.444444444444
"background",134,134,306.583333333333,19.4444444444444,353.444444444444
"background",135,135,333.638888888889,17.4166666666667,133.75
"background",136,136,317,79.4722222222222,651.333333333333
"background",137,137,342.666666666667,3.22222222222222,107.888888888889
"background",138,138,330.5,72.5,286.75
"background",139,139,317.916666666667,52.1111111111111,566.722222222222
"background",140,140,312.694444444444,13.5833333333333,436.138888888889
"background",141,141,279.555555555556,11.9722222222222,660.694444444444
"background",142,142,326.055555555556,22.6666666666667,101.694444444444
"background",143,143,333.083333333333,11.8888888888889,488.916666666667
"background",144,144,309.527777777778,174.861111111111,586.916666666667
"background",145,145,312.638888888889,31.9166666666667,380.583333333333
"background",146,146,325,9.36111111111111,573.611111111111
"background",147,147,334.888888888889,16.3611111111111,304.25
"background",148,148,319.861111111111,36.25,142.027777777778
