"species","x","y","bio5","bio14","bio18"
"species",1,1,287.666666666667,34.25,497.083333333333
"species",2,2,293.638888888889,33.3888888888889,616.888888888889
"species",3,3,312.638888888889,31.9166666666667,380.583333333333
"species",4,4,300.730769230769,41.2307692307692,343.346153846154
"species",5,5,300.730769230769,41.2307692307692,343.346153846154
"species",6,6,312.638888888889,31.9166666666667,380.583333333333
"species",7,7,287.666666666667,34.25,497.083333333333
"species",8,8,312.638888888889,31.9166666666667,380.583333333333
"species",9,9,308.361111111111,24.6111111111111,379.111111111111
"species",10,10,292.277777777778,24.6388888888889,452.944444444444
"species",11,11,300.730769230769,41.2307692307692,343.346153846154
"species",12,12,287.666666666667,34.25,497.083333333333
"species",13,13,312.638888888889,31.9166666666667,380.583333333333
"species",14,14,266.444444444444,38.5277777777778,568.166666666667
"species",15,15,293.638888888889,33.3888888888889,616.888888888889
"species",16,16,257.305555555556,53.8055555555556,716.944444444444
"species",17,17,312.638888888889,31.9166666666667,380.583333333333
"species",18,18,293.638888888889,33.3888888888889,616.888888888889
"species",19,19,312.638888888889,31.9166666666667,380.583333333333
"species",20,20,282.361111111111,54.5,580.083333333333
"species",21,21,308.361111111111,24.6111111111111,379.111111111111
"species",22,22,265.194444444444,23.0277777777778,718.166666666667
"species",23,23,292.888888888889,64.3888888888889,306.111111111111
"species",24,24,293.638888888889,33.3888888888889,616.888888888889
"species",25,25,292.172413793103,66.0689655172414,730.827586206897
"species",26,26,312.638888888889,31.9166666666667,380.583333333333
"species",27,27,293.638888888889,33.3888888888889,616.888888888889
"species",28,28,300.730769230769,41.2307692307692,343.346153846154
"species",29,29,293.638888888889,33.3888888888889,616.888888888889
"species",30,30,300.730769230769,41.2307692307692,343.346153846154
"species",31,31,313.333333333333,62.4444444444444,489.555555555556
"species",32,32,287.666666666667,34.25,497.083333333333
"species",33,33,257.305555555556,53.8055555555556,716.944444444444
"species",34,34,292.172413793103,66.0689655172414,730.827586206897
"species",35,35,282.361111111111,54.5,580.083333333333
"species",36,36,264.151515151515,53.6969696969697,733.757575757576
"species",37,37,293.638888888889,33.3888888888889,616.888888888889
"species",38,38,312.638888888889,31.9166666666667,380.583333333333
"species",39,39,312.638888888889,31.9166666666667,380.583333333333
"species",40,40,312.638888888889,31.9166666666667,380.583333333333
"species",41,41,312.638888888889,31.9166666666667,380.583333333333
"species",42,42,292.888888888889,64.3888888888889,306.111111111111
"species",43,43,292.277777777778,24.6388888888889,452.944444444444
"species",44,44,292.277777777778,24.6388888888889,452.944444444444
"species",45,45,293.638888888889,33.3888888888889,616.888888888889
"species",46,46,312.638888888889,31.9166666666667,380.583333333333
"species",47,47,292.277777777778,24.6388888888889,452.944444444444
"species",48,48,301.888888888889,62.1388888888889,304.611111111111
"species",49,49,292.172413793103,66.0689655172414,730.827586206897
"species",50,50,304.083333333333,13.5833333333333,493.027777777778
"species",51,51,276.666666666667,12.8611111111111,693.5
"species",52,52,291.222222222222,16.8888888888889,494.055555555556
"species",53,53,300.730769230769,41.2307692307692,343.346153846154
"species",54,54,335.722222222222,24.9444444444444,491.916666666667
"species",55,55,292.172413793103,66.0689655172414,730.827586206897
"species",56,56,265.194444444444,23.0277777777778,718.166666666667
"species",57,57,300.730769230769,41.2307692307692,343.346153846154
"species",58,58,286.111111111111,9.52777777777778,590.055555555556
"species",59,59,312.638888888889,31.9166666666667,380.583333333333
"species",60,60,292.277777777778,24.6388888888889,452.944444444444
"species",61,61,301.888888888889,62.1388888888889,304.611111111111
"species",62,62,300.730769230769,41.2307692307692,343.346153846154
"species",63,63,300.730769230769,41.2307692307692,343.346153846154
"species",64,64,264.151515151515,53.6969696969697,733.757575757576
"species",65,65,291.222222222222,16.8888888888889,494.055555555556
"species",66,66,312.638888888889,31.9166666666667,380.583333333333
"species",67,67,300.730769230769,41.2307692307692,343.346153846154
"species",68,68,257.305555555556,53.8055555555556,716.944444444444
"species",69,69,300.730769230769,41.2307692307692,343.346153846154
"species",70,70,310.916666666667,18.0833333333333,534.222222222222
"species",71,71,265.194444444444,23.0277777777778,718.166666666667
"species",72,72,312.638888888889,31.9166666666667,380.583333333333
"species",73,73,260.666666666667,24.5833333333333,718.055555555556
"species",74,74,312.638888888889,34.5833333333333,351.277777777778
"species",75,75,265.194444444444,23.0277777777778,718.166666666667
"species",76,76,292.172413793103,66.0689655172414,730.827586206897
"species",77,77,312.638888888889,31.9166666666667,380.583333333333
"species",78,78,312.638888888889,31.9166666666667,380.583333333333
"species",79,79,312.638888888889,34.5833333333333,351.277777777778
"species",80,80,276.666666666667,12.8611111111111,693.5
"species",81,81,312.638888888889,31.9166666666667,380.583333333333
"species",82,82,300.730769230769,41.2307692307692,343.346153846154
"species",83,83,300.730769230769,41.2307692307692,343.346153846154
"species",84,84,272,83.1944444444444,486.666666666667
"species",85,85,287.222222222222,78.8611111111111,379.25
"species",86,86,257.305555555556,53.8055555555556,716.944444444444
"species",87,87,257.305555555556,53.8055555555556,716.944444444444
"species",88,88,282.361111111111,54.5,580.083333333333
"species",89,89,257.305555555556,53.8055555555556,716.944444444444
"species",90,90,264.151515151515,53.6969696969697,733.757575757576
"species",91,91,265.194444444444,23.0277777777778,718.166666666667
"species",92,92,264.151515151515,53.6969696969697,733.757575757576
"species",93,93,300.730769230769,41.2307692307692,343.346153846154
"species",94,94,291.222222222222,16.8888888888889,494.055555555556
"species",95,95,257.305555555556,53.8055555555556,716.944444444444
"species",96,96,257.305555555556,53.8055555555556,716.944444444444
"species",97,97,280.638888888889,23.4444444444444,601.305555555556
"species",98,98,312.638888888889,31.9166666666667,380.583333333333
"species",99,99,265.194444444444,23.0277777777778,718.166666666667
"species",100,100,293.638888888889,33.3888888888889,616.888888888889
"species",101,101,274.583333333333,81.2916666666667,570.375
"species",102,102,293.638888888889,33.3888888888889,616.888888888889
"species",103,103,286.111111111111,9.52777777777778,590.055555555556
"species",104,104,312.638888888889,31.9166666666667,380.583333333333
"species",105,105,292.277777777778,24.6388888888889,452.944444444444
"species",106,106,282.305555555556,11.5277777777778,629.5
"species",107,107,312.638888888889,31.9166666666667,380.583333333333
"species",108,108,287.222222222222,78.8611111111111,379.25
"species",109,109,312.638888888889,31.9166666666667,380.583333333333
"species",110,110,282.805555555556,36.4444444444444,526.666666666667
"species",111,111,278.805555555556,14.0277777777778,576.722222222222
"species",112,112,300.730769230769,41.2307692307692,343.346153846154
"species",113,113,292.277777777778,24.6388888888889,452.944444444444
"species",114,114,312.638888888889,34.5833333333333,351.277777777778
"species",115,115,312.638888888889,31.9166666666667,380.583333333333
"species",116,116,300.730769230769,41.2307692307692,343.346153846154
"species",117,117,292.277777777778,24.6388888888889,452.944444444444
"species",118,118,300.730769230769,41.2307692307692,343.346153846154
"species",119,119,287.222222222222,78.8611111111111,379.25
"species",120,120,312.638888888889,34.5833333333333,351.277777777778
"species",121,121,312.638888888889,31.9166666666667,380.583333333333
"species",122,122,287.666666666667,34.25,497.083333333333
"species",123,123,311.928571428571,49.75,241.071428571429
"species",124,124,257.305555555556,53.8055555555556,716.944444444444
"species",125,125,300.730769230769,41.2307692307692,343.346153846154
"species",126,126,300.730769230769,41.2307692307692,343.346153846154
"species",127,127,278.555555555556,78.3333333333333,370.916666666667
"species",128,128,292.277777777778,24.6388888888889,452.944444444444
"species",129,129,312.638888888889,31.9166666666667,380.583333333333
"species",130,130,278.555555555556,78.3333333333333,370.916666666667
"species",131,131,313.333333333333,62.4444444444444,489.555555555556
"species",132,132,265.194444444444,23.0277777777778,718.166666666667
"species",133,133,287.666666666667,34.25,497.083333333333
"species",134,134,312.638888888889,31.9166666666667,380.583333333333
"species",135,135,300.730769230769,41.2307692307692,343.346153846154
"species",136,136,291.222222222222,16.8888888888889,494.055555555556
"species",137,137,312.638888888889,31.9166666666667,380.583333333333
