"species","x","y","bio5","bio14","bio18"
"background",1,1,336.361111111111,43.3333333333333,458.5
"background",2,2,291.194444444444,30.7777777777778,217.694444444444
"background",3,3,329.861111111111,16.0833333333333,186.555555555556
"background",4,4,347.361111111111,18.5277777777778,488.777777777778
"background",5,5,320.722222222222,84.6111111111111,421.222222222222
"background",6,6,321.444444444444,8.97222222222222,350.5
"background",7,7,325,9.36111111111111,573.611111111111
"background",8,8,272,83.1944444444444,486.666666666667
"background",9,9,320.472222222222,2.61111111111111,63.1944444444444
"background",10,10,298,8.63888888888889,387.805555555556
"background",11,11,322.777777777778,138.222222222222,517.805555555556
"background",12,12,261.888888888889,74.3055555555556,502.972222222222
"background",13,13,316.916666666667,64.75,589.361111111111
"background",14,14,320.222222222222,0.472222222222222,248.166666666667
"background",15,15,331.944444444444,8.55555555555556,334.805555555556
"background",16,16,323,19.5833333333333,283.611111111111
