"species","x","y","bio5","bio14","bio18"
"background",1,1,327.527777777778,21.9444444444444,468.027777777778
"background",2,2,325.583333333333,91.4166666666667,366.194444444444
"background",3,3,353.416666666667,6.5,117.555555555556
"background",4,4,348,1.44444444444444,135.805555555556
"background",5,5,283.972222222222,20.4166666666667,643.305555555556
"background",6,6,282.361111111111,54.5,580.083333333333
"background",7,7,288.666666666667,13.1111111111111,147.527777777778
"background",8,8,339.472222222222,0.361111111111111,147.638888888889
"background",9,9,310.444444444444,5.33333333333333,220.472222222222
"background",10,10,303.722222222222,21.3888888888889,570
"background",11,11,315.25,103.555555555556,575.138888888889
"background",12,12,330.055555555556,67.0277777777778,261.833333333333
"background",13,13,322.444444444444,66.5833333333333,285.833333333333
"background",14,14,290.833333333333,12.9444444444444,300.638888888889
"background",15,15,335,28.0833333333333,301.611111111111
"background",16,16,332.972222222222,48.7222222222222,323.888888888889
"background",17,17,288.944444444444,125.027777777778,470.5
"background",18,18,335.472222222222,55.9722222222222,202.833333333333
"background",19,19,322.833333333333,85.2777777777778,389.166666666667
"background",20,20,329.861111111111,16.0833333333333,186.555555555556
"background",21,21,286.944444444444,30.6111111111111,279.416666666667
"background",22,22,312.694444444444,13.5833333333333,436.138888888889
"background",23,23,322.694444444444,78.5,479.944444444444
"background",24,24,314.75,3.91666666666667,230.527777777778
"background",25,25,322.111111111111,8.83333333333333,397.75
"background",26,26,337.527777777778,2.13888888888889,76.0833333333333
"background",27,27,260.388888888889,100.111111111111,492.861111111111
"background",28,28,306.515151515152,61.9090909090909,290.878787878788
"background",29,29,329.027777777778,61.7777777777778,225.638888888889
"background",30,30,264.151515151515,53.6969696969697,733.757575757576
"background",31,31,339.916666666667,1,108.638888888889
"background",32,32,317.972222222222,25.7777777777778,225.916666666667
"background",33,33,351.833333333333,9.25,370
"background",34,34,324.75,37.1111111111111,150.333333333333
"background",35,35,327.388888888889,60.3888888888889,481.305555555556
"background",36,36,339.222222222222,0.722222222222222,143.305555555556
"background",37,37,330.333333333333,14.6666666666667,351.305555555556
"background",38,38,321.555555555556,102.5,439.777777777778
"background",39,39,297.611111111111,21.9722222222222,258.25
"background",40,40,318.583333333333,19.4722222222222,214.583333333333
"background",41,41,315.194444444444,26.3611111111111,553.166666666667
"background",42,42,314.444444444444,2.61111111111111,89.9444444444444
"background",43,43,258.805555555556,26.8611111111111,683.277777777778
"background",44,44,332.527777777778,54.9166666666667,204.972222222222
"background",45,45,314.583333333333,4.5,191.583333333333
"background",46,46,297.583333333333,105.222222222222,560.111111111111
"background",47,47,328.472222222222,17.5,105
"background",48,48,297.333333333333,6.02777777777778,230.555555555556
"background",49,49,286.111111111111,9.52777777777778,590.055555555556
"background",50,50,340.527777777778,0.583333333333333,227.583333333333
"background",51,51,306.611111111111,181.361111111111,843.861111111111
"background",52,52,254.833333333333,117.944444444444,462.166666666667
"background",53,53,282.805555555556,36.4444444444444,526.666666666667
"background",54,54,342.611111111111,22.6111111111111,534.138888888889
"background",55,55,315.944444444444,56.9166666666667,628.583333333333
"background",56,56,327.527777777778,71.1111111111111,308.027777777778
"background",57,57,326.583333333333,20.5555555555556,137.694444444444
"background",58,58,306.75,21.4722222222222,412.277777777778
"background",59,59,326.111111111111,95.5,342.861111111111
"background",60,60,312.416666666667,6.5,757.666666666667
"background",61,61,329.75,15.3055555555556,465.694444444444
"background",62,62,328.75,14.3888888888889,434.944444444444
"background",63,63,313.666666666667,33.4722222222222,490
"background",64,64,322.611111111111,60.6944444444444,284.166666666667
"background",65,65,322.230769230769,13.6538461538462,101.884615384615
"background",66,66,314.444444444444,96.7222222222222,623.916666666667
"background",67,67,326.388888888889,87.9444444444444,314.916666666667
"background",68,68,315.277777777778,8.19444444444444,297.833333333333
"background",69,69,296.333333333333,7.47222222222222,628.027777777778
"background",70,70,316.75,11.0555555555556,539.861111111111
"background",71,71,342.416666666667,20.1111111111111,555.25
"background",72,72,350.722222222222,0.888888888888889,131.944444444444
"background",73,73,282.305555555556,11.5277777777778,629.5
"background",74,74,274.583333333333,81.2916666666667,570.375
"background",75,75,337.888888888889,4.05555555555556,410.722222222222
"background",76,76,317.638888888889,159.888888888889,576.277777777778
"background",77,77,319.027777777778,60.8611111111111,550.583333333333
"background",78,78,323.833333333333,55.5,247.833333333333
"background",79,79,316.888888888889,57.8888888888889,581.888888888889
"background",80,80,332.777777777778,44.5833333333333,156.805555555556
"background",81,81,292.138888888889,80.4722222222222,333.444444444444
"background",82,82,287.222222222222,78.8611111111111,379.25
"background",83,83,327.583333333333,67.2777777777778,283.333333333333
"background",84,84,317,1.44444444444444,197.75
"background",85,85,314.25,89.3611111111111,633
"background",86,86,339.25,25.2777777777778,513.388888888889
"background",87,87,287.666666666667,34.25,497.083333333333
"background",88,88,319.694444444444,42.4722222222222,517.083333333333
"background",89,89,339.833333333333,31.4444444444444,507.388888888889
"background",90,90,351.472222222222,6.63888888888889,110.138888888889
"background",91,91,326.083333333333,55.2222222222222,247.305555555556
"background",92,92,321.444444444444,5.47222222222222,379.472222222222
"background",93,93,257.305555555556,53.8055555555556,716.944444444444
"background",94,94,329.055555555556,27.25,132.222222222222
"background",95,95,319.111111111111,177.555555555556,714.305555555556
"background",96,96,321.916666666667,72.6111111111111,618.083333333333
"background",97,97,315.111111111111,173.416666666667,561.694444444444
"background",98,98,318.888888888889,2.61111111111111,194.222222222222
"background",99,99,344.444444444444,1.75,484.472222222222
"background",100,100,293.861111111111,5,449.388888888889
"background",101,101,319.833333333333,66.4444444444444,284.444444444444
"background",102,102,351.194444444444,0.916666666666667,180
"background",103,103,326,35.8055555555556,472.777777777778
"background",104,104,323.277777777778,26.6666666666667,158.75
"background",105,105,295.416666666667,3.30555555555556,158.583333333333
"background",106,106,324.694444444444,40.9444444444444,174.527777777778
"background",107,107,342.861111111111,2.13888888888889,154.5
"background",108,108,308.361111111111,18.6666666666667,228.805555555556
"background",109,109,336.944444444444,7.58333333333333,469.611111111111
"background",110,110,349.25,4.27777777777778,306
"background",111,111,340.555555555556,8.83333333333333,361.722222222222
"background",112,112,320.472222222222,2.61111111111111,63.1944444444444
"background",113,113,349.388888888889,1.11111111111111,439.722222222222
"background",114,114,330.5,72.5,286.75
"background",115,115,284.944444444444,8.5,562.527777777778
"background",116,116,312.916666666667,230.055555555556,748.805555555556
"background",117,117,335.416666666667,0.5,255.944444444444
"background",118,118,323.777777777778,12.1388888888889,375.527777777778
"background",119,119,347.055555555556,8.72222222222222,311.75
"background",120,120,330.916666666667,23.4444444444444,124.444444444444
"background",121,121,295.583333333333,97.5,387.416666666667
"background",122,122,325.305555555556,24.9444444444444,341.861111111111
"background",123,123,307.388888888889,220.527777777778,795.277777777778
"background",124,124,318,13.6388888888889,399.611111111111
"background",125,125,334.277777777778,97.6666666666667,310.861111111111
"background",126,126,298,8.63888888888889,387.805555555556
"background",127,127,324.555555555556,1.91666666666667,212.472222222222
"background",128,128,332.555555555556,4.69444444444444,70.6111111111111
"background",129,129,329.583333333333,26.5,162.444444444444
"background",130,130,328.277777777778,10.8333333333333,118.805555555556
"background",131,131,343.083333333333,0,170.027777777778
"background",132,132,352.5,4.44444444444444,248.055555555556
"background",133,133,330,21.3611111111111,324.444444444444
"background",134,134,340.888888888889,3.22222222222222,397.833333333333
"background",135,135,315.777777777778,2.91666666666667,51.5555555555556
"background",136,136,314.666666666667,23.7777777777778,456.5
"background",137,137,342.361111111111,16.0277777777778,553.25
"background",138,138,344.111111111111,2.47222222222222,173.5
"background",139,139,284.583333333333,19.8055555555556,622.388888888889
"background",140,140,324.09375,8.5625,39.90625
"background",141,141,312.638888888889,31.9166666666667,380.583333333333
"background",142,142,305.638888888889,104.027777777778,356.333333333333
"background",143,143,314.305555555556,12.5833333333333,147.027777777778
"background",144,144,311.861111111111,9.25,405.555555555556
"background",145,145,326.055555555556,22.6666666666667,101.694444444444
"background",146,146,284.611111111111,116.555555555556,442.944444444444
"background",147,147,304.416666666667,4.91666666666667,339.416666666667
"background",148,148,306.722222222222,129.5,411.194444444444
