"species","x","y","bio5","bio14","bio18"
"species",1,1,312.638888888889,31.9166666666667,380.583333333333
"species",2,2,312.638888888889,31.9166666666667,380.583333333333
"species",3,3,278.555555555556,78.3333333333333,370.916666666667
"species",4,4,293.638888888889,33.3888888888889,616.888888888889
"species",5,5,291.222222222222,16.8888888888889,494.055555555556
"species",6,6,257.305555555556,53.8055555555556,716.944444444444
"species",7,7,293.638888888889,33.3888888888889,616.888888888889
"species",8,8,300.730769230769,41.2307692307692,343.346153846154
"species",9,9,292.277777777778,24.6388888888889,452.944444444444
"species",10,10,287.666666666667,34.25,497.083333333333
"species",11,11,287.222222222222,78.8611111111111,379.25
"species",12,12,312.638888888889,31.9166666666667,380.583333333333
"species",13,13,300.730769230769,41.2307692307692,343.346153846154
"species",14,14,312.638888888889,31.9166666666667,380.583333333333
"species",15,15,300.730769230769,41.2307692307692,343.346153846154
"species",16,16,312.638888888889,34.5833333333333,351.277777777778
"species",17,17,312.638888888889,31.9166666666667,380.583333333333
"species",18,18,300.730769230769,41.2307692307692,343.346153846154
"species",19,19,293.638888888889,33.3888888888889,616.888888888889
"species",20,20,287.666666666667,34.25,497.083333333333
"species",21,21,276.666666666667,12.8611111111111,693.5
"species",22,22,287.666666666667,34.25,497.083333333333
"species",23,23,300.730769230769,41.2307692307692,343.346153846154
"species",24,24,300.730769230769,41.2307692307692,343.346153846154
"species",25,25,257.305555555556,53.8055555555556,716.944444444444
"species",26,26,312.638888888889,31.9166666666667,380.583333333333
"species",27,27,292.277777777778,24.6388888888889,452.944444444444
"species",28,28,312.638888888889,31.9166666666667,380.583333333333
"species",29,29,287.666666666667,34.25,497.083333333333
"species",30,30,264.151515151515,53.6969696969697,733.757575757576
"species",31,31,312.638888888889,34.5833333333333,351.277777777778
"species",32,32,264.151515151515,53.6969696969697,733.757575757576
"species",33,33,312.638888888889,31.9166666666667,380.583333333333
"species",34,34,291.222222222222,16.8888888888889,494.055555555556
"species",35,35,274.583333333333,81.2916666666667,570.375
"species",36,36,300.730769230769,41.2307692307692,343.346153846154
"species",37,37,310.916666666667,18.0833333333333,534.222222222222
"species",38,38,312.638888888889,31.9166666666667,380.583333333333
"species",39,39,311.928571428571,49.75,241.071428571429
"species",40,40,292.277777777778,24.6388888888889,452.944444444444
"species",41,41,257.305555555556,53.8055555555556,716.944444444444
"species",42,42,312.638888888889,31.9166666666667,380.583333333333
"species",43,43,292.888888888889,64.3888888888889,306.111111111111
"species",44,44,312.638888888889,31.9166666666667,380.583333333333
"species",45,45,265.194444444444,23.0277777777778,718.166666666667
"species",46,46,278.805555555556,14.0277777777778,576.722222222222
"species",47,47,280.638888888889,23.4444444444444,601.305555555556
"species",48,48,264.151515151515,53.6969696969697,733.757575757576
"species",49,49,260.666666666667,24.5833333333333,718.055555555556
"species",50,50,257.305555555556,53.8055555555556,716.944444444444
"species",51,51,293.638888888889,33.3888888888889,616.888888888889
"species",52,52,300.730769230769,41.2307692307692,343.346153846154
"species",53,53,291.222222222222,16.8888888888889,494.055555555556
"species",54,54,312.638888888889,31.9166666666667,380.583333333333
"species",55,55,286.111111111111,9.52777777777778,590.055555555556
"species",56,56,287.222222222222,78.8611111111111,379.25
"species",57,57,265.194444444444,23.0277777777778,718.166666666667
"species",58,58,304.083333333333,13.5833333333333,493.027777777778
"species",59,59,278.805555555556,14.0277777777778,576.722222222222
"species",60,60,292.277777777778,24.6388888888889,452.944444444444
"species",61,61,292.277777777778,24.6388888888889,452.944444444444
"species",62,62,292.888888888889,64.3888888888889,306.111111111111
"species",63,63,310.916666666667,18.0833333333333,534.222222222222
"species",64,64,264.151515151515,53.6969696969697,733.757575757576
"species",65,65,312.638888888889,31.9166666666667,380.583333333333
"species",66,66,300.730769230769,41.2307692307692,343.346153846154
"species",67,67,292.277777777778,24.6388888888889,452.944444444444
"species",68,68,287.666666666667,34.25,497.083333333333
"species",69,69,312.638888888889,31.9166666666667,380.583333333333
"species",70,70,292.277777777778,24.6388888888889,452.944444444444
"species",71,71,313.333333333333,62.4444444444444,489.555555555556
"species",72,72,265.194444444444,23.0277777777778,718.166666666667
"species",73,73,257.305555555556,53.8055555555556,716.944444444444
"species",74,74,265.194444444444,23.0277777777778,718.166666666667
"species",75,75,266.444444444444,38.5277777777778,568.166666666667
"species",76,76,265.194444444444,23.0277777777778,718.166666666667
"species",77,77,272,83.1944444444444,486.666666666667
"species",78,78,312.638888888889,31.9166666666667,380.583333333333
"species",79,79,257.305555555556,53.8055555555556,716.944444444444
"species",80,80,312.638888888889,31.9166666666667,380.583333333333
"species",81,81,292.172413793103,66.0689655172414,730.827586206897
"species",82,82,293.638888888889,33.3888888888889,616.888888888889
"species",83,83,265.194444444444,23.0277777777778,718.166666666667
"species",84,84,282.361111111111,54.5,580.083333333333
"species",85,85,292.172413793103,66.0689655172414,730.827586206897
"species",86,86,291.222222222222,16.8888888888889,494.055555555556
"species",87,87,292.172413793103,66.0689655172414,730.827586206897
"species",88,88,312.638888888889,31.9166666666667,380.583333333333
"species",89,89,312.638888888889,31.9166666666667,380.583333333333
"species",90,90,301.888888888889,62.1388888888889,304.611111111111
"species",91,91,264.151515151515,53.6969696969697,733.757575757576
"species",92,92,312.638888888889,31.9166666666667,380.583333333333
"species",93,93,293.638888888889,33.3888888888889,616.888888888889
"species",94,94,293.638888888889,33.3888888888889,616.888888888889
"species",95,95,287.666666666667,34.25,497.083333333333
"species",96,96,312.638888888889,31.9166666666667,380.583333333333
"species",97,97,272,83.1944444444444,486.666666666667
"species",98,98,276.666666666667,12.8611111111111,693.5
"species",99,99,291.222222222222,16.8888888888889,494.055555555556
"species",100,100,312.638888888889,31.9166666666667,380.583333333333
"species",101,101,291.222222222222,16.8888888888889,494.055555555556
"species",102,102,257.305555555556,53.8055555555556,716.944444444444
"species",103,103,292.172413793103,66.0689655172414,730.827586206897
"species",104,104,300.730769230769,41.2307692307692,343.346153846154
"species",105,105,312.638888888889,31.9166666666667,380.583333333333
"species",106,106,312.638888888889,31.9166666666667,380.583333333333
"species",107,107,300.730769230769,41.2307692307692,343.346153846154
"species",108,108,300.730769230769,41.2307692307692,343.346153846154
"species",109,109,292.277777777778,24.6388888888889,452.944444444444
"species",110,110,312.638888888889,31.9166666666667,380.583333333333
"species",111,111,257.305555555556,53.8055555555556,716.944444444444
"species",112,112,257.305555555556,53.8055555555556,716.944444444444
"species",113,113,257.305555555556,53.8055555555556,716.944444444444
"species",114,114,292.277777777778,24.6388888888889,452.944444444444
"species",115,115,289.333333333333,16.1111111111111,314.472222222222
"species",116,116,300.730769230769,41.2307692307692,343.346153846154
"species",117,117,292.888888888889,64.3888888888889,306.111111111111
"species",118,118,292.277777777778,24.6388888888889,452.944444444444
"species",119,119,287.222222222222,78.8611111111111,379.25
"species",120,120,335.722222222222,24.9444444444444,491.916666666667
"species",121,121,257.305555555556,53.8055555555556,716.944444444444
"species",122,122,292.172413793103,66.0689655172414,730.827586206897
"species",123,123,312.638888888889,31.9166666666667,380.583333333333
"species",124,124,300.730769230769,41.2307692307692,343.346153846154
"species",125,125,300.730769230769,41.2307692307692,343.346153846154
"species",126,126,313.333333333333,62.4444444444444,489.555555555556
"species",127,127,264.151515151515,53.6969696969697,733.757575757576
"species",128,128,257.305555555556,53.8055555555556,716.944444444444
"species",129,129,282.305555555556,11.5277777777778,629.5
"species",130,130,293.638888888889,33.3888888888889,616.888888888889
"species",131,131,282.361111111111,54.5,580.083333333333
"species",132,132,300.730769230769,41.2307692307692,343.346153846154
"species",133,133,306.515151515152,61.9090909090909,290.878787878788
"species",134,134,264.151515151515,53.6969696969697,733.757575757576
