"species","x","y","bio5","bio14","bio18","bio19"
"species",1,1,312.638888888889,34.5833333333333,351.277777777778,120.722222222222
"species",2,2,292.172413793103,66.0689655172414,730.827586206897,222.103448275862
"species",3,3,310.916666666667,18.0833333333333,534.222222222222,71.0277777777778
"species",4,4,313.333333333333,62.4444444444444,489.555555555556,295.555555555556
"species",5,5,293.638888888889,33.3888888888889,616.888888888889,114.833333333333
"species",6,6,282.805555555556,36.4444444444444,526.666666666667,143.555555555556
"species",7,7,257.305555555556,53.8055555555556,716.944444444444,180.222222222222
"species",8,8,289.333333333333,16.1111111111111,314.472222222222,65.3611111111111
"species",9,9,292.888888888889,64.3888888888889,306.111111111111,247.666666666667
"species",10,10,280.638888888889,23.4444444444444,601.305555555556,89.4722222222222
"species",11,11,301.888888888889,62.1388888888889,304.611111111111,253.388888888889
"species",12,12,278.555555555556,78.3333333333333,370.916666666667,370.666666666667
"species",13,13,274.583333333333,81.2916666666667,570.375,268.458333333333
"species",14,14,287.222222222222,78.8611111111111,379.25,333.388888888889
"species",15,15,311.928571428571,49.75,241.071428571429,458.428571428571
"species",16,16,266.444444444444,38.5277777777778,568.166666666667,131.277777777778
"species",17,17,287.666666666667,34.25,497.083333333333,120.333333333333
"species",18,18,264.151515151515,53.6969696969697,733.757575757576,184.787878787879
"species",19,19,312.638888888889,31.9166666666667,380.583333333333,123.138888888889
"species",20,20,286.111111111111,9.52777777777778,590.055555555556,45.3888888888889
"species",21,21,300.730769230769,41.2307692307692,343.346153846154,151.307692307692
"species",22,22,284.583333333333,19.8055555555556,622.388888888889,85.7777777777778
"species",23,23,282.305555555556,11.5277777777778,629.5,54.4444444444444
"species",24,24,265.194444444444,23.0277777777778,718.166666666667,87.7222222222222
