"species","x","y","bio5","bio14","bio18"
"background",1,1,293.638888888889,33.3888888888889,616.888888888889
"background",2,2,322.694444444444,45.0555555555556,559.25
"background",3,3,325.305555555556,24.9444444444444,341.861111111111
"background",4,4,312.361111111111,106.944444444444,582.583333333333
"background",5,5,314.444444444444,96.7222222222222,623.916666666667
"background",6,6,315.277777777778,8.19444444444444,297.833333333333
"background",7,7,319.694444444444,42.4722222222222,517.083333333333
"background",8,8,328.75,14.3888888888889,434.944444444444
"background",9,9,258.805555555556,26.8611111111111,683.277777777778
"background",10,10,330,21.3611111111111,324.444444444444
"background",11,11,311.861111111111,9.25,405.555555555556
"background",12,12,343.083333333333,0,170.027777777778
"background",13,13,335,28.0833333333333,301.611111111111
"background",14,14,332.555555555556,4.69444444444444,70.6111111111111
"background",15,15,282.361111111111,54.5,580.083333333333
"background",16,16,355.555555555556,6.13888888888889,340.5
"background",17,17,310.444444444444,5.33333333333333,220.472222222222
"background",18,18,316.75,11.0555555555556,539.861111111111
"background",19,19,264.151515151515,53.6969696969697,733.757575757576
"background",20,20,349.25,4.27777777777778,306
"background",21,21,316.388888888889,20.3333333333333,415.416666666667
"background",22,22,274.583333333333,81.2916666666667,570.375
"background",23,23,339.916666666667,1,108.638888888889
"background",24,24,326.388888888889,87.9444444444444,314.916666666667
"background",25,25,314.944444444444,119.75,425.277777777778
"background",26,26,331.944444444444,8.55555555555556,334.805555555556
"background",27,27,339.472222222222,0.361111111111111,147.638888888889
"background",28,28,284.611111111111,116.555555555556,442.944444444444
"background",29,29,317,1.44444444444444,197.75
"background",30,30,337.888888888889,4.05555555555556,410.722222222222
"background",31,31,322.694444444444,78.5,479.944444444444
"background",32,32,283.972222222222,20.4166666666667,643.305555555556
"background",33,33,266.444444444444,38.5277777777778,568.166666666667
"background",34,34,312.916666666667,64.7222222222222,483.972222222222
"background",35,35,337.972222222222,80.3611111111111,254.222222222222
"background",36,36,321.916666666667,72.6111111111111,618.083333333333
"background",37,37,334.416666666667,14.5555555555556,275.138888888889
"background",38,38,322.444444444444,66.5833333333333,285.833333333333
"background",39,39,323.777777777778,12.1388888888889,375.527777777778
"background",40,40,312.416666666667,6.5,757.666666666667
"background",41,41,320.472222222222,2.61111111111111,63.1944444444444
"background",42,42,321.555555555556,102.5,439.777777777778
"background",43,43,312.916666666667,230.055555555556,748.805555555556
"background",44,44,344.111111111111,2.47222222222222,173.5
"background",45,45,332.527777777778,54.9166666666667,204.972222222222
"background",46,46,281.083333333333,18.1111111111111,245.972222222222
"background",47,47,306.515151515152,61.9090909090909,290.878787878788
"background",48,48,309.527777777778,174.861111111111,586.916666666667
"background",49,49,293.861111111111,5,449.388888888889
"background",50,50,305.638888888889,104.027777777778,356.333333333333
"background",51,51,318.5,127.916666666667,581.833333333333
"background",52,52,339.25,25.2777777777778,513.388888888889
"background",53,53,340.888888888889,3.22222222222222,397.833333333333
"background",54,54,332.777777777778,44.5833333333333,156.805555555556
"background",55,55,272,83.1944444444444,486.666666666667
"background",56,56,330.333333333333,14.6666666666667,351.305555555556
"background",57,57,346.305555555556,7.36111111111111,249.472222222222
"background",58,58,314.583333333333,4.5,191.583333333333
"background",59,59,326.111111111111,95.5,342.861111111111
"background",60,60,340.527777777778,0.583333333333333,227.583333333333
"background",61,61,297.888888888889,57.1666666666667,452.055555555556
"background",62,62,292.138888888889,80.4722222222222,333.444444444444
"background",63,63,284.944444444444,8.5,562.527777777778
"background",64,64,345.888888888889,20.8611111111111,430.611111111111
"background",65,65,312.694444444444,13.5833333333333,436.138888888889
"background",66,66,257.305555555556,53.8055555555556,716.944444444444
"background",67,67,332,4.16666666666667,418.888888888889
"background",68,68,328.472222222222,17.5,105
"background",69,69,336.944444444444,7.58333333333333,469.611111111111
"background",70,70,318.305555555556,5.41666666666667,218.805555555556
"background",71,71,297.583333333333,105.222222222222,560.111111111111
"background",72,72,314.75,3.91666666666667,230.527777777778
"background",73,73,303.722222222222,21.3888888888889,570
"background",74,74,295.583333333333,97.5,387.416666666667
"background",75,75,308.361111111111,18.6666666666667,228.805555555556
"background",76,76,254.833333333333,117.944444444444,462.166666666667
"background",77,77,331.333333333333,6.16666666666667,238.583333333333
"background",78,78,344.444444444444,1.75,484.472222222222
"background",79,79,326.333333333333,58.25,233.166666666667
"background",80,80,322.833333333333,85.2777777777778,389.166666666667
"background",81,81,309.5,185.194444444444,657.333333333333
"background",82,82,337.527777777778,2.13888888888889,76.0833333333333
"background",83,83,351.833333333333,9.25,370
"background",84,84,330.5,72.5,286.75
"background",85,85,329.583333333333,26.5,162.444444444444
"background",86,86,322.230769230769,13.6538461538462,101.884615384615
"background",87,87,308.361111111111,24.6111111111111,379.111111111111
"background",88,88,320.833333333333,29.3333333333333,598.333333333333
"background",89,89,329.861111111111,16.0833333333333,186.555555555556
"background",90,90,297.333333333333,6.02777777777778,230.555555555556
"background",91,91,326.472222222222,3.88888888888889,68.5
"background",92,92,325.583333333333,91.4166666666667,366.194444444444
"background",93,93,318.777777777778,45.0555555555556,620.361111111111
"background",94,94,312.444444444444,112.166666666667,627.583333333333
"background",95,95,335.472222222222,55.9722222222222,202.833333333333
"background",96,96,319.111111111111,177.555555555556,714.305555555556
"background",97,97,286.944444444444,30.6111111111111,279.416666666667
"background",98,98,319.027777777778,60.8611111111111,550.583333333333
"background",99,99,318,13.6388888888889,399.611111111111
"background",100,100,288.944444444444,125.027777777778,470.5
"background",101,101,297.472222222222,104.388888888889,378.805555555556
"background",102,102,350.722222222222,0.888888888888889,131.944444444444
"background",103,103,315.777777777778,2.91666666666667,51.5555555555556
"background",104,104,296.333333333333,7.47222222222222,628.027777777778
"background",105,105,327.527777777778,71.1111111111111,308.027777777778
"background",106,106,342.416666666667,20.1111111111111,555.25
"background",107,107,324.09375,8.5625,39.90625
"background",108,108,316.888888888889,57.8888888888889,581.888888888889
"background",109,109,306.722222222222,129.5,411.194444444444
"background",110,110,339.833333333333,31.4444444444444,507.388888888889
"background",111,111,319.916666666667,54,545.722222222222
"background",112,112,337,13.9722222222222,350.305555555556
"background",113,113,347.055555555556,8.72222222222222,311.75
"background",114,114,330.055555555556,67.0277777777778,261.833333333333
"background",115,115,287.666666666667,34.25,497.083333333333
"background",116,116,326.583333333333,20.5555555555556,137.694444444444
"background",117,117,314.305555555556,12.5833333333333,147.027777777778
"background",118,118,318.888888888889,2.61111111111111,194.222222222222
"background",119,119,282.805555555556,36.4444444444444,526.666666666667
"background",120,120,288.666666666667,13.1111111111111,147.527777777778
"background",121,121,315.111111111111,173.416666666667,561.694444444444
"background",122,122,326,35.8055555555556,472.777777777778
"background",123,123,322.111111111111,8.83333333333333,397.75
"background",124,124,290.833333333333,12.9444444444444,300.638888888889
"background",125,125,342.611111111111,22.6111111111111,534.138888888889
"background",126,126,306.611111111111,181.361111111111,843.861111111111
"background",127,127,314.666666666667,23.7777777777778,456.5
"background",128,128,327.333333333333,81.3055555555556,361.194444444444
"background",129,129,352.5,4.44444444444444,248.055555555556
"background",130,130,319.833333333333,66.4444444444444,284.444444444444
"background",131,131,325.088235294118,2.5,85.2058823529412
"background",132,132,329.75,15.3055555555556,465.694444444444
"background",133,133,349.388888888889,1.11111111111111,439.722222222222
"background",134,134,324.694444444444,40.9444444444444,174.527777777778
"background",135,135,337.083333333333,0.25,188.805555555556
"background",136,136,329.055555555556,27.25,132.222222222222
"background",137,137,322.611111111111,60.6944444444444,284.166666666667
"background",138,138,343.222222222222,5.05555555555556,144.25
"background",139,139,304.972222222222,73.8055555555556,288.111111111111
"background",140,140,282.305555555556,11.5277777777778,629.5
"background",141,141,310.166666666667,8.5,565.305555555556
"background",142,142,320.222222222222,0.472222222222222,248.166666666667
"background",143,143,327.583333333333,67.2777777777778,283.333333333333
"background",144,144,297.555555555556,2.75,385.805555555556
"background",145,145,332.972222222222,48.7222222222222,323.888888888889
"background",146,146,318.611111111111,59,287.638888888889
"background",147,147,335.583333333333,0.166666666666667,170.916666666667
"background",148,148,314.444444444444,2.61111111111111,89.9444444444444
