"species","x","y","bio5","bio14","bio18"
"species",1,1,287.666666666667,34.25,497.083333333333
"species",2,2,257.305555555556,53.8055555555556,716.944444444444
"species",3,3,300.730769230769,41.2307692307692,343.346153846154
"species",4,4,292.277777777778,24.6388888888889,452.944444444444
"species",5,5,264.151515151515,53.6969696969697,733.757575757576
"species",6,6,292.277777777778,24.6388888888889,452.944444444444
"species",7,7,312.638888888889,31.9166666666667,380.583333333333
"species",8,8,287.666666666667,34.25,497.083333333333
"species",9,9,257.305555555556,53.8055555555556,716.944444444444
"species",10,10,306.515151515152,61.9090909090909,290.878787878788
"species",11,11,312.638888888889,31.9166666666667,380.583333333333
"species",12,12,287.222222222222,78.8611111111111,379.25
"species",13,13,312.638888888889,31.9166666666667,380.583333333333
"species",14,14,300.730769230769,41.2307692307692,343.346153846154
"species",15,15,312.638888888889,31.9166666666667,380.583333333333
"species",16,16,312.638888888889,31.9166666666667,380.583333333333
"species",17,17,300.730769230769,41.2307692307692,343.346153846154
"species",18,18,311.928571428571,49.75,241.071428571429
"species",19,19,280.638888888889,23.4444444444444,601.305555555556
"species",20,20,278.805555555556,14.0277777777778,576.722222222222
"species",21,21,287.666666666667,34.25,497.083333333333
"species",22,22,287.666666666667,34.25,497.083333333333
"species",23,23,257.305555555556,53.8055555555556,716.944444444444
"species",24,24,278.555555555556,78.3333333333333,370.916666666667
"species",25,25,293.638888888889,33.3888888888889,616.888888888889
"species",26,26,335.722222222222,24.9444444444444,491.916666666667
"species",27,27,260.666666666667,24.5833333333333,718.055555555556
"species",28,28,312.638888888889,31.9166666666667,380.583333333333
"species",29,29,312.638888888889,34.5833333333333,351.277777777778
"species",30,30,282.361111111111,54.5,580.083333333333
"species",31,31,265.194444444444,23.0277777777778,718.166666666667
"species",32,32,287.666666666667,34.25,497.083333333333
"species",33,33,292.172413793103,66.0689655172414,730.827586206897
"species",34,34,292.277777777778,24.6388888888889,452.944444444444
"species",35,35,300.730769230769,41.2307692307692,343.346153846154
"species",36,36,312.638888888889,31.9166666666667,380.583333333333
"species",37,37,312.638888888889,31.9166666666667,380.583333333333
"species",38,38,292.172413793103,66.0689655172414,730.827586206897
"species",39,39,312.638888888889,31.9166666666667,380.583333333333
"species",40,40,264.151515151515,53.6969696969697,733.757575757576
"species",41,41,282.305555555556,11.5277777777778,629.5
"species",42,42,284.583333333333,19.8055555555556,622.388888888889
"species",43,43,264.151515151515,53.6969696969697,733.757575757576
"species",44,44,300.730769230769,41.2307692307692,343.346153846154
"species",45,45,287.666666666667,34.25,497.083333333333
"species",46,46,257.305555555556,53.8055555555556,716.944444444444
"species",47,47,289.333333333333,16.1111111111111,314.472222222222
"species",48,48,312.638888888889,31.9166666666667,380.583333333333
"species",49,49,300.730769230769,41.2307692307692,343.346153846154
"species",50,50,292.277777777778,24.6388888888889,452.944444444444
"species",51,51,264.151515151515,53.6969696969697,733.757575757576
"species",52,52,274.583333333333,81.2916666666667,570.375
"species",53,53,278.805555555556,14.0277777777778,576.722222222222
"species",54,54,312.638888888889,31.9166666666667,380.583333333333
"species",55,55,292.277777777778,24.6388888888889,452.944444444444
"species",56,56,293.638888888889,33.3888888888889,616.888888888889
"species",57,57,282.361111111111,54.5,580.083333333333
"species",58,58,308.361111111111,24.6111111111111,379.111111111111
"species",59,59,291.222222222222,16.8888888888889,494.055555555556
"species",60,60,257.305555555556,53.8055555555556,716.944444444444
"species",61,61,257.305555555556,53.8055555555556,716.944444444444
"species",62,62,287.222222222222,78.8611111111111,379.25
"species",63,63,300.730769230769,41.2307692307692,343.346153846154
"species",64,64,300.730769230769,41.2307692307692,343.346153846154
"species",65,65,291.222222222222,16.8888888888889,494.055555555556
"species",66,66,291.222222222222,16.8888888888889,494.055555555556
"species",67,67,292.277777777778,24.6388888888889,452.944444444444
"species",68,68,287.666666666667,34.25,497.083333333333
"species",69,69,291.222222222222,16.8888888888889,494.055555555556
"species",70,70,264.151515151515,53.6969696969697,733.757575757576
"species",71,71,265.194444444444,23.0277777777778,718.166666666667
"species",72,72,313.333333333333,62.4444444444444,489.555555555556
"species",73,73,292.888888888889,64.3888888888889,306.111111111111
"species",74,74,292.888888888889,64.3888888888889,306.111111111111
"species",75,75,278.555555555556,78.3333333333333,370.916666666667
"species",76,76,312.638888888889,31.9166666666667,380.583333333333
"species",77,77,272,83.1944444444444,486.666666666667
"species",78,78,265.194444444444,23.0277777777778,718.166666666667
"species",79,79,292.277777777778,24.6388888888889,452.944444444444
"species",80,80,312.638888888889,31.9166666666667,380.583333333333
"species",81,81,266.444444444444,38.5277777777778,568.166666666667
"species",82,82,274.583333333333,81.2916666666667,570.375
"species",83,83,300.730769230769,41.2307692307692,343.346153846154
"species",84,84,292.277777777778,24.6388888888889,452.944444444444
"species",85,85,300.730769230769,41.2307692307692,343.346153846154
"species",86,86,291.222222222222,16.8888888888889,494.055555555556
"species",87,87,282.361111111111,54.5,580.083333333333
"species",88,88,276.666666666667,12.8611111111111,693.5
"species",89,89,278.805555555556,14.0277777777778,576.722222222222
"species",90,90,300.730769230769,41.2307692307692,343.346153846154
"species",91,91,286.111111111111,9.52777777777778,590.055555555556
"species",92,92,287.222222222222,78.8611111111111,379.25
"species",93,93,292.888888888889,64.3888888888889,306.111111111111
"species",94,94,292.172413793103,66.0689655172414,730.827586206897
"species",95,95,312.638888888889,31.9166666666667,380.583333333333
"species",96,96,293.638888888889,33.3888888888889,616.888888888889
"species",97,97,300.730769230769,41.2307692307692,343.346153846154
"species",98,98,293.638888888889,33.3888888888889,616.888888888889
"species",99,99,287.666666666667,34.25,497.083333333333
"species",100,100,312.638888888889,31.9166666666667,380.583333333333
"species",101,101,312.638888888889,34.5833333333333,351.277777777778
"species",102,102,312.638888888889,31.9166666666667,380.583333333333
"species",103,103,300.730769230769,41.2307692307692,343.346153846154
"species",104,104,282.361111111111,54.5,580.083333333333
"species",105,105,312.638888888889,34.5833333333333,351.277777777778
"species",106,106,292.172413793103,66.0689655172414,730.827586206897
"species",107,107,287.666666666667,34.25,497.083333333333
"species",108,108,301.888888888889,62.1388888888889,304.611111111111
"species",109,109,300.730769230769,41.2307692307692,343.346153846154
"species",110,110,272,83.1944444444444,486.666666666667
"species",111,111,265.194444444444,23.0277777777778,718.166666666667
"species",112,112,291.222222222222,16.8888888888889,494.055555555556
"species",113,113,300.730769230769,41.2307692307692,343.346153846154
"species",114,114,312.638888888889,31.9166666666667,380.583333333333
"species",115,115,300.730769230769,41.2307692307692,343.346153846154
"species",116,116,287.666666666667,34.25,497.083333333333
"species",117,117,264.151515151515,53.6969696969697,733.757575757576
"species",118,118,257.305555555556,53.8055555555556,716.944444444444
"species",119,119,292.172413793103,66.0689655172414,730.827586206897
"species",120,120,312.638888888889,31.9166666666667,380.583333333333
"species",121,121,257.305555555556,53.8055555555556,716.944444444444
"species",122,122,304.083333333333,13.5833333333333,493.027777777778
"species",123,123,292.277777777778,24.6388888888889,452.944444444444
"species",124,124,264.151515151515,53.6969696969697,733.757575757576
"species",125,125,292.277777777778,24.6388888888889,452.944444444444
"species",126,126,293.638888888889,33.3888888888889,616.888888888889
"species",127,127,292.277777777778,24.6388888888889,452.944444444444
"species",128,128,265.194444444444,23.0277777777778,718.166666666667
"species",129,129,293.638888888889,33.3888888888889,616.888888888889
"species",130,130,257.305555555556,53.8055555555556,716.944444444444
"species",131,131,291.222222222222,16.8888888888889,494.055555555556
"species",132,132,300.730769230769,41.2307692307692,343.346153846154
"species",133,133,310.916666666667,18.0833333333333,534.222222222222
"species",134,134,300.730769230769,41.2307692307692,343.346153846154
"species",135,135,312.638888888889,31.9166666666667,380.583333333333
"species",136,136,276.666666666667,12.8611111111111,693.5
"species",137,137,292.277777777778,24.6388888888889,452.944444444444
