"species","x","y","bio5","bio14","bio18"
"background",1,1,315.166666666667,99.5833333333333,658.388888888889
"background",2,2,327.888888888889,9.02777777777778,537.722222222222
"background",3,3,319.861111111111,36.25,142.027777777778
"background",4,4,327.333333333333,81.3055555555556,361.194444444444
"background",5,5,309.972222222222,156.638888888889,620.027777777778
"background",6,6,327.694444444444,80.2222222222222,290.333333333333
"background",7,7,333.666666666667,4.36111111111111,45.1944444444444
"background",8,8,339.25,25.2777777777778,513.388888888889
"background",9,9,340.888888888889,3.22222222222222,397.833333333333
"background",10,10,288.416666666667,26.7222222222222,611.416666666667
"background",11,11,328.444444444444,3.08333333333333,130.666666666667
"background",12,12,323,47.7777777777778,218.611111111111
"background",13,13,313.333333333333,62.4444444444444,489.555555555556
"background",14,14,315.777777777778,4.41666666666667,193.527777777778
"background",15,15,318.138888888889,24.6388888888889,653
"background",16,16,330.916666666667,23.4444444444444,124.444444444444
"background",17,17,334.416666666667,82.4722222222222,259.555555555556
"background",18,18,268.777777777778,20.5,678
"background",19,19,308.305555555556,15.0277777777778,436.833333333333
"background",20,20,286.111111111111,9.52777777777778,590.055555555556
"background",21,21,317.5,62.8611111111111,571.555555555556
"background",22,22,352.305555555556,1.22222222222222,541.527777777778
"background",23,23,319.944444444444,78.0277777777778,355.361111111111
"background",24,24,328.416666666667,22.2777777777778,340.388888888889
"background",25,25,324.972222222222,28.4444444444444,446.5
"background",26,26,326,35.8055555555556,472.777777777778
"background",27,27,349.972222222222,9.22222222222222,81.9722222222222
"background",28,28,281.444444444444,103.277777777778,537.916666666667
"background",29,29,276.666666666667,12.8611111111111,693.5
"background",30,30,292.888888888889,8.77777777777778,407.027777777778
"background",31,31,349.777777777778,5.13888888888889,549.166666666667
"background",32,32,343.888888888889,8.69444444444444,469.444444444444
"background",33,33,333.083333333333,11.8888888888889,488.916666666667
"background",34,34,318.5,28.2222222222222,650.083333333333
"background",35,35,260.388888888889,100.111111111111,492.861111111111
"background",36,36,330.5,72.5,286.75
"background",37,37,331.944444444444,30,133.555555555556
"background",38,38,322.694444444444,78.5,479.944444444444
"background",39,39,314.25,89.3611111111111,633
"background",40,40,333.833333333333,7.72222222222222,251.472222222222
"background",41,41,318.305555555556,5.41666666666667,218.805555555556
"background",42,42,335.416666666667,0.5,255.944444444444
"background",43,43,305.25,2.11111111111111,258.694444444444
"background",44,44,342.416666666667,2.19444444444444,93.5555555555556
"background",45,45,291.361111111111,57.7222222222222,493.916666666667
"background",46,46,317.861111111111,69.7777777777778,553.555555555556
"background",47,47,283.972222222222,20.4166666666667,643.305555555556
"background",48,48,317.527777777778,41.6111111111111,615.222222222222
"background",49,49,290.583333333333,7.30555555555556,657.305555555556
"background",50,50,324.305555555556,15.0555555555556,376.694444444444
"background",51,51,319.916666666667,54,545.722222222222
"background",52,52,334.611111111111,19.8333333333333,200.111111111111
"background",53,53,354.638888888889,9.36111111111111,75.4166666666667
"background",54,54,320.888888888889,80.9166666666667,591.25
"background",55,55,293.638888888889,33.3888888888889,616.888888888889
"background",56,56,312.694444444444,29.5555555555556,169.805555555556
"background",57,57,314.666666666667,23.7777777777778,456.5
"background",58,58,324.166666666667,62.8055555555556,242.055555555556
"background",59,59,314.5,5.38888888888889,183.444444444444
"background",60,60,339.916666666667,28.3333333333333,468.722222222222
"background",61,61,344.416666666667,1.5,175.861111111111
"background",62,62,342.25,28.2222222222222,411.361111111111
"background",63,63,335.472222222222,55.9722222222222,202.833333333333
"background",64,64,332.333333333333,27.9444444444444,554.583333333333
"background",65,65,337.527777777778,0.0277777777777778,275.944444444444
"background",66,66,344.805555555556,1.61111111111111,31.75
"background",67,67,356.944444444444,11.1666666666667,348.444444444444
"background",68,68,341.111111111111,17.1111111111111,470.944444444444
"background",69,69,336.722222222222,26.2222222222222,552.888888888889
"background",70,70,323.777777777778,12.1388888888889,375.527777777778
"background",71,71,284.583333333333,19.8055555555556,622.388888888889
"background",72,72,321.055555555556,1.47222222222222,162.527777777778
"background",73,73,309.722222222222,5.55555555555556,171.666666666667
"background",74,74,315.888888888889,70.5833333333333,621.388888888889
"background",75,75,331.305555555556,2.36111111111111,420.861111111111
"background",76,76,265.4,93.4857142857143,475.971428571429
"background",77,77,334.416666666667,14.5555555555556,275.138888888889
"background",78,78,319.111111111111,177.555555555556,714.305555555556
"background",79,79,331.944444444444,8.55555555555556,334.805555555556
"background",80,80,343.277777777778,8.08333333333333,75.9722222222222
"background",81,81,335,28.0833333333333,301.611111111111
"background",82,82,337.888888888889,4.05555555555556,410.722222222222
"background",83,83,351.833333333333,9.25,370
"background",84,84,317.388888888889,41.5277777777778,555.055555555556
"background",85,85,316.305555555556,26.5833333333333,489.166666666667
"background",86,86,324.694444444444,40.9444444444444,174.527777777778
"background",87,87,272,117.083333333333,455.222222222222
"background",88,88,352.388888888889,2.63888888888889,521.583333333333
"background",89,89,343.083333333333,0,170.027777777778
"background",90,90,336.527777777778,11.4444444444444,599.138888888889
"background",91,91,329.638888888889,19.7222222222222,142.222222222222
"background",92,92,326.694444444444,4.02777777777778,196.555555555556
"background",93,93,333.027777777778,4.97222222222222,453.972222222222
"background",94,94,342.611111111111,22.6111111111111,534.138888888889
"background",95,95,346.611111111111,3.44444444444444,476
"background",96,96,306.515151515152,61.9090909090909,290.878787878788
"background",97,97,326.416666666667,78.5,333.333333333333
"background",98,98,328.25,74.75,263.222222222222
"background",99,99,325.888888888889,0.5,281.722222222222
"background",100,100,321.444444444444,129.972222222222,419.083333333333
"background",101,101,330.222222222222,26.1111111111111,309.083333333333
"background",102,102,302.472222222222,20.0277777777778,599.166666666667
"background",103,103,322.111111111111,8.83333333333333,397.75
"background",104,104,314.75,3.91666666666667,230.527777777778
"background",105,105,313.611111111111,12.0555555555556,429.416666666667
"background",106,106,317,79.4722222222222,651.333333333333
"background",107,107,327.583333333333,67.2777777777778,283.333333333333
"background",108,108,344.333333333333,2.16666666666667,406.5
"background",109,109,322.833333333333,85.2777777777778,389.166666666667
"background",110,110,295.416666666667,3.30555555555556,158.583333333333
"background",111,111,305.305555555556,212.194444444444,710.5
"background",112,112,303.5,11,664.527777777778
"background",113,113,295.166666666667,126.5,536.222222222222
"background",114,114,325.805555555556,2.80555555555556,159.611111111111
"background",115,115,304.055555555556,13.0555555555556,396.277777777778
"background",116,116,325.583333333333,91.4166666666667,366.194444444444
"background",117,117,290.666666666667,41.9722222222222,506.472222222222
"background",118,118,327.222222222222,96.4722222222222,327.083333333333
"background",119,119,326.361111111111,18.1111111111111,379.388888888889
"background",120,120,329.138888888889,3.16666666666667,202.472222222222
"background",121,121,333.083333333333,11.9722222222222,271.222222222222
"background",122,122,281.861111111111,81.5833333333333,523.333333333333
"background",123,123,317.638888888889,33.9166666666667,155.277777777778
"background",124,124,315.277777777778,8.19444444444444,297.833333333333
"background",125,125,313.666666666667,33.4722222222222,490
"background",126,126,315.5,26.6388888888889,228.5
"background",127,127,322.527777777778,20.2777777777778,201.944444444444
"background",128,128,316.888888888889,57.8888888888889,581.888888888889
"background",129,129,284.611111111111,116.555555555556,442.944444444444
"background",130,130,324.388888888889,89.7777777777778,356.972222222222
"background",131,131,318.444444444444,0.694444444444444,191.305555555556
"background",132,132,320.305555555556,53.9444444444444,245.611111111111
"background",133,133,317.916666666667,52.1111111111111,566.722222222222
"background",134,134,296.416666666667,28.1666666666667,262.777777777778
"background",135,135,329.527777777778,0.0833333333333333,240.805555555556
"background",136,136,312.111111111111,148.472222222222,601.361111111111
"background",137,137,283.666666666667,87.5151515151515,294.090909090909
"background",138,138,319.027777777778,60.8611111111111,550.583333333333
"background",139,139,320.5,86.3333333333333,396.25
"background",140,140,315.722222222222,3.30555555555556,215.111111111111
"background",141,141,312.333333333333,2.52777777777778,311.25
"background",142,142,311.416666666667,162.166666666667,591.25
"background",143,143,287.777777777778,101.666666666667,417.666666666667
"background",144,144,306.888888888889,9.33333333333333,440.111111111111
"background",145,145,339.222222222222,0.722222222222222,143.305555555556
"background",146,146,325.472222222222,2.83333333333333,200.666666666667
"background",147,147,320.555555555556,27.25,121.722222222222
"background",148,148,336.5,3.58333333333333,65.4722222222222
