"species","x","y","bio5","bio14","bio18"
"background",1,1,311.055555555556,13.0555555555556,187.055555555556
"background",2,2,307.416666666667,25.3055555555556,514.138888888889
"background",3,3,335.416666666667,0.5,255.944444444444
"background",4,4,313.333333333333,62.4444444444444,489.555555555556
"background",5,5,314.444444444444,96.7222222222222,623.916666666667
"background",6,6,327.055555555556,54.0277777777778,203.027777777778
"background",7,7,308.555555555556,37.3888888888889,451.694444444444
"background",8,8,319.583333333333,71.3611111111111,564.944444444444
"background",9,9,317.916666666667,52.1111111111111,566.722222222222
"background",10,10,317.861111111111,13.8611111111111,194.888888888889
"background",11,11,305.25,35.1666666666667,292.361111111111
"background",12,12,314.944444444444,119.75,425.277777777778
"background",13,13,326.777777777778,93.6111111111111,376
"background",14,14,350.527777777778,2.5,289.75
"background",15,15,330.083333333333,1.77777777777778,166.027777777778
"background",16,16,341.694444444444,8.19444444444444,74.8333333333333
"background",17,17,312.638888888889,31.9166666666667,380.583333333333
"background",18,18,342.861111111111,2.13888888888889,154.5
"background",19,19,310.25,2.83333333333333,90.8055555555556
"background",20,20,305.305555555556,212.194444444444,710.5
"background",21,21,341.5,0.388888888888889,152.722222222222
"background",22,22,321.027777777778,196.888888888889,666
"background",23,23,341.111111111111,17.1111111111111,470.944444444444
"background",24,24,302.222222222222,4.11111111111111,502.833333333333
"background",25,25,335.027777777778,9.94444444444444,464.444444444444
"background",26,26,304.416666666667,4.91666666666667,339.416666666667
"background",27,27,355.944444444444,9.72222222222222,382.972222222222
"background",28,28,331.277777777778,14.5833333333333,313.388888888889
"background",29,29,323,19.5833333333333,283.611111111111
"background",30,30,284.611111111111,116.555555555556,442.944444444444
"background",31,31,282.305555555556,17.9444444444444,651.555555555556
"background",32,32,315.5,26.6388888888889,228.5
"background",33,33,290.583333333333,7.30555555555556,657.305555555556
"background",34,34,258.805555555556,26.8611111111111,683.277777777778
"background",35,35,321.444444444444,98.1944444444444,368.388888888889
"background",36,36,312.083333333333,176.777777777778,566.555555555556
"background",37,37,339.916666666667,28.3333333333333,468.722222222222
"background",38,38,314.388888888889,34.0277777777778,167.222222222222
"background",39,39,318.583333333333,19.4722222222222,214.583333333333
"background",40,40,327.333333333333,81.3055555555556,361.194444444444
"background",41,41,324.694444444444,40.9444444444444,174.527777777778
"background",42,42,272,83.1944444444444,486.666666666667
"background",43,43,345.305555555556,2.27777777777778,438.222222222222
"background",44,44,270.444444444444,78.5,473.694444444444
"background",45,45,312.583333333333,79.6944444444444,384.75
"background",46,46,320.722222222222,84.6111111111111,421.222222222222
"background",47,47,327.361111111111,1.30555555555556,202.555555555556
"background",48,48,264.151515151515,53.6969696969697,733.757575757576
"background",49,49,300.638888888889,123.611111111111,429.5
"background",50,50,341.805555555556,0,252.722222222222
"background",51,51,288.194444444444,80.6111111111111,361.027777777778
"background",52,52,328.75,14.3888888888889,434.944444444444
"background",53,53,314.75,3.91666666666667,230.527777777778
"background",54,54,334.611111111111,4.97222222222222,369.444444444444
"background",55,55,307,6.52777777777778,467.361111111111
"background",56,56,326.611111111111,46.0277777777778,230.638888888889
"background",57,57,288.194444444444,55.75,521.888888888889
"background",58,58,311.25,40,474.083333333333
"background",59,59,319.944444444444,78.0277777777778,355.361111111111
"background",60,60,329.527777777778,0.0833333333333333,240.805555555556
"background",61,61,312.448275862069,8,246.965517241379
"background",62,62,346.305555555556,7.36111111111111,249.472222222222
"background",63,63,326.583333333333,20.5555555555556,137.694444444444
"background",64,64,316.194444444444,36.3055555555556,493.388888888889
"background",65,65,323.277777777778,26.6666666666667,158.75
"background",66,66,316.916666666667,64.75,589.361111111111
"background",67,67,333.194444444444,16,206.416666666667
"background",68,68,332.527777777778,54.9166666666667,204.972222222222
"background",69,69,324.305555555556,15.0555555555556,376.694444444444
"background",70,70,314.25,89.3611111111111,633
"background",71,71,328.833333333333,5.11111111111111,445.222222222222
"background",72,72,328.777777777778,45.2777777777778,348.972222222222
"background",73,73,323.305555555556,120.944444444444,406.638888888889
"background",74,74,306.75,21.4722222222222,412.277777777778
"background",75,75,303.444444444444,11,219.388888888889
"background",76,76,297.583333333333,105.222222222222,560.111111111111
"background",77,77,347.305555555556,12.75,345.222222222222
"background",78,78,339.222222222222,0.722222222222222,143.305555555556
"background",79,79,280.638888888889,23.4444444444444,601.305555555556
"background",80,80,322.694444444444,78.5,479.944444444444
"background",81,81,306.722222222222,129.5,411.194444444444
"background",82,82,292.138888888889,80.4722222222222,333.444444444444
"background",83,83,334.083333333333,51.4166666666667,191.25
"background",84,84,312.083333333333,37.3333333333333,305.888888888889
"background",85,85,351.472222222222,6.63888888888889,110.138888888889
"background",86,86,303,28.1666666666667,161.472222222222
"background",87,87,356.194444444444,3.80555555555556,627.972222222222
"background",88,88,308.388888888889,217.527777777778,738.444444444444
"background",89,89,305.111111111111,3.33333333333333,209.166666666667
"background",90,90,330,21.3611111111111,324.444444444444
"background",91,91,326.472222222222,3.88888888888889,68.5
"background",92,92,308.833333333333,16.9166666666667,196.222222222222
"background",93,93,318.611111111111,59,287.638888888889
"background",94,94,318.888888888889,2.61111111111111,194.222222222222
"background",95,95,310.166666666667,8.5,565.305555555556
"background",96,96,320.472222222222,2.61111111111111,63.1944444444444
"background",97,97,340.666666666667,53.9166666666667,194.277777777778
"background",98,98,348.25,4.30555555555556,505.111111111111
"background",99,99,315.944444444444,56.9166666666667,628.583333333333
"background",100,100,344,3.86111111111111,242.888888888889
"background",101,101,347.388888888889,2.86111111111111,139.416666666667
"background",102,102,311.388888888889,4.47222222222222,389.055555555556
"background",103,103,322.230769230769,13.6538461538462,101.884615384615
"background",104,104,347.888888888889,8.86111111111111,564.083333333333
"background",105,105,320.222222222222,0.472222222222222,248.166666666667
"background",106,106,318.777777777778,45.0555555555556,620.361111111111
"background",107,107,349.972222222222,9.22222222222222,81.9722222222222
"background",108,108,316.305555555556,26.5833333333333,489.166666666667
"background",109,109,333.333333333333,0.333333333333333,277.194444444444
"background",110,110,306.611111111111,181.361111111111,843.861111111111
"background",111,111,281.444444444444,103.277777777778,537.916666666667
"background",112,112,310.444444444444,5.33333333333333,220.472222222222
"background",113,113,330.472222222222,75.5277777777778,273.583333333333
"background",114,114,338.333333333333,30.3888888888889,347.527777777778
"background",115,115,323.583333333333,50.8888888888889,250.305555555556
"background",116,116,327.027777777778,79.1944444444444,267.111111111111
"background",117,117,324.777777777778,30.3888888888889,556.694444444444
"background",118,118,322.694444444444,45.0555555555556,559.25
"background",119,119,325.472222222222,2.83333333333333,200.666666666667
"background",120,120,314.444444444444,2.61111111111111,89.9444444444444
"background",121,121,334.888888888889,16.3611111111111,304.25
"background",122,122,303.194444444444,77.2777777777778,495.638888888889
"background",123,123,349.861111111111,12.8333333333333,351.583333333333
"background",124,124,291.777777777778,96.4444444444444,389.583333333333
"background",125,125,312.111111111111,148.472222222222,601.361111111111
"background",126,126,329.027777777778,84.8888888888889,270.5
"background",127,127,310.222222222222,1.52777777777778,233.583333333333
"background",128,128,337.472222222222,10.5,127.361111111111
"background",129,129,313.666666666667,102.472222222222,366.944444444444
"background",130,130,325.592592592593,7.7037037037037,32.1481481481481
"background",131,131,277.944444444444,11.4722222222222,732.222222222222
"background",132,132,308.861111111111,47.6111111111111,452.305555555556
"background",133,133,261.888888888889,74.3055555555556,502.972222222222
"background",134,134,309.388888888889,23.2222222222222,174.277777777778
"background",135,135,324.138888888889,38.4166666666667,155.138888888889
"background",136,136,315.166666666667,99.5833333333333,658.388888888889
"background",137,137,319.138888888889,161.388888888889,535.944444444444
"background",138,138,278.555555555556,78.3333333333333,370.916666666667
"background",139,139,257.305555555556,53.8055555555556,716.944444444444
"background",140,140,317.638888888889,33.9166666666667,155.277777777778
"background",141,141,322.777777777778,138.222222222222,517.805555555556
"background",142,142,329.416666666667,9.58333333333333,262.916666666667
"background",143,143,331.416666666667,56.9722222222222,373.277777777778
"background",144,144,319.861111111111,36.25,142.027777777778
"background",145,145,303.194444444444,122.722222222222,441.5
"background",146,146,326.25,15.4166666666667,322.777777777778
"background",147,147,320.75,59.6111111111111,562
"background",148,148,321.5,3.69444444444444,354.916666666667
