"species","x","y","bio5","bio14","bio18"
"species",1,1,293.638888888889,33.3888888888889,616.888888888889
"species",2,2,257.305555555556,53.8055555555556,716.944444444444
"species",3,3,282.361111111111,54.5,580.083333333333
"species",4,4,282.361111111111,54.5,580.083333333333
"species",5,5,300.730769230769,41.2307692307692,343.346153846154
"species",6,6,289.333333333333,16.1111111111111,314.472222222222
"species",7,7,293.638888888889,33.3888888888889,616.888888888889
"species",8,8,292.277777777778,24.6388888888889,452.944444444444
"species",9,9,312.638888888889,31.9166666666667,380.583333333333
"species",10,10,291.222222222222,16.8888888888889,494.055555555556
"species",11,11,312.638888888889,31.9166666666667,380.583333333333
"species",12,12,257.305555555556,53.8055555555556,716.944444444444
"species",13,13,308.361111111111,24.6111111111111,379.111111111111
"species",14,14,300.730769230769,41.2307692307692,343.346153846154
"species",15,15,287.666666666667,34.25,497.083333333333
"species",16,16,335.722222222222,24.9444444444444,491.916666666667
"species",17,17,312.638888888889,34.5833333333333,351.277777777778
"species",18,18,292.277777777778,24.6388888888889,452.944444444444
"species",19,19,264.151515151515,53.6969696969697,733.757575757576
"species",20,20,264.151515151515,53.6969696969697,733.757575757576
"species",21,21,312.638888888889,31.9166666666667,380.583333333333
"species",22,22,292.277777777778,24.6388888888889,452.944444444444
"species",23,23,265.194444444444,23.0277777777778,718.166666666667
"species",24,24,257.305555555556,53.8055555555556,716.944444444444
"species",25,25,278.805555555556,14.0277777777778,576.722222222222
"species",26,26,264.151515151515,53.6969696969697,733.757575757576
"species",27,27,257.305555555556,53.8055555555556,716.944444444444
"species",28,28,292.277777777778,24.6388888888889,452.944444444444
"species",29,29,287.666666666667,34.25,497.083333333333
"species",30,30,292.172413793103,66.0689655172414,730.827586206897
"species",31,31,300.730769230769,41.2307692307692,343.346153846154
"species",32,32,257.305555555556,53.8055555555556,716.944444444444
"species",33,33,293.638888888889,33.3888888888889,616.888888888889
"species",34,34,312.638888888889,31.9166666666667,380.583333333333
"species",35,35,300.730769230769,41.2307692307692,343.346153846154
"species",36,36,300.730769230769,41.2307692307692,343.346153846154
"species",37,37,300.730769230769,41.2307692307692,343.346153846154
"species",38,38,312.638888888889,31.9166666666667,380.583333333333
"species",39,39,286.111111111111,9.52777777777778,590.055555555556
"species",40,40,312.638888888889,31.9166666666667,380.583333333333
"species",41,41,311.928571428571,49.75,241.071428571429
"species",42,42,257.305555555556,53.8055555555556,716.944444444444
"species",43,43,282.361111111111,54.5,580.083333333333
"species",44,44,292.277777777778,24.6388888888889,452.944444444444
"species",45,45,292.888888888889,64.3888888888889,306.111111111111
"species",46,46,293.638888888889,33.3888888888889,616.888888888889
"species",47,47,312.638888888889,31.9166666666667,380.583333333333
"species",48,48,282.805555555556,36.4444444444444,526.666666666667
"species",49,49,312.638888888889,31.9166666666667,380.583333333333
"species",50,50,292.277777777778,24.6388888888889,452.944444444444
"species",51,51,287.666666666667,34.25,497.083333333333
"species",52,52,265.194444444444,23.0277777777778,718.166666666667
"species",53,53,300.730769230769,41.2307692307692,343.346153846154
"species",54,54,313.333333333333,62.4444444444444,489.555555555556
"species",55,55,276.666666666667,12.8611111111111,693.5
"species",56,56,312.638888888889,31.9166666666667,380.583333333333
"species",57,57,264.151515151515,53.6969696969697,733.757575757576
"species",58,58,293.638888888889,33.3888888888889,616.888888888889
"species",59,59,292.277777777778,24.6388888888889,452.944444444444
"species",60,60,312.638888888889,31.9166666666667,380.583333333333
"species",61,61,287.666666666667,34.25,497.083333333333
"species",62,62,272,83.1944444444444,486.666666666667
"species",63,63,292.277777777778,24.6388888888889,452.944444444444
"species",64,64,293.638888888889,33.3888888888889,616.888888888889
"species",65,65,276.666666666667,12.8611111111111,693.5
"species",66,66,300.730769230769,41.2307692307692,343.346153846154
"species",67,67,312.638888888889,31.9166666666667,380.583333333333
"species",68,68,312.638888888889,31.9166666666667,380.583333333333
"species",69,69,312.638888888889,31.9166666666667,380.583333333333
"species",70,70,264.151515151515,53.6969696969697,733.757575757576
"species",71,71,264.151515151515,53.6969696969697,733.757575757576
"species",72,72,312.638888888889,31.9166666666667,380.583333333333
"species",73,73,312.638888888889,34.5833333333333,351.277777777778
"species",74,74,300.730769230769,41.2307692307692,343.346153846154
"species",75,75,292.172413793103,66.0689655172414,730.827586206897
"species",76,76,301.888888888889,62.1388888888889,304.611111111111
"species",77,77,257.305555555556,53.8055555555556,716.944444444444
"species",78,78,312.638888888889,31.9166666666667,380.583333333333
"species",79,79,292.277777777778,24.6388888888889,452.944444444444
"species",80,80,282.361111111111,54.5,580.083333333333
"species",81,81,274.583333333333,81.2916666666667,570.375
"species",82,82,291.222222222222,16.8888888888889,494.055555555556
"species",83,83,300.730769230769,41.2307692307692,343.346153846154
"species",84,84,291.222222222222,16.8888888888889,494.055555555556
"species",85,85,300.730769230769,41.2307692307692,343.346153846154
"species",86,86,312.638888888889,31.9166666666667,380.583333333333
"species",87,87,292.277777777778,24.6388888888889,452.944444444444
"species",88,88,291.222222222222,16.8888888888889,494.055555555556
"species",89,89,257.305555555556,53.8055555555556,716.944444444444
"species",90,90,312.638888888889,31.9166666666667,380.583333333333
"species",91,91,287.666666666667,34.25,497.083333333333
"species",92,92,288.416666666667,26.7222222222222,611.416666666667
"species",93,93,264.151515151515,53.6969696969697,733.757575757576
"species",94,94,278.805555555556,14.0277777777778,576.722222222222
"species",95,95,292.172413793103,66.0689655172414,730.827586206897
"species",96,96,300.730769230769,41.2307692307692,343.346153846154
"species",97,97,312.638888888889,31.9166666666667,380.583333333333
"species",98,98,265.194444444444,23.0277777777778,718.166666666667
"species",99,99,300.730769230769,41.2307692307692,343.346153846154
"species",100,100,312.638888888889,34.5833333333333,351.277777777778
"species",101,101,304.083333333333,13.5833333333333,493.027777777778
"species",102,102,292.172413793103,66.0689655172414,730.827586206897
"species",103,103,287.222222222222,78.8611111111111,379.25
"species",104,104,312.638888888889,31.9166666666667,380.583333333333
"species",105,105,257.305555555556,53.8055555555556,716.944444444444
"species",106,106,265.194444444444,23.0277777777778,718.166666666667
"species",107,107,300.730769230769,41.2307692307692,343.346153846154
"species",108,108,264.151515151515,53.6969696969697,733.757575757576
"species",109,109,282.305555555556,11.5277777777778,629.5
"species",110,110,300.730769230769,41.2307692307692,343.346153846154
"species",111,111,310.916666666667,18.0833333333333,534.222222222222
"species",112,112,310.916666666667,18.0833333333333,534.222222222222
"species",113,113,292.888888888889,64.3888888888889,306.111111111111
"species",114,114,312.638888888889,31.9166666666667,380.583333333333
"species",115,115,272,83.1944444444444,486.666666666667
"species",116,116,300.730769230769,41.2307692307692,343.346153846154
"species",117,117,300.730769230769,41.2307692307692,343.346153846154
"species",118,118,300.730769230769,41.2307692307692,343.346153846154
"species",119,119,287.666666666667,34.25,497.083333333333
"species",120,120,257.305555555556,53.8055555555556,716.944444444444
"species",121,121,300.730769230769,41.2307692307692,343.346153846154
"species",122,122,312.638888888889,31.9166666666667,380.583333333333
"species",123,123,287.222222222222,78.8611111111111,379.25
"species",124,124,293.638888888889,33.3888888888889,616.888888888889
"species",125,125,260.666666666667,24.5833333333333,718.055555555556
"species",126,126,312.638888888889,31.9166666666667,380.583333333333
"species",127,127,300.730769230769,41.2307692307692,343.346153846154
"species",128,128,300.730769230769,41.2307692307692,343.346153846154
"species",129,129,293.638888888889,33.3888888888889,616.888888888889
"species",130,130,257.305555555556,53.8055555555556,716.944444444444
"species",131,131,293.638888888889,33.3888888888889,616.888888888889
"species",132,132,266.444444444444,38.5277777777778,568.166666666667
"species",133,133,291.222222222222,16.8888888888889,494.055555555556
"species",134,134,292.888888888889,64.3888888888889,306.111111111111
"species",135,135,308.361111111111,24.6111111111111,379.111111111111
"species",136,136,284.583333333333,19.8055555555556,622.388888888889
"species",137,137,312.638888888889,31.9166666666667,380.583333333333
