"species","x","y","bio5","bio14","bio18"
"background",1,1,292.888888888889,8.77777777777778,407.027777777778
"background",2,2,322.611111111111,60.6944444444444,284.166666666667
"background",3,3,334.777777777778,3.44444444444444,228.472222222222
"background",4,4,328.111111111111,41.0277777777778,179.305555555556
"background",5,5,329.861111111111,16.0833333333333,186.555555555556
"background",6,6,319.444444444444,1.16666666666667,161.777777777778
"background",7,7,286.111111111111,9.52777777777778,590.055555555556
"background",8,8,257.305555555556,53.8055555555556,716.944444444444
"background",9,9,315.777777777778,4.41666666666667,193.527777777778
"background",10,10,325.472222222222,2.83333333333333,200.666666666667
"background",11,11,318.305555555556,5.41666666666667,218.805555555556
"background",12,12,260.388888888889,100.111111111111,492.861111111111
"background",13,13,324.166666666667,62.8055555555556,242.055555555556
"background",14,14,337.888888888889,4.05555555555556,410.722222222222
"background",15,15,344.416666666667,1.5,175.861111111111
"background",16,16,344.305555555556,0.277777777777778,147.833333333333
"background",17,17,308.305555555556,15.0277777777778,436.833333333333
"background",18,18,330.5,72.5,286.75
"background",19,19,322.833333333333,85.2777777777778,389.166666666667
"background",20,20,272,117.083333333333,455.222222222222
"background",21,21,317.916666666667,52.1111111111111,566.722222222222
"background",22,22,339.25,25.2777777777778,513.388888888889
"background",23,23,323.777777777778,12.1388888888889,375.527777777778
"background",24,24,315.5,26.6388888888889,228.5
"background",25,25,336.722222222222,26.2222222222222,552.888888888889
"background",26,26,323.833333333333,61.6944444444444,235.055555555556
"background",27,27,332.333333333333,27.9444444444444,554.583333333333
"background",28,28,309.972222222222,156.638888888889,620.027777777778
"background",29,29,329.527777777778,0.0833333333333333,240.805555555556
"background",30,30,318.5,28.2222222222222,650.083333333333
"background",31,31,343.888888888889,8.69444444444444,469.444444444444
"background",32,32,331.944444444444,30,133.555555555556
"background",33,33,309.5,33.5277777777778,530.138888888889
"background",34,34,316.888888888889,21.0277777777778,398.777777777778
"background",35,35,265.4,93.4857142857143,475.971428571429
"background",36,36,356.194444444444,3.80555555555556,627.972222222222
"background",37,37,322.694444444444,78.5,479.944444444444
"background",38,38,325.194444444444,25.6666666666667,497.111111111111
"background",39,39,321.055555555556,1.47222222222222,162.527777777778
"background",40,40,314.666666666667,23.7777777777778,456.5
"background",41,41,334.416666666667,82.4722222222222,259.555555555556
"background",42,42,318.166666666667,97.6388888888889,650.055555555556
"background",43,43,304.055555555556,13.0555555555556,396.277777777778
"background",44,44,290.583333333333,7.30555555555556,657.305555555556
"background",45,45,321.916666666667,46.6944444444444,232.416666666667
"background",46,46,336.5,3.58333333333333,65.4722222222222
"background",47,47,333.833333333333,7.72222222222222,251.472222222222
"background",48,48,316.444444444444,183.638888888889,655.861111111111
"background",49,49,265.833333333333,93.0833333333333,505.166666666667
"background",50,50,317.638888888889,33.9166666666667,155.277777777778
"background",51,51,333.083333333333,11.8888888888889,488.916666666667
"background",52,52,326.416666666667,78.5,333.333333333333
"background",53,53,309.722222222222,5.55555555555556,171.666666666667
"background",54,54,329.638888888889,19.7222222222222,142.222222222222
"background",55,55,330.916666666667,23.4444444444444,124.444444444444
"background",56,56,344.805555555556,1.61111111111111,31.75
"background",57,57,288.666666666667,13.1111111111111,147.527777777778
"background",58,58,325.805555555556,2.80555555555556,159.611111111111
"background",59,59,317.527777777778,41.6111111111111,615.222222222222
"background",60,60,270.666666666667,15,684.694444444444
"background",61,61,320.5,86.3333333333333,396.25
"background",62,62,303.083333333333,4.97222222222222,356.277777777778
"background",63,63,335.416666666667,0.5,255.944444444444
"background",64,64,297.333333333333,6.02777777777778,230.555555555556
"background",65,65,335.472222222222,55.9722222222222,202.833333333333
"background",66,66,314.5,5.38888888888889,183.444444444444
"background",67,67,312.333333333333,2.52777777777778,311.25
"background",68,68,322.777777777778,138.222222222222,517.805555555556
"background",69,69,284.583333333333,19.8055555555556,622.388888888889
"background",70,70,349.555555555556,2.58333333333333,421.027777777778
"background",71,71,326.694444444444,4.02777777777778,196.555555555556
"background",72,72,346.611111111111,3.44444444444444,476
"background",73,73,332.222222222222,69.0833333333333,301
"background",74,74,323.277777777778,26.6666666666667,158.75
"background",75,75,336.527777777778,11.4444444444444,599.138888888889
"background",76,76,295.416666666667,3.30555555555556,158.583333333333
"background",77,77,317.388888888889,41.5277777777778,555.055555555556
"background",78,78,347.361111111111,18.5277777777778,488.777777777778
"background",79,79,295,4.88888888888889,279.194444444444
"background",80,80,295.166666666667,126.5,536.222222222222
"background",81,81,305.305555555556,212.194444444444,710.5
"background",82,82,312.111111111111,148.472222222222,601.361111111111
"background",83,83,324.694444444444,40.9444444444444,174.527777777778
"background",84,84,344.222222222222,18.3055555555556,505.222222222222
"background",85,85,306.515151515152,61.9090909090909,290.878787878788
"background",86,86,337.527777777778,0.0277777777777778,275.944444444444
"background",87,87,322.888888888889,62.4722222222222,393.277777777778
"background",88,88,349.777777777778,5.13888888888889,549.166666666667
"background",89,89,276.666666666667,12.8611111111111,693.5
"background",90,90,313.611111111111,12.0555555555556,429.416666666667
"background",91,91,329.305555555556,3.36111111111111,438.861111111111
"background",92,92,339.611111111111,12.7222222222222,258.361111111111
"background",93,93,319.944444444444,78.0277777777778,355.361111111111
"background",94,94,293.638888888889,33.3888888888889,616.888888888889
"background",95,95,323.583333333333,50.8888888888889,250.305555555556
"background",96,96,319.027777777778,60.8611111111111,550.583333333333
"background",97,97,281.444444444444,103.277777777778,537.916666666667
"background",98,98,283.666666666667,87.5151515151515,294.090909090909
"background",99,99,325.592592592593,7.7037037037037,32.1481481481481
"background",100,100,320.888888888889,80.9166666666667,591.25
"background",101,101,332.527777777778,54.9166666666667,204.972222222222
"background",102,102,302.138888888889,12.75,307.333333333333
"background",103,103,303.5,11,664.527777777778
"background",104,104,328.416666666667,207.305555555556,706.388888888889
"background",105,105,335.027777777778,43.3055555555556,309.027777777778
"background",106,106,324.305555555556,15.0555555555556,376.694444444444
"background",107,107,339.222222222222,0.722222222222222,143.305555555556
"background",108,108,329.138888888889,3.16666666666667,202.472222222222
"background",109,109,331.305555555556,2.36111111111111,420.861111111111
"background",110,110,343.277777777778,8.08333333333333,75.9722222222222
"background",111,111,318.138888888889,24.6388888888889,653
"background",112,112,290.833333333333,12.9444444444444,300.638888888889
"background",113,113,268.777777777778,20.5,678
"background",114,114,290.666666666667,41.9722222222222,506.472222222222
"background",115,115,320.305555555556,53.9444444444444,245.611111111111
"background",116,116,342.25,28.2222222222222,411.361111111111
"background",117,117,321.638888888889,29.4444444444444,494.972222222222
"background",118,118,325.088235294118,2.5,85.2058823529412
"background",119,119,318.777777777778,45.0555555555556,620.361111111111
"background",120,120,321.444444444444,129.972222222222,419.083333333333
"background",121,121,327.888888888889,9.02777777777778,537.722222222222
"background",122,122,318.444444444444,0.694444444444444,191.305555555556
"background",123,123,352.388888888889,2.63888888888889,521.583333333333
"background",124,124,341.111111111111,17.1111111111111,470.944444444444
"background",125,125,339.916666666667,28.3333333333333,468.722222222222
"background",126,126,347.388888888889,2.86111111111111,139.416666666667
"background",127,127,331.944444444444,8.55555555555556,334.805555555556
"background",128,128,313.666666666667,33.4722222222222,490
"background",129,129,321.444444444444,5.47222222222222,379.472222222222
"background",130,130,314.25,89.3611111111111,633
"background",131,131,325.583333333333,91.4166666666667,366.194444444444
"background",132,132,284.611111111111,116.555555555556,442.944444444444
"background",133,133,333.083333333333,11.9722222222222,271.222222222222
"background",134,134,326.388888888889,87.9444444444444,314.916666666667
"background",135,135,354.638888888889,9.36111111111111,75.4166666666667
"background",136,136,327.694444444444,80.2222222222222,290.333333333333
"background",137,137,333.027777777778,4.97222222222222,453.972222222222
"background",138,138,327.333333333333,81.3055555555556,361.194444444444
"background",139,139,315.722222222222,3.30555555555556,215.111111111111
"background",140,140,320.555555555556,27.25,121.722222222222
"background",141,141,326,35.8055555555556,472.777777777778
"background",142,142,295.111111111111,17.7222222222222,251.75
"background",143,143,287.777777777778,101.666666666667,417.666666666667
"background",144,144,349.972222222222,9.22222222222222,81.9722222222222
"background",145,145,334.611111111111,19.8333333333333,200.111111111111
"background",146,146,283.972222222222,20.4166666666667,643.305555555556
"background",147,147,316.305555555556,26.5833333333333,489.166666666667
"background",148,148,324.972222222222,28.4444444444444,446.5
