"species","x","y","bio5","bio14","bio18"
"species",1,1,287.666666666667,34.25,497.083333333333
"species",2,2,266.444444444444,38.5277777777778,568.166666666667
"species",3,3,287.666666666667,34.25,497.083333333333
"species",4,4,292.277777777778,24.6388888888889,452.944444444444
"species",5,5,278.805555555556,14.0277777777778,576.722222222222
"species",6,6,257.305555555556,53.8055555555556,716.944444444444
"species",7,7,278.555555555556,78.3333333333333,370.916666666667
"species",8,8,310.916666666667,18.0833333333333,534.222222222222
"species",9,9,311.928571428571,49.75,241.071428571429
"species",10,10,293.638888888889,33.3888888888889,616.888888888889
"species",11,11,264.151515151515,53.6969696969697,733.757575757576
"species",12,12,287.666666666667,34.25,497.083333333333
"species",13,13,264.151515151515,53.6969696969697,733.757575757576
"species",14,14,292.277777777778,24.6388888888889,452.944444444444
"species",15,15,300.730769230769,41.2307692307692,343.346153846154
"species",16,16,308.361111111111,24.6111111111111,379.111111111111
"species",17,17,312.638888888889,31.9166666666667,380.583333333333
"species",18,18,292.172413793103,66.0689655172414,730.827586206897
"species",19,19,257.305555555556,53.8055555555556,716.944444444444
"species",20,20,282.361111111111,54.5,580.083333333333
"species",21,21,257.305555555556,53.8055555555556,716.944444444444
"species",22,22,312.638888888889,31.9166666666667,380.583333333333
"species",23,23,293.638888888889,33.3888888888889,616.888888888889
"species",24,24,293.638888888889,33.3888888888889,616.888888888889
"species",25,25,292.277777777778,24.6388888888889,452.944444444444
"species",26,26,265.194444444444,23.0277777777778,718.166666666667
"species",27,27,300.730769230769,41.2307692307692,343.346153846154
"species",28,28,293.638888888889,33.3888888888889,616.888888888889
"species",29,29,278.555555555556,78.3333333333333,370.916666666667
"species",30,30,293.638888888889,33.3888888888889,616.888888888889
"species",31,31,280.638888888889,23.4444444444444,601.305555555556
"species",32,32,312.638888888889,31.9166666666667,380.583333333333
"species",33,33,292.172413793103,66.0689655172414,730.827586206897
"species",34,34,312.638888888889,31.9166666666667,380.583333333333
"species",35,35,300.730769230769,41.2307692307692,343.346153846154
"species",36,36,278.805555555556,14.0277777777778,576.722222222222
"species",37,37,292.888888888889,64.3888888888889,306.111111111111
"species",38,38,265.194444444444,23.0277777777778,718.166666666667
"species",39,39,312.638888888889,31.9166666666667,380.583333333333
"species",40,40,282.305555555556,11.5277777777778,629.5
"species",41,41,264.151515151515,53.6969696969697,733.757575757576
"species",42,42,310.916666666667,18.0833333333333,534.222222222222
"species",43,43,257.305555555556,53.8055555555556,716.944444444444
"species",44,44,312.638888888889,31.9166666666667,380.583333333333
"species",45,45,312.638888888889,31.9166666666667,380.583333333333
"species",46,46,300.730769230769,41.2307692307692,343.346153846154
"species",47,47,292.172413793103,66.0689655172414,730.827586206897
"species",48,48,257.305555555556,53.8055555555556,716.944444444444
"species",49,49,264.151515151515,53.6969696969697,733.757575757576
"species",50,50,272,83.1944444444444,486.666666666667
"species",51,51,257.305555555556,53.8055555555556,716.944444444444
"species",52,52,300.730769230769,41.2307692307692,343.346153846154
"species",53,53,300.730769230769,41.2307692307692,343.346153846154
"species",54,54,300.730769230769,41.2307692307692,343.346153846154
"species",55,55,293.638888888889,33.3888888888889,616.888888888889
"species",56,56,312.638888888889,31.9166666666667,380.583333333333
"species",57,57,292.277777777778,24.6388888888889,452.944444444444
"species",58,58,291.222222222222,16.8888888888889,494.055555555556
"species",59,59,300.730769230769,41.2307692307692,343.346153846154
"species",60,60,289.333333333333,16.1111111111111,314.472222222222
"species",61,61,257.305555555556,53.8055555555556,716.944444444444
"species",62,62,312.638888888889,31.9166666666667,380.583333333333
"species",63,63,312.638888888889,31.9166666666667,380.583333333333
"species",64,64,257.305555555556,53.8055555555556,716.944444444444
"species",65,65,300.730769230769,41.2307692307692,343.346153846154
"species",66,66,292.172413793103,66.0689655172414,730.827586206897
"species",67,67,287.666666666667,34.25,497.083333333333
"species",68,68,292.277777777778,24.6388888888889,452.944444444444
"species",69,69,292.277777777778,24.6388888888889,452.944444444444
"species",70,70,265.194444444444,23.0277777777778,718.166666666667
"species",71,71,265.194444444444,23.0277777777778,718.166666666667
"species",72,72,312.638888888889,31.9166666666667,380.583333333333
"species",73,73,291.222222222222,16.8888888888889,494.055555555556
"species",74,74,274.583333333333,81.2916666666667,570.375
"species",75,75,292.277777777778,24.6388888888889,452.944444444444
"species",76,76,292.277777777778,24.6388888888889,452.944444444444
"species",77,77,312.638888888889,31.9166666666667,380.583333333333
"species",78,78,287.666666666667,34.25,497.083333333333
"species",79,79,286.111111111111,9.52777777777778,590.055555555556
"species",80,80,265.194444444444,23.0277777777778,718.166666666667
"species",81,81,300.730769230769,41.2307692307692,343.346153846154
"species",82,82,292.172413793103,66.0689655172414,730.827586206897
"species",83,83,300.730769230769,41.2307692307692,343.346153846154
"species",84,84,287.666666666667,34.25,497.083333333333
"species",85,85,312.638888888889,31.9166666666667,380.583333333333
"species",86,86,304.083333333333,13.5833333333333,493.027777777778
"species",87,87,257.305555555556,53.8055555555556,716.944444444444
"species",88,88,312.638888888889,31.9166666666667,380.583333333333
"species",89,89,287.666666666667,34.25,497.083333333333
"species",90,90,293.638888888889,33.3888888888889,616.888888888889
"species",91,91,312.638888888889,34.5833333333333,351.277777777778
"species",92,92,300.730769230769,41.2307692307692,343.346153846154
"species",93,93,312.638888888889,31.9166666666667,380.583333333333
"species",94,94,312.638888888889,31.9166666666667,380.583333333333
"species",95,95,257.305555555556,53.8055555555556,716.944444444444
"species",96,96,292.172413793103,66.0689655172414,730.827586206897
"species",97,97,292.277777777778,24.6388888888889,452.944444444444
"species",98,98,287.222222222222,78.8611111111111,379.25
"species",99,99,293.638888888889,33.3888888888889,616.888888888889
"species",100,100,300.730769230769,41.2307692307692,343.346153846154
"species",101,101,292.172413793103,66.0689655172414,730.827586206897
"species",102,102,300.730769230769,41.2307692307692,343.346153846154
"species",103,103,272,83.1944444444444,486.666666666667
"species",104,104,312.638888888889,31.9166666666667,380.583333333333
"species",105,105,292.888888888889,64.3888888888889,306.111111111111
"species",106,106,282.361111111111,54.5,580.083333333333
"species",107,107,312.638888888889,31.9166666666667,380.583333333333
"species",108,108,300.730769230769,41.2307692307692,343.346153846154
"species",109,109,300.730769230769,41.2307692307692,343.346153846154
"species",110,110,265.194444444444,23.0277777777778,718.166666666667
"species",111,111,312.638888888889,31.9166666666667,380.583333333333
"species",112,112,312.638888888889,31.9166666666667,380.583333333333
"species",113,113,288.416666666667,26.7222222222222,611.416666666667
"species",114,114,287.666666666667,34.25,497.083333333333
"species",115,115,282.361111111111,54.5,580.083333333333
"species",116,116,287.666666666667,34.25,497.083333333333
"species",117,117,312.638888888889,31.9166666666667,380.583333333333
"species",118,118,312.638888888889,31.9166666666667,380.583333333333
"species",119,119,335.722222222222,24.9444444444444,491.916666666667
"species",120,120,292.277777777778,24.6388888888889,452.944444444444
"species",121,121,257.305555555556,53.8055555555556,716.944444444444
"species",122,122,291.222222222222,16.8888888888889,494.055555555556
"species",123,123,264.151515151515,53.6969696969697,733.757575757576
"species",124,124,300.730769230769,41.2307692307692,343.346153846154
"species",125,125,293.638888888889,33.3888888888889,616.888888888889
"species",126,126,313.333333333333,62.4444444444444,489.555555555556
"species",127,127,265.194444444444,23.0277777777778,718.166666666667
"species",128,128,287.666666666667,34.25,497.083333333333
"species",129,129,282.361111111111,54.5,580.083333333333
"species",130,130,300.730769230769,41.2307692307692,343.346153846154
"species",131,131,312.638888888889,31.9166666666667,380.583333333333
"species",132,132,312.638888888889,31.9166666666667,380.583333333333
"species",133,133,291.222222222222,16.8888888888889,494.055555555556
"species",134,134,300.730769230769,41.2307692307692,343.346153846154
"species",135,135,300.730769230769,41.2307692307692,343.346153846154
"species",136,136,300.730769230769,41.2307692307692,343.346153846154
