"species","x","y","bio5","bio14","bio18"
"species",1,1,292.172413793103,66.0689655172414,730.827586206897
"species",2,2,265.194444444444,23.0277777777778,718.166666666667
"species",3,3,257.305555555556,53.8055555555556,716.944444444444
"species",4,4,311.928571428571,49.75,241.071428571429
"species",5,5,278.555555555556,78.3333333333333,370.916666666667
"species",6,6,312.638888888889,31.9166666666667,380.583333333333
"species",7,7,286.111111111111,9.52777777777778,590.055555555556
"species",8,8,300.730769230769,41.2307692307692,343.346153846154
"species",9,9,292.172413793103,66.0689655172414,730.827586206897
"species",10,10,287.666666666667,34.25,497.083333333333
"species",11,11,291.222222222222,16.8888888888889,494.055555555556
"species",12,12,287.666666666667,34.25,497.083333333333
"species",13,13,300.730769230769,41.2307692307692,343.346153846154
"species",14,14,292.277777777778,24.6388888888889,452.944444444444
"species",15,15,282.805555555556,36.4444444444444,526.666666666667
"species",16,16,291.222222222222,16.8888888888889,494.055555555556
"species",17,17,300.730769230769,41.2307692307692,343.346153846154
"species",18,18,308.361111111111,24.6111111111111,379.111111111111
"species",19,19,312.638888888889,31.9166666666667,380.583333333333
"species",20,20,300.730769230769,41.2307692307692,343.346153846154
"species",21,21,257.305555555556,53.8055555555556,716.944444444444
"species",22,22,293.638888888889,33.3888888888889,616.888888888889
"species",23,23,313.333333333333,62.4444444444444,489.555555555556
"species",24,24,287.666666666667,34.25,497.083333333333
"species",25,25,292.277777777778,24.6388888888889,452.944444444444
"species",26,26,300.730769230769,41.2307692307692,343.346153846154
"species",27,27,265.194444444444,23.0277777777778,718.166666666667
"species",28,28,308.361111111111,24.6111111111111,379.111111111111
"species",29,29,276.666666666667,12.8611111111111,693.5
"species",30,30,312.638888888889,34.5833333333333,351.277777777778
"species",31,31,257.305555555556,53.8055555555556,716.944444444444
"species",32,32,257.305555555556,53.8055555555556,716.944444444444
"species",33,33,312.638888888889,31.9166666666667,380.583333333333
"species",34,34,312.638888888889,31.9166666666667,380.583333333333
"species",35,35,284.583333333333,19.8055555555556,622.388888888889
"species",36,36,264.151515151515,53.6969696969697,733.757575757576
"species",37,37,292.888888888889,64.3888888888889,306.111111111111
"species",38,38,312.638888888889,34.5833333333333,351.277777777778
"species",39,39,286.111111111111,9.52777777777778,590.055555555556
"species",40,40,335.722222222222,24.9444444444444,491.916666666667
"species",41,41,257.305555555556,53.8055555555556,716.944444444444
"species",42,42,310.916666666667,18.0833333333333,534.222222222222
"species",43,43,292.277777777778,24.6388888888889,452.944444444444
"species",44,44,280.638888888889,23.4444444444444,601.305555555556
"species",45,45,257.305555555556,53.8055555555556,716.944444444444
"species",46,46,292.277777777778,24.6388888888889,452.944444444444
"species",47,47,264.151515151515,53.6969696969697,733.757575757576
"species",48,48,287.666666666667,34.25,497.083333333333
"species",49,49,292.277777777778,24.6388888888889,452.944444444444
"species",50,50,312.638888888889,31.9166666666667,380.583333333333
"species",51,51,312.638888888889,31.9166666666667,380.583333333333
"species",52,52,292.172413793103,66.0689655172414,730.827586206897
"species",53,53,257.305555555556,53.8055555555556,716.944444444444
"species",54,54,292.888888888889,64.3888888888889,306.111111111111
"species",55,55,291.222222222222,16.8888888888889,494.055555555556
"species",56,56,312.638888888889,31.9166666666667,380.583333333333
"species",57,57,312.638888888889,31.9166666666667,380.583333333333
"species",58,58,312.638888888889,34.5833333333333,351.277777777778
"species",59,59,312.638888888889,31.9166666666667,380.583333333333
"species",60,60,300.730769230769,41.2307692307692,343.346153846154
"species",61,61,265.194444444444,23.0277777777778,718.166666666667
"species",62,62,291.222222222222,16.8888888888889,494.055555555556
"species",63,63,312.638888888889,31.9166666666667,380.583333333333
"species",64,64,312.638888888889,31.9166666666667,380.583333333333
"species",65,65,300.730769230769,41.2307692307692,343.346153846154
"species",66,66,312.638888888889,31.9166666666667,380.583333333333
"species",67,67,300.730769230769,41.2307692307692,343.346153846154
"species",68,68,292.277777777778,24.6388888888889,452.944444444444
"species",69,69,292.172413793103,66.0689655172414,730.827586206897
"species",70,70,304.083333333333,13.5833333333333,493.027777777778
"species",71,71,312.638888888889,31.9166666666667,380.583333333333
"species",72,72,312.638888888889,31.9166666666667,380.583333333333
"species",73,73,264.151515151515,53.6969696969697,733.757575757576
"species",74,74,312.638888888889,34.5833333333333,351.277777777778
"species",75,75,293.638888888889,33.3888888888889,616.888888888889
"species",76,76,265.194444444444,23.0277777777778,718.166666666667
"species",77,77,265.194444444444,23.0277777777778,718.166666666667
"species",78,78,292.277777777778,24.6388888888889,452.944444444444
"species",79,79,287.666666666667,34.25,497.083333333333
"species",80,80,300.730769230769,41.2307692307692,343.346153846154
"species",81,81,300.730769230769,41.2307692307692,343.346153846154
"species",82,82,265.194444444444,23.0277777777778,718.166666666667
"species",83,83,287.666666666667,34.25,497.083333333333
"species",84,84,278.805555555556,14.0277777777778,576.722222222222
"species",85,85,292.277777777778,24.6388888888889,452.944444444444
"species",86,86,292.172413793103,66.0689655172414,730.827586206897
"species",87,87,312.638888888889,31.9166666666667,380.583333333333
"species",88,88,278.555555555556,78.3333333333333,370.916666666667
"species",89,89,288.416666666667,26.7222222222222,611.416666666667
"species",90,90,292.277777777778,24.6388888888889,452.944444444444
"species",91,91,264.151515151515,53.6969696969697,733.757575757576
"species",92,92,287.666666666667,34.25,497.083333333333
"species",93,93,292.888888888889,64.3888888888889,306.111111111111
"species",94,94,291.222222222222,16.8888888888889,494.055555555556
"species",95,95,292.277777777778,24.6388888888889,452.944444444444
"species",96,96,300.730769230769,41.2307692307692,343.346153846154
"species",97,97,312.638888888889,31.9166666666667,380.583333333333
"species",98,98,312.638888888889,31.9166666666667,380.583333333333
"species",99,99,292.277777777778,24.6388888888889,452.944444444444
"species",100,100,287.666666666667,34.25,497.083333333333
"species",101,101,312.638888888889,31.9166666666667,380.583333333333
"species",102,102,300.730769230769,41.2307692307692,343.346153846154
"species",103,103,312.638888888889,31.9166666666667,380.583333333333
"species",104,104,282.305555555556,11.5277777777778,629.5
"species",105,105,300.730769230769,41.2307692307692,343.346153846154
"species",106,106,312.638888888889,31.9166666666667,380.583333333333
"species",107,107,293.638888888889,33.3888888888889,616.888888888889
"species",108,108,312.638888888889,31.9166666666667,380.583333333333
"species",109,109,293.638888888889,33.3888888888889,616.888888888889
"species",110,110,312.638888888889,31.9166666666667,380.583333333333
"species",111,111,287.666666666667,34.25,497.083333333333
"species",112,112,312.638888888889,31.9166666666667,380.583333333333
"species",113,113,264.151515151515,53.6969696969697,733.757575757576
"species",114,114,300.730769230769,41.2307692307692,343.346153846154
"species",115,115,293.638888888889,33.3888888888889,616.888888888889
"species",116,116,265.194444444444,23.0277777777778,718.166666666667
"species",117,117,312.638888888889,31.9166666666667,380.583333333333
"species",118,118,274.583333333333,81.2916666666667,570.375
"species",119,119,293.638888888889,33.3888888888889,616.888888888889
"species",120,120,287.222222222222,78.8611111111111,379.25
"species",121,121,312.638888888889,31.9166666666667,380.583333333333
"species",122,122,265.194444444444,23.0277777777778,718.166666666667
"species",123,123,257.305555555556,53.8055555555556,716.944444444444
"species",124,124,312.638888888889,31.9166666666667,380.583333333333
"species",125,125,313.333333333333,62.4444444444444,489.555555555556
"species",126,126,300.730769230769,41.2307692307692,343.346153846154
"species",127,127,287.222222222222,78.8611111111111,379.25
"species",128,128,300.730769230769,41.2307692307692,343.346153846154
"species",129,129,306.515151515152,61.9090909090909,290.878787878788
"species",130,130,312.638888888889,31.9166666666667,380.583333333333
"species",131,131,293.638888888889,33.3888888888889,616.888888888889
"species",132,132,272,83.1944444444444,486.666666666667
"species",133,133,282.361111111111,54.5,580.083333333333
"species",134,134,287.666666666667,34.25,497.083333333333
"species",135,135,300.730769230769,41.2307692307692,343.346153846154
"species",136,136,310.916666666667,18.0833333333333,534.222222222222
"species",137,137,264.151515151515,53.6969696969697,733.757575757576
"species",138,138,312.638888888889,31.9166666666667,380.583333333333
