"species","x","y","bio5","bio14","bio18"
"background",1,1,303.194444444444,77.2777777777778,495.638888888889
"background",2,2,326.416666666667,78.5,333.333333333333
"background",3,3,321.916666666667,72.6111111111111,618.083333333333
"background",4,4,320.472222222222,2.61111111111111,63.1944444444444
"background",5,5,334.277777777778,97.6666666666667,310.861111111111
"background",6,6,338.194444444444,10.5555555555556,507.805555555556
"background",7,7,321.444444444444,98.1944444444444,368.388888888889
"background",8,8,303,28.1666666666667,161.472222222222
"background",9,9,346.611111111111,3.44444444444444,476
"background",10,10,324.555555555556,21.1111111111111,317.25
"background",11,11,321.5,3.69444444444444,354.916666666667
"background",12,12,319.424242424242,11.6969696969697,56.5454545454545
"background",13,13,326.25,15.4166666666667,322.777777777778
"background",14,14,291.944444444444,78.9444444444444,451.972222222222
"background",15,15,318.305555555556,5.41666666666667,218.805555555556
"background",16,16,319.944444444444,78.0277777777778,355.361111111111
"background",17,17,258.805555555556,26.8611111111111,683.277777777778
"background",18,18,320.888888888889,80.9166666666667,591.25
"background",19,19,323.638888888889,44.25,179.222222222222
"background",20,20,311.194444444444,30.4166666666667,190.555555555556
"background",21,21,308.833333333333,16.9166666666667,196.222222222222
"background",22,22,298,8.63888888888889,387.805555555556
"background",23,23,317.388888888889,41.5277777777778,555.055555555556
"background",24,24,330.055555555556,67.0277777777778,261.833333333333
"background",25,25,292.888888888889,8.77777777777778,407.027777777778
