"species","x","y","bio5","bio14","bio18"
"species",1,1,300.730769230769,41.2307692307692,343.346153846154
"species",2,2,304.083333333333,13.5833333333333,493.027777777778
"species",3,3,292.172413793103,66.0689655172414,730.827586206897
"species",4,4,312.638888888889,31.9166666666667,380.583333333333
"species",5,5,300.730769230769,41.2307692307692,343.346153846154
"species",6,6,312.638888888889,31.9166666666667,380.583333333333
"species",7,7,292.277777777778,24.6388888888889,452.944444444444
"species",8,8,287.666666666667,34.25,497.083333333333
"species",9,9,282.305555555556,11.5277777777778,629.5
"species",10,10,265.194444444444,23.0277777777778,718.166666666667
"species",11,11,300.730769230769,41.2307692307692,343.346153846154
"species",12,12,257.305555555556,53.8055555555556,716.944444444444
"species",13,13,265.194444444444,23.0277777777778,718.166666666667
"species",14,14,306.515151515152,61.9090909090909,290.878787878788
"species",15,15,300.730769230769,41.2307692307692,343.346153846154
"species",16,16,265.194444444444,23.0277777777778,718.166666666667
"species",17,17,312.638888888889,31.9166666666667,380.583333333333
"species",18,18,288.416666666667,26.7222222222222,611.416666666667
"species",19,19,300.730769230769,41.2307692307692,343.346153846154
"species",20,20,300.730769230769,41.2307692307692,343.346153846154
"species",21,21,292.172413793103,66.0689655172414,730.827586206897
"species",22,22,257.305555555556,53.8055555555556,716.944444444444
"species",23,23,312.638888888889,31.9166666666667,380.583333333333
"species",24,24,312.638888888889,31.9166666666667,380.583333333333
"species",25,25,312.638888888889,31.9166666666667,380.583333333333
"species",26,26,264.151515151515,53.6969696969697,733.757575757576
"species",27,27,312.638888888889,31.9166666666667,380.583333333333
"species",28,28,264.151515151515,53.6969696969697,733.757575757576
"species",29,29,287.666666666667,34.25,497.083333333333
"species",30,30,293.638888888889,33.3888888888889,616.888888888889
"species",31,31,300.730769230769,41.2307692307692,343.346153846154
"species",32,32,292.172413793103,66.0689655172414,730.827586206897
"species",33,33,264.151515151515,53.6969696969697,733.757575757576
"species",34,34,291.222222222222,16.8888888888889,494.055555555556
"species",35,35,300.730769230769,41.2307692307692,343.346153846154
"species",36,36,292.888888888889,64.3888888888889,306.111111111111
"species",37,37,312.638888888889,31.9166666666667,380.583333333333
"species",38,38,291.222222222222,16.8888888888889,494.055555555556
"species",39,39,286.111111111111,9.52777777777778,590.055555555556
"species",40,40,312.638888888889,31.9166666666667,380.583333333333
"species",41,41,274.583333333333,81.2916666666667,570.375
"species",42,42,257.305555555556,53.8055555555556,716.944444444444
"species",43,43,287.666666666667,34.25,497.083333333333
"species",44,44,293.638888888889,33.3888888888889,616.888888888889
"species",45,45,291.222222222222,16.8888888888889,494.055555555556
"species",46,46,312.638888888889,31.9166666666667,380.583333333333
"species",47,47,265.194444444444,23.0277777777778,718.166666666667
"species",48,48,264.151515151515,53.6969696969697,733.757575757576
"species",49,49,300.730769230769,41.2307692307692,343.346153846154
"species",50,50,264.151515151515,53.6969696969697,733.757575757576
"species",51,51,276.666666666667,12.8611111111111,693.5
"species",52,52,257.305555555556,53.8055555555556,716.944444444444
"species",53,53,293.638888888889,33.3888888888889,616.888888888889
"species",54,54,312.638888888889,31.9166666666667,380.583333333333
"species",55,55,292.172413793103,66.0689655172414,730.827586206897
"species",56,56,265.194444444444,23.0277777777778,718.166666666667
"species",57,57,293.638888888889,33.3888888888889,616.888888888889
"species",58,58,300.730769230769,41.2307692307692,343.346153846154
"species",59,59,300.730769230769,41.2307692307692,343.346153846154
"species",60,60,265.194444444444,23.0277777777778,718.166666666667
"species",61,61,312.638888888889,31.9166666666667,380.583333333333
"species",62,62,289.333333333333,16.1111111111111,314.472222222222
"species",63,63,257.305555555556,53.8055555555556,716.944444444444
"species",64,64,292.277777777778,24.6388888888889,452.944444444444
"species",65,65,313.333333333333,62.4444444444444,489.555555555556
"species",66,66,257.305555555556,53.8055555555556,716.944444444444
"species",67,67,292.277777777778,24.6388888888889,452.944444444444
"species",68,68,300.730769230769,41.2307692307692,343.346153846154
"species",69,69,300.730769230769,41.2307692307692,343.346153846154
"species",70,70,292.277777777778,24.6388888888889,452.944444444444
"species",71,71,300.730769230769,41.2307692307692,343.346153846154
"species",72,72,312.638888888889,31.9166666666667,380.583333333333
"species",73,73,312.638888888889,31.9166666666667,380.583333333333
"species",74,74,312.638888888889,31.9166666666667,380.583333333333
"species",75,75,300.730769230769,41.2307692307692,343.346153846154
"species",76,76,257.305555555556,53.8055555555556,716.944444444444
"species",77,77,335.722222222222,24.9444444444444,491.916666666667
"species",78,78,292.277777777778,24.6388888888889,452.944444444444
"species",79,79,287.666666666667,34.25,497.083333333333
"species",80,80,310.916666666667,18.0833333333333,534.222222222222
"species",81,81,312.638888888889,31.9166666666667,380.583333333333
"species",82,82,265.194444444444,23.0277777777778,718.166666666667
"species",83,83,308.361111111111,24.6111111111111,379.111111111111
"species",84,84,292.172413793103,66.0689655172414,730.827586206897
"species",85,85,266.444444444444,38.5277777777778,568.166666666667
"species",86,86,312.638888888889,31.9166666666667,380.583333333333
"species",87,87,301.888888888889,62.1388888888889,304.611111111111
"species",88,88,312.638888888889,34.5833333333333,351.277777777778
"species",89,89,272,83.1944444444444,486.666666666667
"species",90,90,265.194444444444,23.0277777777778,718.166666666667
"species",91,91,292.277777777778,24.6388888888889,452.944444444444
"species",92,92,301.888888888889,62.1388888888889,304.611111111111
"species",93,93,287.222222222222,78.8611111111111,379.25
"species",94,94,287.666666666667,34.25,497.083333333333
"species",95,95,282.805555555556,36.4444444444444,526.666666666667
"species",96,96,312.638888888889,31.9166666666667,380.583333333333
"species",97,97,312.638888888889,34.5833333333333,351.277777777778
"species",98,98,280.638888888889,23.4444444444444,601.305555555556
"species",99,99,310.916666666667,18.0833333333333,534.222222222222
"species",100,100,300.730769230769,41.2307692307692,343.346153846154
"species",101,101,274.583333333333,81.2916666666667,570.375
"species",102,102,257.305555555556,53.8055555555556,716.944444444444
"species",103,103,287.666666666667,34.25,497.083333333333
"species",104,104,282.361111111111,54.5,580.083333333333
"species",105,105,264.151515151515,53.6969696969697,733.757575757576
"species",106,106,312.638888888889,34.5833333333333,351.277777777778
"species",107,107,312.638888888889,31.9166666666667,380.583333333333
"species",108,108,276.666666666667,12.8611111111111,693.5
"species",109,109,312.638888888889,31.9166666666667,380.583333333333
"species",110,110,300.730769230769,41.2307692307692,343.346153846154
"species",111,111,300.730769230769,41.2307692307692,343.346153846154
"species",112,112,278.555555555556,78.3333333333333,370.916666666667
"species",113,113,312.638888888889,31.9166666666667,380.583333333333
"species",114,114,312.638888888889,31.9166666666667,380.583333333333
"species",115,115,292.277777777778,24.6388888888889,452.944444444444
"species",116,116,300.730769230769,41.2307692307692,343.346153846154
"species",117,117,260.666666666667,24.5833333333333,718.055555555556
"species",118,118,312.638888888889,31.9166666666667,380.583333333333
"species",119,119,287.666666666667,34.25,497.083333333333
"species",120,120,312.638888888889,31.9166666666667,380.583333333333
"species",121,121,300.730769230769,41.2307692307692,343.346153846154
"species",122,122,300.730769230769,41.2307692307692,343.346153846154
"species",123,123,312.638888888889,31.9166666666667,380.583333333333
"species",124,124,292.277777777778,24.6388888888889,452.944444444444
"species",125,125,272,83.1944444444444,486.666666666667
"species",126,126,265.194444444444,23.0277777777778,718.166666666667
"species",127,127,293.638888888889,33.3888888888889,616.888888888889
"species",128,128,312.638888888889,31.9166666666667,380.583333333333
"species",129,129,293.638888888889,33.3888888888889,616.888888888889
"species",130,130,293.638888888889,33.3888888888889,616.888888888889
"species",131,131,300.730769230769,41.2307692307692,343.346153846154
"species",132,132,311.928571428571,49.75,241.071428571429
"species",133,133,257.305555555556,53.8055555555556,716.944444444444
"species",134,134,293.638888888889,33.3888888888889,616.888888888889
"species",135,135,293.638888888889,33.3888888888889,616.888888888889
"species",136,136,310.916666666667,18.0833333333333,534.222222222222
"species",137,137,282.361111111111,54.5,580.083333333333
"species",138,138,264.151515151515,53.6969696969697,733.757575757576
