"species","x","y","bio5","bio14","bio18"
"background",1,1,348.277777777778,2.5,472.027777777778
"background",2,2,340.666666666667,53.9166666666667,194.277777777778
"background",3,3,334.611111111111,4.97222222222222,369.444444444444
"background",4,4,318.611111111111,59,287.638888888889
"background",5,5,324.777777777778,30.3888888888889,556.694444444444
"background",6,6,322.777777777778,138.222222222222,517.805555555556
"background",7,7,310.805555555556,57.6111111111111,439.138888888889
"background",8,8,300.638888888889,123.611111111111,429.5
"background",9,9,331.277777777778,14.5833333333333,313.388888888889
"background",10,10,306.722222222222,129.5,411.194444444444
"background",11,11,339.833333333333,31.4444444444444,507.388888888889
"background",12,12,329.527777777778,0.0833333333333333,240.805555555556
"background",13,13,317.638888888889,33.9166666666667,155.277777777778
"background",14,14,295.416666666667,3.30555555555556,158.583333333333
"background",15,15,314.944444444444,119.75,425.277777777778
"background",16,16,312.448275862069,8,246.965517241379
"background",17,17,296.5,8.02777777777778,564.472222222222
"background",18,18,293.861111111111,5,449.388888888889
"background",19,19,297.583333333333,105.222222222222,560.111111111111
"background",20,20,305.305555555556,212.194444444444,710.5
"background",21,21,343.277777777778,8.08333333333333,75.9722222222222
"background",22,22,321.444444444444,98.1944444444444,368.388888888889
"background",23,23,320.5,86.3333333333333,396.25
"background",24,24,326.611111111111,46.0277777777778,230.638888888889
"background",25,25,311.25,40,474.083333333333
"background",26,26,314.75,3.91666666666667,230.527777777778
"background",27,27,325.444444444444,51.8333333333333,185.305555555556
"background",28,28,336.944444444444,7.58333333333333,469.611111111111
"background",29,29,322.694444444444,45.0555555555556,559.25
"background",30,30,258.805555555556,26.8611111111111,683.277777777778
"background",31,31,329.444444444444,77.0833333333333,309.333333333333
"background",32,32,348.25,4.30555555555556,505.111111111111
"background",33,33,328.833333333333,5.11111111111111,445.222222222222
"background",34,34,313.666666666667,33.4722222222222,490
"background",35,35,280.638888888889,23.4444444444444,601.305555555556
"background",36,36,315.5,26.6388888888889,228.5
"background",37,37,320.722222222222,84.6111111111111,421.222222222222
"background",38,38,303.194444444444,122.722222222222,441.5
"background",39,39,272,83.1944444444444,486.666666666667
"background",40,40,346.75,13.9444444444444,389.916666666667
"background",41,41,351.472222222222,6.63888888888889,110.138888888889
"background",42,42,344.444444444444,1.75,484.472222222222
"background",43,43,326.777777777778,93.6111111111111,376
"background",44,44,320.555555555556,27.25,121.722222222222
"background",45,45,303,28.1666666666667,161.472222222222
"background",46,46,314.444444444444,2.61111111111111,89.9444444444444
"background",47,47,312.083333333333,176.777777777778,566.555555555556
"background",48,48,337.527777777778,2.13888888888889,76.0833333333333
"background",49,49,327.527777777778,21.9444444444444,468.027777777778
"background",50,50,319.861111111111,36.25,142.027777777778
"background",51,51,292.138888888889,80.4722222222222,333.444444444444
"background",52,52,342.861111111111,2.13888888888889,154.5
"background",53,53,320.222222222222,0.472222222222222,248.166666666667
"background",54,54,334.416666666667,82.4722222222222,259.555555555556
"background",55,55,332.777777777778,44.5833333333333,156.805555555556
"background",56,56,281.444444444444,103.277777777778,537.916666666667
"background",57,57,308.833333333333,16.9166666666667,196.222222222222
"background",58,58,307.416666666667,25.3055555555556,514.138888888889
"background",59,59,341.111111111111,17.1111111111111,470.944444444444
"background",60,60,335.416666666667,0.5,255.944444444444
"background",61,61,324.694444444444,40.9444444444444,174.527777777778
"background",62,62,261.888888888889,74.3055555555556,502.972222222222
"background",63,63,334.277777777778,2.25,64.8333333333333
"background",64,64,291.777777777778,96.4444444444444,389.583333333333
"background",65,65,297.888888888889,57.1666666666667,452.055555555556
"background",66,66,312.083333333333,37.3333333333333,305.888888888889
"background",67,67,303.444444444444,11,219.388888888889
"background",68,68,295.111111111111,17.7222222222222,251.75
"background",69,69,319.583333333333,71.3611111111111,564.944444444444
"background",70,70,330,21.3611111111111,324.444444444444
"background",71,71,330.583333333333,77.6944444444444,271.305555555556
"background",72,72,305.055555555556,13,486.805555555556
"background",73,73,309.388888888889,23.2222222222222,174.277777777778
"background",74,74,320.027777777778,36.5,584.194444444444
"background",75,75,330.083333333333,1.77777777777778,166.027777777778
"background",76,76,355.944444444444,9.72222222222222,382.972222222222
"background",77,77,312.638888888889,31.9166666666667,380.583333333333
"background",78,78,324.138888888889,38.4166666666667,155.138888888889
"background",79,79,306.611111111111,181.361111111111,843.861111111111
"background",80,80,321.916666666667,46.6944444444444,232.416666666667
"background",81,81,327.916666666667,41.7777777777778,198.222222222222
"background",82,82,347.194444444444,4.25,114.583333333333
"background",83,83,288.194444444444,80.6111111111111,361.027777777778
"background",84,84,317.916666666667,52.1111111111111,566.722222222222
"background",85,85,338.333333333333,30.3888888888889,347.527777777778
"background",86,86,318.888888888889,2.61111111111111,194.222222222222
"background",87,87,328.777777777778,45.2777777777778,348.972222222222
"background",88,88,331.333333333333,6.16666666666667,238.583333333333
"background",89,89,344,3.86111111111111,242.888888888889
"background",90,90,344.111111111111,2.47222222222222,173.5
"background",91,91,314.666666666667,7.02777777777778,325.055555555556
"background",92,92,303.805555555556,4.97222222222222,222.444444444444
"background",93,93,321.5,3.69444444444444,354.916666666667
"background",94,94,314.444444444444,96.7222222222222,623.916666666667
"background",95,95,315.166666666667,99.5833333333333,658.388888888889
"background",96,96,327.75,56.9166666666667,327.555555555556
"background",97,97,323.305555555556,120.944444444444,406.638888888889
"background",98,98,329.416666666667,9.58333333333333,262.916666666667
"background",99,99,325.592592592593,7.7037037037037,32.1481481481481
"background",100,100,311.388888888889,4.47222222222222,389.055555555556
"background",101,101,327.055555555556,54.0277777777778,203.027777777778
"background",102,102,278.805555555556,14.0277777777778,576.722222222222
"background",103,103,328.75,14.3888888888889,434.944444444444
"background",104,104,329.027777777778,61.7777777777778,225.638888888889
"background",105,105,349.861111111111,12.8333333333333,351.583333333333
"background",106,106,346.305555555556,7.36111111111111,249.472222222222
"background",107,107,356.194444444444,3.80555555555556,627.972222222222
"background",108,108,327.027777777778,79.1944444444444,267.111111111111
"background",109,109,323.277777777778,26.6666666666667,158.75
"background",110,110,314.388888888889,34.0277777777778,167.222222222222
"background",111,111,320.75,59.6111111111111,562
"background",112,112,310.166666666667,8.5,565.305555555556
"background",113,113,326.333333333333,64.75,266.5
"background",114,114,316.916666666667,64.75,589.361111111111
"background",115,115,290.583333333333,7.30555555555556,657.305555555556
"background",116,116,330.388888888889,31.2777777777778,569.555555555556
"background",117,117,305.111111111111,3.33333333333333,209.166666666667
"background",118,118,288.194444444444,55.75,521.888888888889
"background",119,119,278.555555555556,78.3333333333333,370.916666666667
"background",120,120,323.583333333333,50.8888888888889,250.305555555556
"background",121,121,339.916666666667,28.3333333333333,468.722222222222
"background",122,122,310.916666666667,18.0833333333333,534.222222222222
"background",123,123,302.472222222222,20.0277777777778,599.166666666667
"background",124,124,341.5,0.388888888888889,152.722222222222
"background",125,125,282.305555555556,17.9444444444444,651.555555555556
"background",126,126,318.583333333333,19.4722222222222,214.583333333333
"background",127,127,318.777777777778,45.0555555555556,620.361111111111
"background",128,128,281.083333333333,18.1111111111111,245.972222222222
"background",129,129,323,19.5833333333333,283.611111111111
"background",130,130,326.583333333333,20.5555555555556,137.694444444444
"background",131,131,312.111111111111,148.472222222222,601.361111111111
"background",132,132,310.25,2.83333333333333,90.8055555555556
"background",133,133,332.527777777778,54.9166666666667,204.972222222222
"background",134,134,319.944444444444,78.0277777777778,355.361111111111
"background",135,135,326.472222222222,3.88888888888889,68.5
"background",136,136,317.5,62.8611111111111,571.555555555556
"background",137,137,322.694444444444,78.5,479.944444444444
"background",138,138,316.194444444444,36.3055555555556,493.388888888889
"background",139,139,350.527777777778,2.5,289.75
"background",140,140,303.194444444444,77.2777777777778,495.638888888889
"background",141,141,314.25,89.3611111111111,633
"background",142,142,347.305555555556,12.75,345.222222222222
"background",143,143,277.944444444444,11.4722222222222,732.222222222222
"background",144,144,327.25,33.9722222222222,223.333333333333
"background",145,145,308.861111111111,47.6111111111111,452.305555555556
"background",146,146,284.611111111111,116.555555555556,442.944444444444
"background",147,147,264.151515151515,53.6969696969697,733.757575757576
"background",148,148,330.055555555556,67.0277777777778,261.833333333333
