"species","x","y","bio5","bio14","bio18"
"species",1,1,312.638888888889,31.9166666666667,380.583333333333
"species",2,2,292.172413793103,66.0689655172414,730.827586206897
"species",3,3,310.916666666667,18.0833333333333,534.222222222222
"species",4,4,300.730769230769,41.2307692307692,343.346153846154
"species",5,5,310.916666666667,18.0833333333333,534.222222222222
"species",6,6,312.638888888889,31.9166666666667,380.583333333333
"species",7,7,257.305555555556,53.8055555555556,716.944444444444
"species",8,8,312.638888888889,31.9166666666667,380.583333333333
"species",9,9,287.666666666667,34.25,497.083333333333
"species",10,10,293.638888888889,33.3888888888889,616.888888888889
"species",11,11,287.666666666667,34.25,497.083333333333
"species",12,12,312.638888888889,34.5833333333333,351.277777777778
"species",13,13,264.151515151515,53.6969696969697,733.757575757576
"species",14,14,312.638888888889,31.9166666666667,380.583333333333
"species",15,15,292.277777777778,24.6388888888889,452.944444444444
"species",16,16,278.555555555556,78.3333333333333,370.916666666667
"species",17,17,287.666666666667,34.25,497.083333333333
"species",18,18,293.638888888889,33.3888888888889,616.888888888889
"species",19,19,300.730769230769,41.2307692307692,343.346153846154
"species",20,20,292.277777777778,24.6388888888889,452.944444444444
"species",21,21,312.638888888889,31.9166666666667,380.583333333333
"species",22,22,312.638888888889,31.9166666666667,380.583333333333
"species",23,23,257.305555555556,53.8055555555556,716.944444444444
"species",24,24,287.666666666667,34.25,497.083333333333
"species",25,25,257.305555555556,53.8055555555556,716.944444444444
"species",26,26,312.638888888889,31.9166666666667,380.583333333333
"species",27,27,264.151515151515,53.6969696969697,733.757575757576
"species",28,28,293.638888888889,33.3888888888889,616.888888888889
"species",29,29,291.222222222222,16.8888888888889,494.055555555556
"species",30,30,287.666666666667,34.25,497.083333333333
"species",31,31,300.730769230769,41.2307692307692,343.346153846154
"species",32,32,266.444444444444,38.5277777777778,568.166666666667
"species",33,33,291.222222222222,16.8888888888889,494.055555555556
"species",34,34,287.666666666667,34.25,497.083333333333
"species",35,35,292.277777777778,24.6388888888889,452.944444444444
"species",36,36,264.151515151515,53.6969696969697,733.757575757576
"species",37,37,257.305555555556,53.8055555555556,716.944444444444
"species",38,38,265.194444444444,23.0277777777778,718.166666666667
"species",39,39,257.305555555556,53.8055555555556,716.944444444444
"species",40,40,300.730769230769,41.2307692307692,343.346153846154
"species",41,41,300.730769230769,41.2307692307692,343.346153846154
"species",42,42,300.730769230769,41.2307692307692,343.346153846154
"species",43,43,276.666666666667,12.8611111111111,693.5
"species",44,44,300.730769230769,41.2307692307692,343.346153846154
"species",45,45,300.730769230769,41.2307692307692,343.346153846154
"species",46,46,300.730769230769,41.2307692307692,343.346153846154
"species",47,47,301.888888888889,62.1388888888889,304.611111111111
"species",48,48,265.194444444444,23.0277777777778,718.166666666667
"species",49,49,312.638888888889,31.9166666666667,380.583333333333
"species",50,50,257.305555555556,53.8055555555556,716.944444444444
"species",51,51,312.638888888889,31.9166666666667,380.583333333333
"species",52,52,312.638888888889,31.9166666666667,380.583333333333
"species",53,53,312.638888888889,31.9166666666667,380.583333333333
"species",54,54,312.638888888889,31.9166666666667,380.583333333333
"species",55,55,300.730769230769,41.2307692307692,343.346153846154
"species",56,56,282.361111111111,54.5,580.083333333333
"species",57,57,312.638888888889,34.5833333333333,351.277777777778
"species",58,58,312.638888888889,31.9166666666667,380.583333333333
"species",59,59,300.730769230769,41.2307692307692,343.346153846154
"species",60,60,293.638888888889,33.3888888888889,616.888888888889
"species",61,61,293.638888888889,33.3888888888889,616.888888888889
"species",62,62,292.172413793103,66.0689655172414,730.827586206897
"species",63,63,312.638888888889,31.9166666666667,380.583333333333
"species",64,64,287.666666666667,34.25,497.083333333333
"species",65,65,300.730769230769,41.2307692307692,343.346153846154
"species",66,66,312.638888888889,34.5833333333333,351.277777777778
"species",67,67,292.172413793103,66.0689655172414,730.827586206897
"species",68,68,310.916666666667,18.0833333333333,534.222222222222
"species",69,69,312.638888888889,31.9166666666667,380.583333333333
"species",70,70,300.730769230769,41.2307692307692,343.346153846154
"species",71,71,286.111111111111,9.52777777777778,590.055555555556
"species",72,72,300.730769230769,41.2307692307692,343.346153846154
"species",73,73,300.730769230769,41.2307692307692,343.346153846154
"species",74,74,278.805555555556,14.0277777777778,576.722222222222
"species",75,75,292.172413793103,66.0689655172414,730.827586206897
"species",76,76,287.666666666667,34.25,497.083333333333
"species",77,77,312.638888888889,31.9166666666667,380.583333333333
"species",78,78,312.638888888889,31.9166666666667,380.583333333333
"species",79,79,264.151515151515,53.6969696969697,733.757575757576
"species",80,80,312.638888888889,31.9166666666667,380.583333333333
"species",81,81,300.730769230769,41.2307692307692,343.346153846154
"species",82,82,293.638888888889,33.3888888888889,616.888888888889
"species",83,83,272,83.1944444444444,486.666666666667
"species",84,84,300.730769230769,41.2307692307692,343.346153846154
"species",85,85,286.111111111111,9.52777777777778,590.055555555556
"species",86,86,287.222222222222,78.8611111111111,379.25
"species",87,87,280.638888888889,23.4444444444444,601.305555555556
"species",88,88,265.194444444444,23.0277777777778,718.166666666667
"species",89,89,291.222222222222,16.8888888888889,494.055555555556
"species",90,90,274.583333333333,81.2916666666667,570.375
"species",91,91,312.638888888889,31.9166666666667,380.583333333333
"species",92,92,257.305555555556,53.8055555555556,716.944444444444
"species",93,93,292.277777777778,24.6388888888889,452.944444444444
"species",94,94,287.666666666667,34.25,497.083333333333
"species",95,95,282.305555555556,11.5277777777778,629.5
"species",96,96,293.638888888889,33.3888888888889,616.888888888889
"species",97,97,312.638888888889,31.9166666666667,380.583333333333
"species",98,98,257.305555555556,53.8055555555556,716.944444444444
"species",99,99,312.638888888889,31.9166666666667,380.583333333333
"species",100,100,312.638888888889,31.9166666666667,380.583333333333
"species",101,101,304.083333333333,13.5833333333333,493.027777777778
"species",102,102,300.730769230769,41.2307692307692,343.346153846154
"species",103,103,293.638888888889,33.3888888888889,616.888888888889
"species",104,104,291.222222222222,16.8888888888889,494.055555555556
"species",105,105,287.666666666667,34.25,497.083333333333
"species",106,106,292.277777777778,24.6388888888889,452.944444444444
"species",107,107,282.361111111111,54.5,580.083333333333
"species",108,108,278.805555555556,14.0277777777778,576.722222222222
"species",109,109,312.638888888889,31.9166666666667,380.583333333333
"species",110,110,312.638888888889,31.9166666666667,380.583333333333
"species",111,111,284.583333333333,19.8055555555556,622.388888888889
"species",112,112,300.730769230769,41.2307692307692,343.346153846154
"species",113,113,292.277777777778,24.6388888888889,452.944444444444
"species",114,114,312.638888888889,31.9166666666667,380.583333333333
"species",115,115,312.638888888889,31.9166666666667,380.583333333333
"species",116,116,313.333333333333,62.4444444444444,489.555555555556
"species",117,117,292.277777777778,24.6388888888889,452.944444444444
"species",118,118,292.172413793103,66.0689655172414,730.827586206897
"species",119,119,293.638888888889,33.3888888888889,616.888888888889
"species",120,120,265.194444444444,23.0277777777778,718.166666666667
"species",121,121,292.888888888889,64.3888888888889,306.111111111111
"species",122,122,287.666666666667,34.25,497.083333333333
"species",123,123,257.305555555556,53.8055555555556,716.944444444444
"species",124,124,300.730769230769,41.2307692307692,343.346153846154
"species",125,125,257.305555555556,53.8055555555556,716.944444444444
"species",126,126,292.277777777778,24.6388888888889,452.944444444444
"species",127,127,300.730769230769,41.2307692307692,343.346153846154
"species",128,128,282.361111111111,54.5,580.083333333333
"species",129,129,292.888888888889,64.3888888888889,306.111111111111
"species",130,130,312.638888888889,31.9166666666667,380.583333333333
"species",131,131,312.638888888889,34.5833333333333,351.277777777778
"species",132,132,257.305555555556,53.8055555555556,716.944444444444
"species",133,133,300.730769230769,41.2307692307692,343.346153846154
"species",134,134,287.666666666667,34.25,497.083333333333
"species",135,135,264.151515151515,53.6969696969697,733.757575757576
"species",136,136,292.277777777778,24.6388888888889,452.944444444444
"species",137,137,300.730769230769,41.2307692307692,343.346153846154
"species",138,138,257.305555555556,53.8055555555556,716.944444444444
