"species","x","y","bio5","bio14","bio18"
"background",1,1,305.25,2.11111111111111,258.694444444444
"background",2,2,312.083333333333,176.777777777778,566.555555555556
"background",3,3,326.25,104.583333333333,374.777777777778
"background",4,4,325.805555555556,2.80555555555556,159.611111111111
"background",5,5,339.361111111111,4.30555555555556,459.388888888889
"background",6,6,329.861111111111,16.0833333333333,186.555555555556
"background",7,7,352.388888888889,2.63888888888889,521.583333333333
"background",8,8,338.638888888889,2.19444444444444,80.4722222222222
"background",9,9,332,4.16666666666667,418.888888888889
"background",10,10,349.861111111111,12.8333333333333,351.583333333333
"background",11,11,268.777777777778,20.5,678
"background",12,12,306.611111111111,181.361111111111,843.861111111111
"background",13,13,319.583333333333,71.3611111111111,564.944444444444
"background",14,14,346.611111111111,3.44444444444444,476
"background",15,15,297.888888888889,57.1666666666667,452.055555555556
"background",16,16,282.361111111111,54.5,580.083333333333
"background",17,17,315.722222222222,3.30555555555556,215.111111111111
"background",18,18,329.416666666667,9.58333333333333,262.916666666667
"background",19,19,331.277777777778,2.80555555555556,166.833333333333
"background",20,20,328.25,74.75,263.222222222222
"background",21,21,350.722222222222,0.888888888888889,131.944444444444
"background",22,22,334.444444444444,5.91666666666667,70.75
"background",23,23,346.75,13.9444444444444,389.916666666667
"background",24,24,334.833333333333,12.25,104.25
"background",25,25,279.555555555556,11.9722222222222,660.694444444444
