"species","x","y","bio5","bio14","bio18"
"species",1,1,292.172413793103,66.0689655172414,730.827586206897
"species",2,2,335.722222222222,24.9444444444444,491.916666666667
"species",3,3,265.194444444444,23.0277777777778,718.166666666667
"species",4,4,301.888888888889,62.1388888888889,304.611111111111
"species",5,5,274.583333333333,81.2916666666667,570.375
"species",6,6,264.151515151515,53.6969696969697,733.757575757576
"species",7,7,287.666666666667,34.25,497.083333333333
"species",8,8,312.638888888889,34.5833333333333,351.277777777778
"species",9,9,287.222222222222,78.8611111111111,379.25
"species",10,10,308.361111111111,24.6111111111111,379.111111111111
"species",11,11,312.638888888889,31.9166666666667,380.583333333333
"species",12,12,304.083333333333,13.5833333333333,493.027777777778
"species",13,13,310.916666666667,18.0833333333333,534.222222222222
"species",14,14,257.305555555556,53.8055555555556,716.944444444444
"species",15,15,293.638888888889,33.3888888888889,616.888888888889
"species",16,16,260.666666666667,24.5833333333333,718.055555555556
"species",17,17,280.638888888889,23.4444444444444,601.305555555556
"species",18,18,286.111111111111,9.52777777777778,590.055555555556
"species",19,19,278.805555555556,14.0277777777778,576.722222222222
"species",20,20,292.888888888889,64.3888888888889,306.111111111111
"species",21,21,291.222222222222,16.8888888888889,494.055555555556
"species",22,22,313.333333333333,62.4444444444444,489.555555555556
"species",23,23,276.666666666667,12.8611111111111,693.5
"species",24,24,282.805555555556,36.4444444444444,526.666666666667
"species",25,25,266.444444444444,38.5277777777778,568.166666666667
