"species","x","y","bio5","bio14","bio18"
"background",1,1,315.5,7.11111111111111,683.916666666667
"background",2,2,296.5,8.02777777777778,564.472222222222
"background",3,3,291.944444444444,78.9444444444444,451.972222222222
"background",4,4,314.25,89.3611111111111,633
"background",5,5,352.5,4.44444444444444,248.055555555556
"background",6,6,349.888888888889,5.61111111111111,283.333333333333
"background",7,7,327.333333333333,81.3055555555556,361.194444444444
"background",8,8,343.222222222222,5.05555555555556,144.25
"background",9,9,330.75,37.8611111111111,482.305555555556
"background",10,10,332.555555555556,4.69444444444444,70.6111111111111
"background",11,11,330.388888888889,31.2777777777778,569.555555555556
"background",12,12,312.448275862069,8,246.965517241379
"background",13,13,321.916666666667,46.6944444444444,232.416666666667
"background",14,14,338.138888888889,18.3333333333333,498.194444444444
"background",15,15,311.928571428571,49.75,241.071428571429
"background",16,16,325.444444444444,49.75,221.111111111111
"background",17,17,327.583333333333,67.2777777777778,283.333333333333
"background",18,18,333.333333333333,0.333333333333333,277.194444444444
"background",19,19,321.722222222222,101.222222222222,405.333333333333
"background",20,20,295.5,7.22222222222222,382.527777777778
"background",21,21,278.555555555556,78.3333333333333,370.916666666667
"background",22,22,317.944444444444,105.305555555556,585.444444444444
"background",23,23,332.972222222222,48.7222222222222,323.888888888889
"background",24,24,319.638888888889,23.3888888888889,655.805555555556
"background",25,25,334.611111111111,4.97222222222222,369.444444444444
"background",26,26,324.777777777778,30.3888888888889,556.694444444444
"background",27,27,314.444444444444,2.61111111111111,89.9444444444444
"background",28,28,323.777777777778,12.1388888888889,375.527777777778
"background",29,29,314.055555555556,10.4722222222222,366.083333333333
"background",30,30,319.583333333333,71.3611111111111,564.944444444444
"background",31,31,291.194444444444,30.7777777777778,217.694444444444
"background",32,32,314.583333333333,4.5,191.583333333333
"background",33,33,309.5,185.194444444444,657.333333333333
"background",34,34,336.75,2.44444444444444,158.083333333333
"background",35,35,319.444444444444,1.16666666666667,161.777777777778
"background",36,36,300.555555555556,4.27777777777778,253.25
"background",37,37,335.027777777778,43.3055555555556,309.027777777778
"background",38,38,308.861111111111,47.6111111111111,452.305555555556
"background",39,39,307.611111111111,214.861111111111,770.305555555556
"background",40,40,315.194444444444,26.3611111111111,553.166666666667
"background",41,41,345.444444444444,2.25,362.027777777778
"background",42,42,317.638888888889,159.888888888889,576.277777777778
"background",43,43,324.166666666667,62.8055555555556,242.055555555556
"background",44,44,317.75,11.1666666666667,415.722222222222
"background",45,45,329.777777777778,43.75,369.222222222222
"background",46,46,302.805555555556,21.6111111111111,157.333333333333
"background",47,47,328.75,14.3888888888889,434.944444444444
"background",48,48,317,1.44444444444444,197.75
"background",49,49,317.972222222222,25.7777777777778,225.916666666667
"background",50,50,334.694444444444,26.1388888888889,420.055555555556
"background",51,51,351.833333333333,9.25,370
"background",52,52,324.555555555556,1.91666666666667,212.472222222222
"background",53,53,291.777777777778,96.4444444444444,389.583333333333
"background",54,54,321.638888888889,29.4444444444444,494.972222222222
"background",55,55,317.027777777778,0.638888888888889,214.527777777778
"background",56,56,346.75,13.9444444444444,389.916666666667
"background",57,57,309.527777777778,174.861111111111,586.916666666667
"background",58,58,326.694444444444,4.02777777777778,196.555555555556
"background",59,59,314.444444444444,96.7222222222222,623.916666666667
"background",60,60,328.583333333333,40.4166666666667,189.333333333333
"background",61,61,288.194444444444,80.6111111111111,361.027777777778
"background",62,62,333.333333333333,24.8888888888889,371.694444444444
"background",63,63,354.361111111111,6.58333333333333,608.444444444444
"background",64,64,308.361111111111,24.6111111111111,379.111111111111
"background",65,65,321.027777777778,196.888888888889,666
"background",66,66,327.75,56.9166666666667,327.555555555556
"background",67,67,334.277777777778,2.25,64.8333333333333
"background",68,68,329.722222222222,75.8888888888889,240.222222222222
"background",69,69,350.527777777778,2.5,289.75
"background",70,70,312.638888888889,31.9166666666667,380.583333333333
"background",71,71,323.833333333333,55.5,247.833333333333
"background",72,72,300.972222222222,5.97222222222222,189.138888888889
"background",73,73,286.111111111111,9.52777777777778,590.055555555556
"background",74,74,282.722222222222,132.888888888889,558.611111111111
"background",75,75,330.583333333333,77.6944444444444,271.305555555556
"background",76,76,319.027777777778,60.8611111111111,550.583333333333
"background",77,77,344.333333333333,2.16666666666667,406.5
"background",78,78,343.472222222222,0.583333333333333,152.277777777778
"background",79,79,346.305555555556,7.36111111111111,249.472222222222
"background",80,80,266.5,92.8333333333333,453.638888888889
"background",81,81,325.583333333333,91.4166666666667,366.194444444444
"background",82,82,342.416666666667,20.1111111111111,555.25
"background",83,83,325,9.36111111111111,573.611111111111
"background",84,84,275,13.9444444444444,633.583333333333
"background",85,85,310.222222222222,1.52777777777778,233.583333333333
"background",86,86,339.916666666667,28.3333333333333,468.722222222222
"background",87,87,331.333333333333,6.16666666666667,238.583333333333
"background",88,88,349.555555555556,2.58333333333333,421.027777777778
"background",89,89,354.166666666667,9.75,324.666666666667
"background",90,90,303.444444444444,11,219.388888888889
"background",91,91,289.333333333333,16.1111111111111,314.472222222222
"background",92,92,339.833333333333,31.4444444444444,507.388888888889
"background",93,93,317.333333333333,31.5833333333333,472.416666666667
"background",94,94,302.138888888889,12.75,307.333333333333
"background",95,95,356.944444444444,11.1666666666667,348.444444444444
"background",96,96,282.305555555556,17.9444444444444,651.555555555556
"background",97,97,328.611111111111,3.63888888888889,437.083333333333
"background",98,98,317.527777777778,41.6111111111111,615.222222222222
"background",99,99,318.611111111111,59,287.638888888889
"background",100,100,317.027777777778,2,142.583333333333
"background",101,101,324.25,19.0277777777778,91.1666666666667
"background",102,102,327.388888888889,60.3888888888889,481.305555555556
"background",103,103,330.222222222222,26.1111111111111,309.083333333333
"background",104,104,281.861111111111,81.5833333333333,523.333333333333
"background",105,105,326.25,15.4166666666667,322.777777777778
"background",106,106,324.388888888889,89.7777777777778,356.972222222222
"background",107,107,260.388888888889,100.111111111111,492.861111111111
"background",108,108,346.611111111111,3.44444444444444,476
"background",109,109,347.361111111111,18.5277777777778,488.777777777778
"background",110,110,321.166666666667,6.61111111111111,617.666666666667
"background",111,111,317.222222222222,30.3055555555556,481.5
"background",112,112,323,47.7777777777778,218.611111111111
"background",113,113,330.5,72.5,286.75
"background",114,114,336.361111111111,43.3333333333333,458.5
"background",115,115,322.888888888889,62.4722222222222,393.277777777778
"background",116,116,323.611111111111,118.388888888889,383.777777777778
"background",117,117,350.722222222222,0.888888888888889,131.944444444444
"background",118,118,308.361111111111,7.94444444444444,434.416666666667
"background",119,119,329.027777777778,84.8888888888889,270.5
"background",120,120,310.916666666667,18.0833333333333,534.222222222222
"background",121,121,326.361111111111,18.1111111111111,379.388888888889
"background",122,122,331.305555555556,2.36111111111111,420.861111111111
"background",123,123,313.333333333333,62.4444444444444,489.555555555556
"background",124,124,337.472222222222,10.5,127.361111111111
"background",125,125,312.333333333333,2.52777777777778,311.25
"background",126,126,284.944444444444,8.5,562.527777777778
"background",127,127,288.194444444444,55.75,521.888888888889
"background",128,128,342.916666666667,6.13888888888889,191.611111111111
"background",129,129,330.055555555556,47.3888888888889,167.888888888889
"background",130,130,305.111111111111,3.33333333333333,209.166666666667
"background",131,131,328.416666666667,207.305555555556,706.388888888889
"background",132,132,347.888888888889,8.86111111111111,564.083333333333
"background",133,133,295,4.88888888888889,279.194444444444
"background",134,134,334.888888888889,16.3611111111111,304.25
"background",135,135,279.555555555556,11.9722222222222,660.694444444444
"background",136,136,337,13.9722222222222,350.305555555556
"background",137,137,308.305555555556,15.0277777777778,436.833333333333
"background",138,138,326.777777777778,93.6111111111111,376
"background",139,139,355.555555555556,6.13888888888889,340.5
"background",140,140,313.666666666667,28.1111111111111,437.055555555556
"background",141,141,335.277777777778,72.9722222222222,257.75
"background",142,142,308.388888888889,217.527777777778,738.444444444444
"background",143,143,318.694444444444,34.8055555555556,264.777777777778
"background",144,144,336.527777777778,11.4444444444444,599.138888888889
"background",145,145,322.694444444444,78.5,479.944444444444
"background",146,146,344.444444444444,1.75,484.472222222222
"background",147,147,317.972222222222,54.9722222222222,583.25
"background",148,148,331.944444444444,12.6111111111111,398.5
