"species","x","y","bio5","bio14","bio18"
"species",1,1,312.638888888889,31.9166666666667,380.583333333333
"species",2,2,257.305555555556,53.8055555555556,716.944444444444
"species",3,3,265.194444444444,23.0277777777778,718.166666666667
"species",4,4,312.638888888889,31.9166666666667,380.583333333333
"species",5,5,282.361111111111,54.5,580.083333333333
"species",6,6,282.305555555556,11.5277777777778,629.5
"species",7,7,292.172413793103,66.0689655172414,730.827586206897
"species",8,8,293.638888888889,33.3888888888889,616.888888888889
"species",9,9,284.583333333333,19.8055555555556,622.388888888889
"species",10,10,300.730769230769,41.2307692307692,343.346153846154
"species",11,11,286.111111111111,9.52777777777778,590.055555555556
"species",12,12,300.730769230769,41.2307692307692,343.346153846154
"species",13,13,292.277777777778,24.6388888888889,452.944444444444
"species",14,14,300.730769230769,41.2307692307692,343.346153846154
"species",15,15,300.730769230769,41.2307692307692,343.346153846154
"species",16,16,278.805555555556,14.0277777777778,576.722222222222
"species",17,17,287.666666666667,34.25,497.083333333333
"species",18,18,300.730769230769,41.2307692307692,343.346153846154
"species",19,19,265.194444444444,23.0277777777778,718.166666666667
"species",20,20,312.638888888889,31.9166666666667,380.583333333333
"species",21,21,300.730769230769,41.2307692307692,343.346153846154
"species",22,22,264.151515151515,53.6969696969697,733.757575757576
"species",23,23,292.277777777778,24.6388888888889,452.944444444444
"species",24,24,293.638888888889,33.3888888888889,616.888888888889
"species",25,25,291.222222222222,16.8888888888889,494.055555555556
"species",26,26,312.638888888889,31.9166666666667,380.583333333333
"species",27,27,260.666666666667,24.5833333333333,718.055555555556
"species",28,28,293.638888888889,33.3888888888889,616.888888888889
"species",29,29,287.666666666667,34.25,497.083333333333
"species",30,30,301.888888888889,62.1388888888889,304.611111111111
"species",31,31,300.730769230769,41.2307692307692,343.346153846154
"species",32,32,292.277777777778,24.6388888888889,452.944444444444
"species",33,33,293.638888888889,33.3888888888889,616.888888888889
"species",34,34,335.722222222222,24.9444444444444,491.916666666667
"species",35,35,312.638888888889,34.5833333333333,351.277777777778
"species",36,36,291.222222222222,16.8888888888889,494.055555555556
"species",37,37,312.638888888889,31.9166666666667,380.583333333333
"species",38,38,293.638888888889,33.3888888888889,616.888888888889
"species",39,39,265.194444444444,23.0277777777778,718.166666666667
"species",40,40,312.638888888889,31.9166666666667,380.583333333333
"species",41,41,312.638888888889,31.9166666666667,380.583333333333
"species",42,42,265.194444444444,23.0277777777778,718.166666666667
"species",43,43,257.305555555556,53.8055555555556,716.944444444444
"species",44,44,274.583333333333,81.2916666666667,570.375
"species",45,45,312.638888888889,31.9166666666667,380.583333333333
"species",46,46,287.666666666667,34.25,497.083333333333
"species",47,47,312.638888888889,31.9166666666667,380.583333333333
"species",48,48,278.555555555556,78.3333333333333,370.916666666667
"species",49,49,300.730769230769,41.2307692307692,343.346153846154
"species",50,50,292.277777777778,24.6388888888889,452.944444444444
"species",51,51,312.638888888889,31.9166666666667,380.583333333333
"species",52,52,264.151515151515,53.6969696969697,733.757575757576
"species",53,53,300.730769230769,41.2307692307692,343.346153846154
"species",54,54,293.638888888889,33.3888888888889,616.888888888889
"species",55,55,287.222222222222,78.8611111111111,379.25
"species",56,56,312.638888888889,31.9166666666667,380.583333333333
"species",57,57,293.638888888889,33.3888888888889,616.888888888889
"species",58,58,312.638888888889,31.9166666666667,380.583333333333
"species",59,59,300.730769230769,41.2307692307692,343.346153846154
"species",60,60,264.151515151515,53.6969696969697,733.757575757576
"species",61,61,311.928571428571,49.75,241.071428571429
"species",62,62,287.666666666667,34.25,497.083333333333
"species",63,63,292.277777777778,24.6388888888889,452.944444444444
"species",64,64,286.111111111111,9.52777777777778,590.055555555556
"species",65,65,313.333333333333,62.4444444444444,489.555555555556
"species",66,66,300.730769230769,41.2307692307692,343.346153846154
"species",67,67,287.666666666667,34.25,497.083333333333
"species",68,68,287.666666666667,34.25,497.083333333333
"species",69,69,312.638888888889,31.9166666666667,380.583333333333
"species",70,70,264.151515151515,53.6969696969697,733.757575757576
"species",71,71,257.305555555556,53.8055555555556,716.944444444444
"species",72,72,287.666666666667,34.25,497.083333333333
"species",73,73,257.305555555556,53.8055555555556,716.944444444444
"species",74,74,313.333333333333,62.4444444444444,489.555555555556
"species",75,75,312.638888888889,31.9166666666667,380.583333333333
"species",76,76,300.730769230769,41.2307692307692,343.346153846154
"species",77,77,264.151515151515,53.6969696969697,733.757575757576
"species",78,78,287.666666666667,34.25,497.083333333333
"species",79,79,292.888888888889,64.3888888888889,306.111111111111
"species",80,80,291.222222222222,16.8888888888889,494.055555555556
"species",81,81,287.666666666667,34.25,497.083333333333
"species",82,82,300.730769230769,41.2307692307692,343.346153846154
"species",83,83,308.361111111111,24.6111111111111,379.111111111111
"species",84,84,264.151515151515,53.6969696969697,733.757575757576
"species",85,85,292.172413793103,66.0689655172414,730.827586206897
"species",86,86,278.555555555556,78.3333333333333,370.916666666667
"species",87,87,300.730769230769,41.2307692307692,343.346153846154
"species",88,88,291.222222222222,16.8888888888889,494.055555555556
"species",89,89,287.666666666667,34.25,497.083333333333
"species",90,90,308.361111111111,24.6111111111111,379.111111111111
"species",91,91,257.305555555556,53.8055555555556,716.944444444444
"species",92,92,292.277777777778,24.6388888888889,452.944444444444
"species",93,93,312.638888888889,31.9166666666667,380.583333333333
"species",94,94,310.916666666667,18.0833333333333,534.222222222222
"species",95,95,301.888888888889,62.1388888888889,304.611111111111
"species",96,96,293.638888888889,33.3888888888889,616.888888888889
"species",97,97,312.638888888889,31.9166666666667,380.583333333333
"species",98,98,257.305555555556,53.8055555555556,716.944444444444
"species",99,99,287.666666666667,34.25,497.083333333333
"species",100,100,300.730769230769,41.2307692307692,343.346153846154
"species",101,101,291.222222222222,16.8888888888889,494.055555555556
"species",102,102,312.638888888889,31.9166666666667,380.583333333333
"species",103,103,312.638888888889,31.9166666666667,380.583333333333
"species",104,104,291.222222222222,16.8888888888889,494.055555555556
"species",105,105,312.638888888889,31.9166666666667,380.583333333333
"species",106,106,282.361111111111,54.5,580.083333333333
"species",107,107,282.361111111111,54.5,580.083333333333
"species",108,108,289.333333333333,16.1111111111111,314.472222222222
"species",109,109,300.730769230769,41.2307692307692,343.346153846154
"species",110,110,264.151515151515,53.6969696969697,733.757575757576
"species",111,111,292.172413793103,66.0689655172414,730.827586206897
"species",112,112,265.194444444444,23.0277777777778,718.166666666667
"species",113,113,291.222222222222,16.8888888888889,494.055555555556
"species",114,114,312.638888888889,31.9166666666667,380.583333333333
"species",115,115,292.277777777778,24.6388888888889,452.944444444444
"species",116,116,293.638888888889,33.3888888888889,616.888888888889
"species",117,117,300.730769230769,41.2307692307692,343.346153846154
"species",118,118,312.638888888889,34.5833333333333,351.277777777778
"species",119,119,265.194444444444,23.0277777777778,718.166666666667
"species",120,120,300.730769230769,41.2307692307692,343.346153846154
"species",121,121,282.361111111111,54.5,580.083333333333
"species",122,122,312.638888888889,31.9166666666667,380.583333333333
"species",123,123,310.916666666667,18.0833333333333,534.222222222222
"species",124,124,292.277777777778,24.6388888888889,452.944444444444
"species",125,125,300.730769230769,41.2307692307692,343.346153846154
"species",126,126,293.638888888889,33.3888888888889,616.888888888889
"species",127,127,312.638888888889,31.9166666666667,380.583333333333
"species",128,128,265.194444444444,23.0277777777778,718.166666666667
"species",129,129,300.730769230769,41.2307692307692,343.346153846154
"species",130,130,292.888888888889,64.3888888888889,306.111111111111
"species",131,131,312.638888888889,31.9166666666667,380.583333333333
"species",132,132,257.305555555556,53.8055555555556,716.944444444444
"species",133,133,300.730769230769,41.2307692307692,343.346153846154
"species",134,134,257.305555555556,53.8055555555556,716.944444444444
"species",135,135,312.638888888889,31.9166666666667,380.583333333333
"species",136,136,312.638888888889,31.9166666666667,380.583333333333
"species",137,137,312.638888888889,31.9166666666667,380.583333333333
