"species","x","y","bio5","bio14","bio18"
"background",1,1,307.388888888889,220.527777777778,795.277777777778
"background",2,2,314.444444444444,2.61111111111111,89.9444444444444
"background",3,3,322.611111111111,60.6944444444444,284.166666666667
"background",4,4,329.583333333333,26.5,162.444444444444
"background",5,5,273.888888888889,61.8055555555556,487.805555555556
"background",6,6,339.222222222222,0.722222222222222,143.305555555556
"background",7,7,282.305555555556,11.5277777777778,629.5
"background",8,8,320.472222222222,2.61111111111111,63.1944444444444
"background",9,9,288.666666666667,13.1111111111111,147.527777777778
"background",10,10,352.5,4.44444444444444,248.055555555556
"background",11,11,292.138888888889,80.4722222222222,333.444444444444
"background",12,12,315.944444444444,56.9166666666667,628.583333333333
"background",13,13,336.944444444444,7.58333333333333,469.611111111111
"background",14,14,314.305555555556,12.5833333333333,147.027777777778
"background",15,15,286.944444444444,30.6111111111111,279.416666666667
"background",16,16,321.916666666667,72.6111111111111,618.083333333333
"background",17,17,330.333333333333,14.6666666666667,351.305555555556
"background",18,18,312.416666666667,6.5,757.666666666667
"background",19,19,330.5,72.5,286.75
"background",20,20,319.027777777778,60.8611111111111,550.583333333333
"background",21,21,296.333333333333,7.47222222222222,628.027777777778
"background",22,22,342.361111111111,16.0277777777778,553.25
"background",23,23,311.861111111111,9.25,405.555555555556
"background",24,24,345.888888888889,20.8611111111111,430.611111111111
"background",25,25,293.833333333333,18.7777777777778,631.305555555556
"background",26,26,329.75,15.3055555555556,465.694444444444
"background",27,27,327.333333333333,81.3055555555556,361.194444444444
"background",28,28,326,35.8055555555556,472.777777777778
"background",29,29,349.388888888889,1.11111111111111,439.722222222222
"background",30,30,312.083333333333,176.777777777778,566.555555555556
"background",31,31,303.722222222222,21.3888888888889,570
"background",32,32,317.972222222222,25.7777777777778,225.916666666667
"background",33,33,312.694444444444,13.5833333333333,436.138888888889
"background",34,34,310.166666666667,8.5,565.305555555556
"background",35,35,343.083333333333,0,170.027777777778
"background",36,36,308.361111111111,24.6111111111111,379.111111111111
"background",37,37,317.638888888889,159.888888888889,576.277777777778
"background",38,38,286.111111111111,9.52777777777778,590.055555555556
"background",39,39,295.111111111111,17.7222222222222,251.75
"background",40,40,308.361111111111,18.6666666666667,228.805555555556
"background",41,41,326.472222222222,3.88888888888889,68.5
"background",42,42,323.277777777778,26.6666666666667,158.75
"background",43,43,325.305555555556,24.9444444444444,341.861111111111
"background",44,44,293.861111111111,5,449.388888888889
"background",45,45,318.5,127.916666666667,581.833333333333
"background",46,46,332.777777777778,44.5833333333333,156.805555555556
"background",47,47,330.527777777778,45.75,193.388888888889
"background",48,48,309.5,33.5277777777778,530.138888888889
"background",49,49,350.722222222222,0.888888888888889,131.944444444444
"background",50,50,337,13.9722222222222,350.305555555556
"background",51,51,326.388888888889,87.9444444444444,314.916666666667
"background",52,52,323.777777777778,12.1388888888889,375.527777777778
"background",53,53,353.416666666667,6.5,117.555555555556
"background",54,54,349.861111111111,12.8333333333333,351.583333333333
"background",55,55,319.916666666667,54,545.722222222222
"background",56,56,266.444444444444,38.5277777777778,568.166666666667
"background",57,57,298,8.63888888888889,387.805555555556
"background",58,58,332,4.16666666666667,418.888888888889
"background",59,59,316.75,11.0555555555556,539.861111111111
"background",60,60,316.888888888889,57.8888888888889,581.888888888889
"background",61,61,314.583333333333,4.5,191.583333333333
"background",62,62,355.555555555556,6.13888888888889,340.5
"background",63,63,347.055555555556,8.72222222222222,311.75
"background",64,64,297.333333333333,6.02777777777778,230.555555555556
"background",65,65,348,1.44444444444444,135.805555555556
"background",66,66,327.527777777778,71.1111111111111,308.027777777778
"background",67,67,342.611111111111,22.6111111111111,534.138888888889
"background",68,68,319.694444444444,42.4722222222222,517.083333333333
"background",69,69,315.111111111111,173.416666666667,561.694444444444
"background",70,70,337.083333333333,0.25,188.805555555556
"background",71,71,319.861111111111,36.25,142.027777777778
"background",72,72,330,21.3611111111111,324.444444444444
"background",73,73,318.305555555556,5.41666666666667,218.805555555556
"background",74,74,295.416666666667,3.30555555555556,158.583333333333
"background",75,75,297.583333333333,105.222222222222,560.111111111111
"background",76,76,327.388888888889,60.3888888888889,481.305555555556
"background",77,77,313.666666666667,22.5833333333333,563.555555555556
"background",78,78,322.833333333333,85.2777777777778,389.166666666667
"background",79,79,324.75,37.1111111111111,150.333333333333
"background",80,80,326.111111111111,95.5,342.861111111111
"background",81,81,304.055555555556,13.0555555555556,396.277777777778
"background",82,82,315.194444444444,26.3611111111111,553.166666666667
"background",83,83,326.333333333333,58.25,233.166666666667
"background",84,84,317,1.44444444444444,197.75
"background",85,85,297.472222222222,104.388888888889,378.805555555556
"background",86,86,331.944444444444,8.55555555555556,334.805555555556
"background",87,87,272,83.1944444444444,486.666666666667
"background",88,88,293.638888888889,33.3888888888889,616.888888888889
"background",89,89,314.25,89.3611111111111,633
"background",90,90,318.611111111111,59,287.638888888889
"background",91,91,306.611111111111,181.361111111111,843.861111111111
"background",92,92,284.611111111111,116.555555555556,442.944444444444
"background",93,93,297.888888888889,57.1666666666667,452.055555555556
"background",94,94,328.75,14.3888888888889,434.944444444444
"background",95,95,334.416666666667,14.5555555555556,275.138888888889
"background",96,96,257.305555555556,53.8055555555556,716.944444444444
"background",97,97,283.972222222222,20.4166666666667,643.305555555556
"background",98,98,312.361111111111,199.083333333333,610.694444444444
"background",99,99,284.944444444444,8.5,562.527777777778
"background",100,100,287.222222222222,78.8611111111111,379.25
"background",101,101,322.230769230769,13.6538461538462,101.884615384615
"background",102,102,339.25,25.2777777777778,513.388888888889
"background",103,103,328.472222222222,17.5,105
"background",104,104,339.916666666667,1,108.638888888889
"background",105,105,290.833333333333,12.9444444444444,300.638888888889
"background",106,106,327.055555555556,54.0277777777778,203.027777777778
"background",107,107,335.472222222222,55.9722222222222,202.833333333333
"background",108,108,319.111111111111,177.555555555556,714.305555555556
"background",109,109,314.666666666667,23.7777777777778,456.5
"background",110,110,314.444444444444,96.7222222222222,623.916666666667
"background",111,111,325.583333333333,91.4166666666667,366.194444444444
"background",112,112,326.055555555556,22.6666666666667,101.694444444444
"background",113,113,331.333333333333,6.16666666666667,238.583333333333
"background",114,114,330.916666666667,23.4444444444444,124.444444444444
"background",115,115,316.388888888889,20.3333333333333,415.416666666667
"background",116,116,312.444444444444,112.166666666667,627.583333333333
"background",117,117,260.388888888889,100.111111111111,492.861111111111
"background",118,118,264.151515151515,53.6969696969697,733.757575757576
"background",119,119,312.916666666667,230.055555555556,748.805555555556
"background",120,120,326.083333333333,55.2222222222222,247.305555555556
"background",121,121,344.444444444444,1.75,484.472222222222
"background",122,122,329.861111111111,16.0833333333333,186.555555555556
"background",123,123,312.916666666667,64.7222222222222,483.972222222222
"background",124,124,327.583333333333,67.2777777777778,283.333333333333
"background",125,125,324.777777777778,30.3888888888889,556.694444444444
"background",126,126,342.861111111111,2.13888888888889,154.5
"background",127,127,304.416666666667,4.91666666666667,339.416666666667
"background",128,128,315.25,103.555555555556,575.138888888889
"background",129,129,325.088235294118,2.5,85.2058823529412
"background",130,130,333.388888888889,21.0277777777778,396.25
"background",131,131,254.833333333333,117.944444444444,462.166666666667
"background",132,132,282.805555555556,36.4444444444444,526.666666666667
"background",133,133,329.055555555556,27.25,132.222222222222
"background",134,134,306.722222222222,129.5,411.194444444444
"background",135,135,309.5,185.194444444444,657.333333333333
"background",136,136,306.75,21.4722222222222,412.277777777778
"background",137,137,342.416666666667,20.1111111111111,555.25
"background",138,138,329.027777777778,61.7777777777778,225.638888888889
"background",139,139,327.527777777778,21.9444444444444,468.027777777778
"background",140,140,335.416666666667,0.5,255.944444444444
"background",141,141,337.888888888889,4.05555555555556,410.722222222222
"background",142,142,315.777777777778,2.91666666666667,51.5555555555556
"background",143,143,334.444444444444,37.2777777777778,400.583333333333
"background",144,144,324.138888888889,2.19444444444444,177.388888888889
"background",145,145,316.888888888889,21.0277777777778,398.777777777778
"background",146,146,351.472222222222,6.63888888888889,110.138888888889
"background",147,147,297.611111111111,21.9722222222222,258.25
"background",148,148,304.972222222222,73.8055555555556,288.111111111111
