"species","x","y","bio5","bio14","bio18"
"species",1,1,287.666666666667,34.25,497.083333333333
"species",2,2,264.151515151515,53.6969696969697,733.757575757576
"species",3,3,306.515151515152,61.9090909090909,290.878787878788
"species",4,4,312.638888888889,31.9166666666667,380.583333333333
"species",5,5,257.305555555556,53.8055555555556,716.944444444444
"species",6,6,300.730769230769,41.2307692307692,343.346153846154
"species",7,7,300.730769230769,41.2307692307692,343.346153846154
"species",8,8,292.172413793103,66.0689655172414,730.827586206897
"species",9,9,312.638888888889,31.9166666666667,380.583333333333
"species",10,10,282.305555555556,11.5277777777778,629.5
"species",11,11,300.730769230769,41.2307692307692,343.346153846154
"species",12,12,312.638888888889,31.9166666666667,380.583333333333
"species",13,13,264.151515151515,53.6969696969697,733.757575757576
"species",14,14,287.666666666667,34.25,497.083333333333
"species",15,15,292.277777777778,24.6388888888889,452.944444444444
"species",16,16,293.638888888889,33.3888888888889,616.888888888889
"species",17,17,300.730769230769,41.2307692307692,343.346153846154
"species",18,18,292.277777777778,24.6388888888889,452.944444444444
"species",19,19,265.194444444444,23.0277777777778,718.166666666667
"species",20,20,266.444444444444,38.5277777777778,568.166666666667
"species",21,21,291.222222222222,16.8888888888889,494.055555555556
"species",22,22,288.416666666667,26.7222222222222,611.416666666667
"species",23,23,300.730769230769,41.2307692307692,343.346153846154
"species",24,24,300.730769230769,41.2307692307692,343.346153846154
"species",25,25,257.305555555556,53.8055555555556,716.944444444444
"species",26,26,291.222222222222,16.8888888888889,494.055555555556
"species",27,27,312.638888888889,31.9166666666667,380.583333333333
"species",28,28,312.638888888889,34.5833333333333,351.277777777778
"species",29,29,304.083333333333,13.5833333333333,493.027777777778
"species",30,30,257.305555555556,53.8055555555556,716.944444444444
"species",31,31,287.666666666667,34.25,497.083333333333
"species",32,32,257.305555555556,53.8055555555556,716.944444444444
"species",33,33,289.333333333333,16.1111111111111,314.472222222222
"species",34,34,257.305555555556,53.8055555555556,716.944444444444
"species",35,35,300.730769230769,41.2307692307692,343.346153846154
"species",36,36,292.172413793103,66.0689655172414,730.827586206897
"species",37,37,292.172413793103,66.0689655172414,730.827586206897
"species",38,38,292.277777777778,24.6388888888889,452.944444444444
"species",39,39,293.638888888889,33.3888888888889,616.888888888889
"species",40,40,300.730769230769,41.2307692307692,343.346153846154
"species",41,41,335.722222222222,24.9444444444444,491.916666666667
"species",42,42,312.638888888889,31.9166666666667,380.583333333333
"species",43,43,312.638888888889,31.9166666666667,380.583333333333
"species",44,44,292.172413793103,66.0689655172414,730.827586206897
"species",45,45,287.666666666667,34.25,497.083333333333
"species",46,46,300.730769230769,41.2307692307692,343.346153846154
"species",47,47,278.805555555556,14.0277777777778,576.722222222222
"species",48,48,312.638888888889,34.5833333333333,351.277777777778
"species",49,49,264.151515151515,53.6969696969697,733.757575757576
"species",50,50,312.638888888889,31.9166666666667,380.583333333333
"species",51,51,300.730769230769,41.2307692307692,343.346153846154
"species",52,52,312.638888888889,31.9166666666667,380.583333333333
"species",53,53,308.361111111111,24.6111111111111,379.111111111111
"species",54,54,291.222222222222,16.8888888888889,494.055555555556
"species",55,55,292.277777777778,24.6388888888889,452.944444444444
"species",56,56,312.638888888889,31.9166666666667,380.583333333333
"species",57,57,287.222222222222,78.8611111111111,379.25
"species",58,58,312.638888888889,31.9166666666667,380.583333333333
"species",59,59,293.638888888889,33.3888888888889,616.888888888889
"species",60,60,310.916666666667,18.0833333333333,534.222222222222
"species",61,61,312.638888888889,31.9166666666667,380.583333333333
"species",62,62,292.172413793103,66.0689655172414,730.827586206897
"species",63,63,286.111111111111,9.52777777777778,590.055555555556
"species",64,64,282.361111111111,54.5,580.083333333333
"species",65,65,293.638888888889,33.3888888888889,616.888888888889
"species",66,66,257.305555555556,53.8055555555556,716.944444444444
"species",67,67,276.666666666667,12.8611111111111,693.5
"species",68,68,264.151515151515,53.6969696969697,733.757575757576
"species",69,69,293.638888888889,33.3888888888889,616.888888888889
"species",70,70,300.730769230769,41.2307692307692,343.346153846154
"species",71,71,257.305555555556,53.8055555555556,716.944444444444
"species",72,72,312.638888888889,31.9166666666667,380.583333333333
"species",73,73,300.730769230769,41.2307692307692,343.346153846154
"species",74,74,293.638888888889,33.3888888888889,616.888888888889
"species",75,75,300.730769230769,41.2307692307692,343.346153846154
"species",76,76,280.638888888889,23.4444444444444,601.305555555556
"species",77,77,313.333333333333,62.4444444444444,489.555555555556
"species",78,78,301.888888888889,62.1388888888889,304.611111111111
"species",79,79,300.730769230769,41.2307692307692,343.346153846154
"species",80,80,300.730769230769,41.2307692307692,343.346153846154
"species",81,81,257.305555555556,53.8055555555556,716.944444444444
"species",82,82,312.638888888889,31.9166666666667,380.583333333333
"species",83,83,292.172413793103,66.0689655172414,730.827586206897
"species",84,84,291.222222222222,16.8888888888889,494.055555555556
"species",85,85,264.151515151515,53.6969696969697,733.757575757576
"species",86,86,300.730769230769,41.2307692307692,343.346153846154
"species",87,87,284.583333333333,19.8055555555556,622.388888888889
"species",88,88,292.277777777778,24.6388888888889,452.944444444444
"species",89,89,260.666666666667,24.5833333333333,718.055555555556
"species",90,90,287.222222222222,78.8611111111111,379.25
"species",91,91,257.305555555556,53.8055555555556,716.944444444444
"species",92,92,292.172413793103,66.0689655172414,730.827586206897
"species",93,93,276.666666666667,12.8611111111111,693.5
"species",94,94,282.361111111111,54.5,580.083333333333
"species",95,95,312.638888888889,31.9166666666667,380.583333333333
"species",96,96,264.151515151515,53.6969696969697,733.757575757576
"species",97,97,313.333333333333,62.4444444444444,489.555555555556
"species",98,98,312.638888888889,31.9166666666667,380.583333333333
"species",99,99,300.730769230769,41.2307692307692,343.346153846154
"species",100,100,292.277777777778,24.6388888888889,452.944444444444
"species",101,101,300.730769230769,41.2307692307692,343.346153846154
"species",102,102,282.361111111111,54.5,580.083333333333
"species",103,103,286.111111111111,9.52777777777778,590.055555555556
"species",104,104,312.638888888889,31.9166666666667,380.583333333333
"species",105,105,312.638888888889,31.9166666666667,380.583333333333
"species",106,106,265.194444444444,23.0277777777778,718.166666666667
"species",107,107,312.638888888889,31.9166666666667,380.583333333333
"species",108,108,292.277777777778,24.6388888888889,452.944444444444
"species",109,109,300.730769230769,41.2307692307692,343.346153846154
"species",110,110,272,83.1944444444444,486.666666666667
"species",111,111,292.277777777778,24.6388888888889,452.944444444444
"species",112,112,311.928571428571,49.75,241.071428571429
"species",113,113,300.730769230769,41.2307692307692,343.346153846154
"species",114,114,312.638888888889,31.9166666666667,380.583333333333
"species",115,115,310.916666666667,18.0833333333333,534.222222222222
"species",116,116,312.638888888889,34.5833333333333,351.277777777778
"species",117,117,312.638888888889,31.9166666666667,380.583333333333
"species",118,118,287.666666666667,34.25,497.083333333333
"species",119,119,257.305555555556,53.8055555555556,716.944444444444
"species",120,120,312.638888888889,31.9166666666667,380.583333333333
"species",121,121,312.638888888889,31.9166666666667,380.583333333333
"species",122,122,301.888888888889,62.1388888888889,304.611111111111
"species",123,123,257.305555555556,53.8055555555556,716.944444444444
"species",124,124,257.305555555556,53.8055555555556,716.944444444444
"species",125,125,287.666666666667,34.25,497.083333333333
"species",126,126,278.555555555556,78.3333333333333,370.916666666667
"species",127,127,312.638888888889,31.9166666666667,380.583333333333
"species",128,128,312.638888888889,31.9166666666667,380.583333333333
"species",129,129,312.638888888889,31.9166666666667,380.583333333333
"species",130,130,292.277777777778,24.6388888888889,452.944444444444
"species",131,131,312.638888888889,34.5833333333333,351.277777777778
"species",132,132,300.730769230769,41.2307692307692,343.346153846154
"species",133,133,293.638888888889,33.3888888888889,616.888888888889
"species",134,134,278.805555555556,14.0277777777778,576.722222222222
"species",135,135,287.666666666667,34.25,497.083333333333
"species",136,136,278.555555555556,78.3333333333333,370.916666666667
"species",137,137,293.638888888889,33.3888888888889,616.888888888889
"species",138,138,292.277777777778,24.6388888888889,452.944444444444
"species",139,139,291.222222222222,16.8888888888889,494.055555555556
