"species","x","y","bio5","bio14","bio18"
"background",1,1,265.4,93.4857142857143,475.971428571429
"background",2,2,320.194444444444,174.361111111111,594.361111111111
"background",3,3,306.888888888889,9.33333333333333,440.111111111111
"background",4,4,316.916666666667,64.75,589.361111111111
"background",5,5,328.916666666667,16.5,129.472222222222
"background",6,6,322.777777777778,138.222222222222,517.805555555556
"background",7,7,272,83.1944444444444,486.666666666667
"background",8,8,329.861111111111,16.0833333333333,186.555555555556
"background",9,9,347.361111111111,18.5277777777778,488.777777777778
"background",10,10,320.222222222222,0.472222222222222,248.166666666667
"background",11,11,336.944444444444,7.58333333333333,469.611111111111
"background",12,12,320.472222222222,2.61111111111111,63.1944444444444
"background",13,13,279.555555555556,11.9722222222222,660.694444444444
"background",14,14,323,19.5833333333333,283.611111111111
"background",15,15,325,9.36111111111111,573.611111111111
"background",16,16,336.361111111111,43.3333333333333,458.5
