"species","x","y","bio5","bio14","bio18"
"background",1,1,339.916666666667,28.3333333333333,468.722222222222
"background",2,2,322.194444444444,0.972222222222222,262.861111111111
"background",3,3,324.75,44.7777777777778,200.972222222222
"background",4,4,324.138888888889,2.19444444444444,177.388888888889
"background",5,5,337.888888888889,4.05555555555556,410.722222222222
"background",6,6,320.777777777778,6.5,353.25
"background",7,7,327.388888888889,60.3888888888889,481.305555555556
"background",8,8,311.861111111111,9.25,405.555555555556
"background",9,9,308.277777777778,13.9722222222222,621.194444444444
"background",10,10,315.888888888889,70.5833333333333,621.388888888889
"background",11,11,329.694444444444,51.3055555555556,201.833333333333
"background",12,12,261.888888888889,74.3055555555556,502.972222222222
"background",13,13,310.805555555556,57.6111111111111,439.138888888889
"background",14,14,300.972222222222,5.97222222222222,189.138888888889
"background",15,15,343.083333333333,0,170.027777777778
"background",16,16,310.222222222222,1.52777777777778,233.583333333333
"background",17,17,318.611111111111,59,287.638888888889
"background",18,18,330.5,72.5,286.75
"background",19,19,311.194444444444,30.4166666666667,190.555555555556
"background",20,20,333.027777777778,4.97222222222222,453.972222222222
"background",21,21,303.083333333333,4.97222222222222,356.277777777778
"background",22,22,321.166666666667,6.61111111111111,617.666666666667
"background",23,23,339.388888888889,9.66666666666667,154.361111111111
"background",24,24,320.305555555556,53.9444444444444,245.611111111111
"background",25,25,332.972222222222,48.7222222222222,323.888888888889
"background",26,26,326.083333333333,55.2222222222222,247.305555555556
"background",27,27,315.5,7.11111111111111,683.916666666667
"background",28,28,332.5,69.6388888888889,240.666666666667
"background",29,29,277.944444444444,11.4722222222222,732.222222222222
"background",30,30,350.527777777778,2.5,289.75
"background",31,31,334.416666666667,14.5555555555556,275.138888888889
"background",32,32,330.916666666667,23.4444444444444,124.444444444444
"background",33,33,343.277777777778,8.08333333333333,75.9722222222222
"background",34,34,354.638888888889,9.36111111111111,75.4166666666667
"background",35,35,306.515151515152,61.9090909090909,290.878787878788
"background",36,36,319.027777777778,60.8611111111111,550.583333333333
"background",37,37,327.527777777778,21.9444444444444,468.027777777778
"background",38,38,329.972222222222,23.5,360.416666666667
"background",39,39,265.833333333333,93.0833333333333,505.166666666667
"background",40,40,342.416666666667,2.19444444444444,93.5555555555556
"background",41,41,309.972222222222,156.638888888889,620.027777777778
"background",42,42,343.916666666667,11.9444444444444,336.416666666667
"background",43,43,339.611111111111,12.7222222222222,258.361111111111
"background",44,44,312.111111111111,148.472222222222,601.361111111111
"background",45,45,312.083333333333,37.3333333333333,305.888888888889
"background",46,46,343.888888888889,8.69444444444444,469.444444444444
"background",47,47,295.166666666667,126.5,536.222222222222
"background",48,48,311.388888888889,4.47222222222222,389.055555555556
"background",49,49,324.611111111111,109.361111111111,349.944444444444
"background",50,50,309.722222222222,5.55555555555556,171.666666666667
"background",51,51,356.944444444444,11.1666666666667,348.444444444444
"background",52,52,324.25,19.0277777777778,91.1666666666667
"background",53,53,317.388888888889,41.5277777777778,555.055555555556
"background",54,54,320.833333333333,29.3333333333333,598.333333333333
"background",55,55,313.130434782609,31,199.95652173913
"background",56,56,300.730769230769,41.2307692307692,343.346153846154
"background",57,57,312.916666666667,64.7222222222222,483.972222222222
"background",58,58,339.25,25.2777777777778,513.388888888889
"background",59,59,352.388888888889,2.63888888888889,521.583333333333
"background",60,60,315.25,103.555555555556,575.138888888889
"background",61,61,291.222222222222,16.8888888888889,494.055555555556
"background",62,62,257.305555555556,53.8055555555556,716.944444444444
"background",63,63,324.555555555556,1.91666666666667,212.472222222222
"background",64,64,312.972222222222,19.5277777777778,527.083333333333
"background",65,65,327.75,46.4166666666667,250.833333333333
"background",66,66,317.222222222222,30.3055555555556,481.5
"background",67,67,316.916666666667,64.75,589.361111111111
"background",68,68,347.361111111111,18.5277777777778,488.777777777778
"background",69,69,341.972222222222,8.47222222222222,284.444444444444
"background",70,70,312.333333333333,2.52777777777778,311.25
"background",71,71,274.583333333333,81.2916666666667,570.375
"background",72,72,262.833333333333,122.444444444444,460.111111111111
"background",73,73,304.416666666667,4.91666666666667,339.416666666667
"background",74,74,335.722222222222,24.9444444444444,491.916666666667
"background",75,75,321.444444444444,8.97222222222222,350.5
"background",76,76,321.055555555556,1.47222222222222,162.527777777778
"background",77,77,286.888888888889,14.5277777777778,613.583333333333
"background",78,78,351.138888888889,3.5,466.027777777778
"background",79,79,317.972222222222,25.7777777777778,225.916666666667
"background",80,80,349.861111111111,12.8333333333333,351.583333333333
"background",81,81,313.666666666667,22.5833333333333,563.555555555556
"background",82,82,346.75,13.9444444444444,389.916666666667
"background",83,83,331.277777777778,14.5833333333333,313.388888888889
"background",84,84,266.444444444444,38.5277777777778,568.166666666667
"background",85,85,312.416666666667,6.5,757.666666666667
"background",86,86,322.444444444444,66.5833333333333,285.833333333333
"background",87,87,307.388888888889,220.527777777778,795.277777777778
"background",88,88,280.638888888889,23.4444444444444,601.305555555556
"background",89,89,296.416666666667,28.1666666666667,262.777777777778
"background",90,90,328.277777777778,10.8333333333333,118.805555555556
"background",91,91,302.472222222222,20.0277777777778,599.166666666667
"background",92,92,317.75,11.1666666666667,415.722222222222
"background",93,93,320.194444444444,174.361111111111,594.361111111111
"background",94,94,328.583333333333,33.6388888888889,130.138888888889
"background",95,95,312.638888888889,34.5833333333333,351.277777777778
"background",96,96,308.388888888889,217.527777777778,738.444444444444
"background",97,97,319.861111111111,36.25,142.027777777778
"background",98,98,320.722222222222,84.6111111111111,421.222222222222
"background",99,99,320.5,86.3333333333333,396.25
"background",100,100,343.472222222222,0.583333333333333,152.277777777778
"background",101,101,306.583333333333,19.4444444444444,353.444444444444
"background",102,102,295.111111111111,17.7222222222222,251.75
"background",103,103,258.805555555556,26.8611111111111,683.277777777778
"background",104,104,332.222222222222,69.0833333333333,301
"background",105,105,340.527777777778,7.27777777777778,118.305555555556
"background",106,106,351.194444444444,0.916666666666667,180
"background",107,107,305.305555555556,212.194444444444,710.5
"background",108,108,318.694444444444,34.8055555555556,264.777777777778
"background",109,109,340.111111111111,7.69444444444444,345.777777777778
"background",110,110,321.916666666667,46.6944444444444,232.416666666667
"background",111,111,306.222222222222,17.5277777777778,581.888888888889
"background",112,112,325.5,82.7777777777778,295.472222222222
"background",113,113,326.416666666667,78.5,333.333333333333
"background",114,114,327.055555555556,54.0277777777778,203.027777777778
"background",115,115,345.888888888889,20.8611111111111,430.611111111111
"background",116,116,329.638888888889,19.7222222222222,142.222222222222
"background",117,117,324.722222222222,108.555555555556,392.5
"background",118,118,322.527777777778,20.2777777777778,201.944444444444
"background",119,119,340.666666666667,53.9166666666667,194.277777777778
"background",120,120,273.888888888889,61.8055555555556,487.805555555556
"background",121,121,298.055555555556,119.388888888889,420.972222222222
"background",122,122,338.833333333333,12.1388888888889,110.833333333333
"background",123,123,329.305555555556,3.36111111111111,438.861111111111
"background",124,124,349.25,4.27777777777778,306
"background",125,125,310.916666666667,18.0833333333333,534.222222222222
"background",126,126,327.222222222222,96.4722222222222,327.083333333333
"background",127,127,288.194444444444,80.6111111111111,361.027777777778
"background",128,128,309.5,185.194444444444,657.333333333333
"background",129,129,328.833333333333,5.11111111111111,445.222222222222
"background",130,130,322.777777777778,138.222222222222,517.805555555556
"background",131,131,349.777777777778,5.13888888888889,549.166666666667
"background",132,132,332.555555555556,4.69444444444444,70.6111111111111
"background",133,133,314.25,89.3611111111111,633
"background",134,134,259.472222222222,104.944444444444,438.222222222222
"background",135,135,326.361111111111,18.1111111111111,379.388888888889
"background",136,136,308.833333333333,16.9166666666667,196.222222222222
"background",137,137,283.666666666667,87.5151515151515,294.090909090909
"background",138,138,309.5,33.5277777777778,530.138888888889
"background",139,139,321.111111111111,144.194444444444,471.611111111111
"background",140,140,292.888888888889,8.77777777777778,407.027777777778
"background",141,141,287.666666666667,34.25,497.083333333333
"background",142,142,317.972222222222,54.9722222222222,583.25
"background",143,143,315.277777777778,8.19444444444444,297.833333333333
"background",144,144,331.916666666667,12.1388888888889,396.5
"background",145,145,323.527777777778,70.6666666666667,370.166666666667
"background",146,146,315.194444444444,19.6666666666667,445.444444444444
"background",147,147,333.083333333333,11.9722222222222,271.222222222222
"background",148,148,327.361111111111,1.30555555555556,202.555555555556
