"species","x","y","bio5","bio14","bio18"
"species",1,1,300.730769230769,41.2307692307692,343.346153846154
"species",2,2,312.638888888889,31.9166666666667,380.583333333333
"species",3,3,312.638888888889,31.9166666666667,380.583333333333
"species",4,4,292.888888888889,64.3888888888889,306.111111111111
"species",5,5,292.172413793103,66.0689655172414,730.827586206897
"species",6,6,287.666666666667,34.25,497.083333333333
"species",7,7,276.666666666667,12.8611111111111,693.5
"species",8,8,293.638888888889,33.3888888888889,616.888888888889
"species",9,9,257.305555555556,53.8055555555556,716.944444444444
"species",10,10,291.222222222222,16.8888888888889,494.055555555556
"species",11,11,300.730769230769,41.2307692307692,343.346153846154
"species",12,12,304.083333333333,13.5833333333333,493.027777777778
"species",13,13,292.277777777778,24.6388888888889,452.944444444444
"species",14,14,312.638888888889,31.9166666666667,380.583333333333
"species",15,15,300.730769230769,41.2307692307692,343.346153846154
"species",16,16,257.305555555556,53.8055555555556,716.944444444444
"species",17,17,292.277777777778,24.6388888888889,452.944444444444
"species",18,18,292.172413793103,66.0689655172414,730.827586206897
"species",19,19,312.638888888889,31.9166666666667,380.583333333333
"species",20,20,287.666666666667,34.25,497.083333333333
"species",21,21,300.730769230769,41.2307692307692,343.346153846154
"species",22,22,300.730769230769,41.2307692307692,343.346153846154
"species",23,23,265.194444444444,23.0277777777778,718.166666666667
"species",24,24,272,83.1944444444444,486.666666666667
"species",25,25,293.638888888889,33.3888888888889,616.888888888889
"species",26,26,300.730769230769,41.2307692307692,343.346153846154
"species",27,27,300.730769230769,41.2307692307692,343.346153846154
"species",28,28,312.638888888889,31.9166666666667,380.583333333333
"species",29,29,312.638888888889,31.9166666666667,380.583333333333
"species",30,30,291.222222222222,16.8888888888889,494.055555555556
"species",31,31,292.277777777778,24.6388888888889,452.944444444444
"species",32,32,282.361111111111,54.5,580.083333333333
"species",33,33,300.730769230769,41.2307692307692,343.346153846154
"species",34,34,291.222222222222,16.8888888888889,494.055555555556
"species",35,35,292.277777777778,24.6388888888889,452.944444444444
"species",36,36,287.222222222222,78.8611111111111,379.25
"species",37,37,293.638888888889,33.3888888888889,616.888888888889
"species",38,38,300.730769230769,41.2307692307692,343.346153846154
"species",39,39,287.666666666667,34.25,497.083333333333
"species",40,40,276.666666666667,12.8611111111111,693.5
"species",41,41,286.111111111111,9.52777777777778,590.055555555556
"species",42,42,293.638888888889,33.3888888888889,616.888888888889
"species",43,43,310.916666666667,18.0833333333333,534.222222222222
"species",44,44,312.638888888889,31.9166666666667,380.583333333333
"species",45,45,306.515151515152,61.9090909090909,290.878787878788
"species",46,46,300.730769230769,41.2307692307692,343.346153846154
"species",47,47,287.666666666667,34.25,497.083333333333
"species",48,48,300.730769230769,41.2307692307692,343.346153846154
"species",49,49,282.361111111111,54.5,580.083333333333
"species",50,50,266.444444444444,38.5277777777778,568.166666666667
"species",51,51,300.730769230769,41.2307692307692,343.346153846154
"species",52,52,278.805555555556,14.0277777777778,576.722222222222
"species",53,53,312.638888888889,31.9166666666667,380.583333333333
"species",54,54,313.333333333333,62.4444444444444,489.555555555556
"species",55,55,264.151515151515,53.6969696969697,733.757575757576
"species",56,56,312.638888888889,31.9166666666667,380.583333333333
"species",57,57,293.638888888889,33.3888888888889,616.888888888889
"species",58,58,291.222222222222,16.8888888888889,494.055555555556
"species",59,59,282.305555555556,11.5277777777778,629.5
"species",60,60,265.194444444444,23.0277777777778,718.166666666667
"species",61,61,292.172413793103,66.0689655172414,730.827586206897
"species",62,62,312.638888888889,31.9166666666667,380.583333333333
"species",63,63,300.730769230769,41.2307692307692,343.346153846154
"species",64,64,289.333333333333,16.1111111111111,314.472222222222
"species",65,65,292.172413793103,66.0689655172414,730.827586206897
"species",66,66,287.666666666667,34.25,497.083333333333
"species",67,67,300.730769230769,41.2307692307692,343.346153846154
"species",68,68,272,83.1944444444444,486.666666666667
"species",69,69,292.277777777778,24.6388888888889,452.944444444444
"species",70,70,257.305555555556,53.8055555555556,716.944444444444
"species",71,71,293.638888888889,33.3888888888889,616.888888888889
"species",72,72,310.916666666667,18.0833333333333,534.222222222222
"species",73,73,291.222222222222,16.8888888888889,494.055555555556
"species",74,74,300.730769230769,41.2307692307692,343.346153846154
"species",75,75,293.638888888889,33.3888888888889,616.888888888889
"species",76,76,301.888888888889,62.1388888888889,304.611111111111
"species",77,77,292.277777777778,24.6388888888889,452.944444444444
"species",78,78,257.305555555556,53.8055555555556,716.944444444444
"species",79,79,287.666666666667,34.25,497.083333333333
"species",80,80,300.730769230769,41.2307692307692,343.346153846154
"species",81,81,292.277777777778,24.6388888888889,452.944444444444
"species",82,82,312.638888888889,34.5833333333333,351.277777777778
"species",83,83,292.277777777778,24.6388888888889,452.944444444444
"species",84,84,265.194444444444,23.0277777777778,718.166666666667
"species",85,85,292.277777777778,24.6388888888889,452.944444444444
"species",86,86,282.361111111111,54.5,580.083333333333
"species",87,87,257.305555555556,53.8055555555556,716.944444444444
"species",88,88,265.194444444444,23.0277777777778,718.166666666667
"species",89,89,264.151515151515,53.6969696969697,733.757575757576
"species",90,90,300.730769230769,41.2307692307692,343.346153846154
"species",91,91,312.638888888889,31.9166666666667,380.583333333333
"species",92,92,265.194444444444,23.0277777777778,718.166666666667
"species",93,93,265.194444444444,23.0277777777778,718.166666666667
"species",94,94,257.305555555556,53.8055555555556,716.944444444444
"species",95,95,265.194444444444,23.0277777777778,718.166666666667
"species",96,96,287.222222222222,78.8611111111111,379.25
"species",97,97,312.638888888889,31.9166666666667,380.583333333333
"species",98,98,287.666666666667,34.25,497.083333333333
"species",99,99,312.638888888889,34.5833333333333,351.277777777778
"species",100,100,292.277777777778,24.6388888888889,452.944444444444
"species",101,101,312.638888888889,31.9166666666667,380.583333333333
"species",102,102,300.730769230769,41.2307692307692,343.346153846154
"species",103,103,308.361111111111,24.6111111111111,379.111111111111
"species",104,104,264.151515151515,53.6969696969697,733.757575757576
"species",105,105,291.222222222222,16.8888888888889,494.055555555556
"species",106,106,280.638888888889,23.4444444444444,601.305555555556
"species",107,107,300.730769230769,41.2307692307692,343.346153846154
"species",108,108,286.111111111111,9.52777777777778,590.055555555556
"species",109,109,292.888888888889,64.3888888888889,306.111111111111
"species",110,110,278.805555555556,14.0277777777778,576.722222222222
"species",111,111,312.638888888889,31.9166666666667,380.583333333333
"species",112,112,264.151515151515,53.6969696969697,733.757575757576
"species",113,113,265.194444444444,23.0277777777778,718.166666666667
"species",114,114,293.638888888889,33.3888888888889,616.888888888889
"species",115,115,278.555555555556,78.3333333333333,370.916666666667
"species",116,116,264.151515151515,53.6969696969697,733.757575757576
"species",117,117,293.638888888889,33.3888888888889,616.888888888889
"species",118,118,293.638888888889,33.3888888888889,616.888888888889
"species",119,119,312.638888888889,31.9166666666667,380.583333333333
"species",120,120,312.638888888889,31.9166666666667,380.583333333333
"species",121,121,312.638888888889,31.9166666666667,380.583333333333
"species",122,122,310.916666666667,18.0833333333333,534.222222222222
"species",123,123,312.638888888889,31.9166666666667,380.583333333333
"species",124,124,292.277777777778,24.6388888888889,452.944444444444
"species",125,125,292.277777777778,24.6388888888889,452.944444444444
"species",126,126,287.666666666667,34.25,497.083333333333
"species",127,127,300.730769230769,41.2307692307692,343.346153846154
"species",128,128,278.805555555556,14.0277777777778,576.722222222222
"species",129,129,312.638888888889,31.9166666666667,380.583333333333
"species",130,130,264.151515151515,53.6969696969697,733.757575757576
"species",131,131,257.305555555556,53.8055555555556,716.944444444444
"species",132,132,300.730769230769,41.2307692307692,343.346153846154
"species",133,133,292.277777777778,24.6388888888889,452.944444444444
"species",134,134,260.666666666667,24.5833333333333,718.055555555556
"species",135,135,312.638888888889,34.5833333333333,351.277777777778
"species",136,136,300.730769230769,41.2307692307692,343.346153846154
"species",137,137,257.305555555556,53.8055555555556,716.944444444444
"species",138,138,300.730769230769,41.2307692307692,343.346153846154
