"species","x","y","bio5","bio14","bio18"
"background",1,1,292.888888888889,8.77777777777778,407.027777777778
"background",2,2,319.424242424242,11.6969696969697,56.5454545454545
"background",3,3,326.25,104.583333333333,374.777777777778
"background",4,4,315.833333333333,91.3055555555556,480.444444444444
"background",5,5,317.388888888889,41.5277777777778,555.055555555556
"background",6,6,323.638888888889,44.25,179.222222222222
"background",7,7,298,8.63888888888889,387.805555555556
"background",8,8,338.861111111111,5.77777777777778,141.166666666667
"background",9,9,258.805555555556,26.8611111111111,683.277777777778
"background",10,10,351.833333333333,9.25,370
"background",11,11,318.861111111111,18.5555555555556,554.444444444444
"background",12,12,311.194444444444,30.4166666666667,190.555555555556
"background",13,13,320.472222222222,2.61111111111111,63.1944444444444
"background",14,14,326.25,15.4166666666667,322.777777777778
"background",15,15,334.277777777778,97.6666666666667,310.861111111111
"background",16,16,346.611111111111,3.44444444444444,476
"background",17,17,308.833333333333,16.9166666666667,196.222222222222
"background",18,18,321.916666666667,72.6111111111111,618.083333333333
"background",19,19,319.944444444444,78.0277777777778,355.361111111111
"background",20,20,291.944444444444,78.9444444444444,451.972222222222
"background",21,21,321.444444444444,98.1944444444444,368.388888888889
"background",22,22,318.305555555556,5.41666666666667,218.805555555556
"background",23,23,326.416666666667,78.5,333.333333333333
"background",24,24,339.833333333333,31.4444444444444,507.388888888889
"background",25,25,303,28.1666666666667,161.472222222222
