"species","x","y","bio5","bio14","bio18"
"background",1,1,318.694444444444,34.8055555555556,264.777777777778
"background",2,2,317.638888888889,59.8888888888889,523.444444444444
"background",3,3,326.972222222222,85.25,286.5
"background",4,4,300.972222222222,5.97222222222222,189.138888888889
"background",5,5,310.694444444444,4.13888888888889,539.555555555556
"background",6,6,306.194444444444,126.472222222222,453.972222222222
"background",7,7,328.777777777778,45.2777777777778,348.972222222222
"background",8,8,349.777777777778,5.13888888888889,549.166666666667
"background",9,9,303.5,11,664.527777777778
"background",10,10,339.666666666667,8.47222222222222,267.888888888889
"background",11,11,317.333333333333,31.5833333333333,472.416666666667
"background",12,12,316.305555555556,26.5833333333333,489.166666666667
"background",13,13,315.944444444444,56.9166666666667,628.583333333333
"background",14,14,339.25,25.2777777777778,513.388888888889
"background",15,15,307.388888888889,220.527777777778,795.277777777778
"background",16,16,314.444444444444,96.7222222222222,623.916666666667
