"species","x","y","bio5","bio14","bio18"
"background",1,1,336.722222222222,26.2222222222222,552.888888888889
"background",2,2,351.833333333333,9.25,370
"background",3,3,286.888888888889,14.5277777777778,613.583333333333
"background",4,4,297.555555555556,2.75,385.805555555556
"background",5,5,306.611111111111,181.361111111111,843.861111111111
"background",6,6,346.305555555556,1.13888888888889,157.361111111111
"background",7,7,324.75,37.1111111111111,150.333333333333
"background",8,8,317.638888888889,59.8888888888889,523.444444444444
"background",9,9,347.888888888889,8.86111111111111,564.083333333333
"background",10,10,292.888888888889,8.77777777777778,407.027777777778
"background",11,11,297.472222222222,104.388888888889,378.805555555556
"background",12,12,319.361111111111,32.0277777777778,528.222222222222
"background",13,13,317.527777777778,41.6111111111111,615.222222222222
"background",14,14,324.694444444444,40.9444444444444,174.527777777778
"background",15,15,329.694444444444,51.3055555555556,201.833333333333
"background",16,16,349.777777777778,5.13888888888889,549.166666666667
"background",17,17,293.833333333333,18.7777777777778,631.305555555556
"background",18,18,324.305555555556,15.0555555555556,376.694444444444
"background",19,19,329.638888888889,19.7222222222222,142.222222222222
"background",20,20,260.666666666667,24.5833333333333,718.055555555556
"background",21,21,334.277777777778,2.25,64.8333333333333
"background",22,22,325.944444444444,114.861111111111,390.888888888889
"background",23,23,343.222222222222,5.05555555555556,144.25
"background",24,24,325.194444444444,39.1388888888889,163.972222222222
"background",25,25,292.277777777778,24.6388888888889,452.944444444444
