"species","x","y","bio5","bio14","bio18"
"species",1,1,292.172413793103,66.0689655172414,730.827586206897
"species",2,2,312.638888888889,31.9166666666667,380.583333333333
"species",3,3,282.805555555556,36.4444444444444,526.666666666667
"species",4,4,292.277777777778,24.6388888888889,452.944444444444
"species",5,5,312.638888888889,31.9166666666667,380.583333333333
"species",6,6,288.416666666667,26.7222222222222,611.416666666667
"species",7,7,282.361111111111,54.5,580.083333333333
"species",8,8,312.638888888889,31.9166666666667,380.583333333333
"species",9,9,265.194444444444,23.0277777777778,718.166666666667
"species",10,10,300.730769230769,41.2307692307692,343.346153846154
"species",11,11,306.515151515152,61.9090909090909,290.878787878788
"species",12,12,293.638888888889,33.3888888888889,616.888888888889
"species",13,13,312.638888888889,34.5833333333333,351.277777777778
"species",14,14,300.730769230769,41.2307692307692,343.346153846154
"species",15,15,276.666666666667,12.8611111111111,693.5
"species",16,16,312.638888888889,31.9166666666667,380.583333333333
"species",17,17,308.361111111111,24.6111111111111,379.111111111111
"species",18,18,291.222222222222,16.8888888888889,494.055555555556
"species",19,19,292.277777777778,24.6388888888889,452.944444444444
"species",20,20,287.666666666667,34.25,497.083333333333
"species",21,21,311.928571428571,49.75,241.071428571429
"species",22,22,300.730769230769,41.2307692307692,343.346153846154
"species",23,23,300.730769230769,41.2307692307692,343.346153846154
"species",24,24,292.172413793103,66.0689655172414,730.827586206897
"species",25,25,287.666666666667,34.25,497.083333333333
"species",26,26,312.638888888889,31.9166666666667,380.583333333333
"species",27,27,292.888888888889,64.3888888888889,306.111111111111
"species",28,28,300.730769230769,41.2307692307692,343.346153846154
"species",29,29,308.361111111111,24.6111111111111,379.111111111111
"species",30,30,287.666666666667,34.25,497.083333333333
"species",31,31,313.333333333333,62.4444444444444,489.555555555556
"species",32,32,312.638888888889,31.9166666666667,380.583333333333
"species",33,33,292.277777777778,24.6388888888889,452.944444444444
"species",34,34,264.151515151515,53.6969696969697,733.757575757576
"species",35,35,266.444444444444,38.5277777777778,568.166666666667
"species",36,36,300.730769230769,41.2307692307692,343.346153846154
"species",37,37,292.277777777778,24.6388888888889,452.944444444444
"species",38,38,274.583333333333,81.2916666666667,570.375
"species",39,39,312.638888888889,31.9166666666667,380.583333333333
"species",40,40,265.194444444444,23.0277777777778,718.166666666667
"species",41,41,287.222222222222,78.8611111111111,379.25
"species",42,42,310.916666666667,18.0833333333333,534.222222222222
"species",43,43,287.666666666667,34.25,497.083333333333
"species",44,44,276.666666666667,12.8611111111111,693.5
"species",45,45,257.305555555556,53.8055555555556,716.944444444444
"species",46,46,274.583333333333,81.2916666666667,570.375
"species",47,47,287.666666666667,34.25,497.083333333333
"species",48,48,265.194444444444,23.0277777777778,718.166666666667
"species",49,49,257.305555555556,53.8055555555556,716.944444444444
"species",50,50,257.305555555556,53.8055555555556,716.944444444444
"species",51,51,312.638888888889,34.5833333333333,351.277777777778
"species",52,52,292.277777777778,24.6388888888889,452.944444444444
"species",53,53,292.277777777778,24.6388888888889,452.944444444444
"species",54,54,312.638888888889,31.9166666666667,380.583333333333
"species",55,55,278.805555555556,14.0277777777778,576.722222222222
"species",56,56,280.638888888889,23.4444444444444,601.305555555556
"species",57,57,265.194444444444,23.0277777777778,718.166666666667
"species",58,58,291.222222222222,16.8888888888889,494.055555555556
"species",59,59,312.638888888889,31.9166666666667,380.583333333333
"species",60,60,300.730769230769,41.2307692307692,343.346153846154
"species",61,61,300.730769230769,41.2307692307692,343.346153846154
"species",62,62,292.277777777778,24.6388888888889,452.944444444444
"species",63,63,292.172413793103,66.0689655172414,730.827586206897
"species",64,64,312.638888888889,31.9166666666667,380.583333333333
"species",65,65,312.638888888889,31.9166666666667,380.583333333333
"species",66,66,287.222222222222,78.8611111111111,379.25
"species",67,67,286.111111111111,9.52777777777778,590.055555555556
"species",68,68,287.666666666667,34.25,497.083333333333
"species",69,69,257.305555555556,53.8055555555556,716.944444444444
"species",70,70,300.730769230769,41.2307692307692,343.346153846154
"species",71,71,300.730769230769,41.2307692307692,343.346153846154
"species",72,72,292.277777777778,24.6388888888889,452.944444444444
"species",73,73,265.194444444444,23.0277777777778,718.166666666667
"species",74,74,291.222222222222,16.8888888888889,494.055555555556
"species",75,75,265.194444444444,23.0277777777778,718.166666666667
"species",76,76,293.638888888889,33.3888888888889,616.888888888889
"species",77,77,264.151515151515,53.6969696969697,733.757575757576
"species",78,78,300.730769230769,41.2307692307692,343.346153846154
"species",79,79,300.730769230769,41.2307692307692,343.346153846154
"species",80,80,292.277777777778,24.6388888888889,452.944444444444
"species",81,81,287.666666666667,34.25,497.083333333333
"species",82,82,312.638888888889,31.9166666666667,380.583333333333
"species",83,83,312.638888888889,31.9166666666667,380.583333333333
"species",84,84,292.888888888889,64.3888888888889,306.111111111111
"species",85,85,300.730769230769,41.2307692307692,343.346153846154
"species",86,86,293.638888888889,33.3888888888889,616.888888888889
"species",87,87,292.277777777778,24.6388888888889,452.944444444444
"species",88,88,312.638888888889,31.9166666666667,380.583333333333
"species",89,89,293.638888888889,33.3888888888889,616.888888888889
"species",90,90,301.888888888889,62.1388888888889,304.611111111111
"species",91,91,291.222222222222,16.8888888888889,494.055555555556
"species",92,92,300.730769230769,41.2307692307692,343.346153846154
"species",93,93,312.638888888889,31.9166666666667,380.583333333333
"species",94,94,300.730769230769,41.2307692307692,343.346153846154
"species",95,95,335.722222222222,24.9444444444444,491.916666666667
"species",96,96,292.172413793103,66.0689655172414,730.827586206897
"species",97,97,264.151515151515,53.6969696969697,733.757575757576
"species",98,98,264.151515151515,53.6969696969697,733.757575757576
"species",99,99,278.805555555556,14.0277777777778,576.722222222222
"species",100,100,292.888888888889,64.3888888888889,306.111111111111
"species",101,101,257.305555555556,53.8055555555556,716.944444444444
"species",102,102,257.305555555556,53.8055555555556,716.944444444444
"species",103,103,293.638888888889,33.3888888888889,616.888888888889
"species",104,104,264.151515151515,53.6969696969697,733.757575757576
"species",105,105,312.638888888889,31.9166666666667,380.583333333333
"species",106,106,287.666666666667,34.25,497.083333333333
"species",107,107,300.730769230769,41.2307692307692,343.346153846154
"species",108,108,264.151515151515,53.6969696969697,733.757575757576
"species",109,109,292.277777777778,24.6388888888889,452.944444444444
"species",110,110,257.305555555556,53.8055555555556,716.944444444444
"species",111,111,284.583333333333,19.8055555555556,622.388888888889
"species",112,112,300.730769230769,41.2307692307692,343.346153846154
"species",113,113,257.305555555556,53.8055555555556,716.944444444444
"species",114,114,293.638888888889,33.3888888888889,616.888888888889
"species",115,115,257.305555555556,53.8055555555556,716.944444444444
"species",116,116,312.638888888889,31.9166666666667,380.583333333333
"species",117,117,264.151515151515,53.6969696969697,733.757575757576
"species",118,118,265.194444444444,23.0277777777778,718.166666666667
"species",119,119,264.151515151515,53.6969696969697,733.757575757576
"species",120,120,282.361111111111,54.5,580.083333333333
"species",121,121,257.305555555556,53.8055555555556,716.944444444444
"species",122,122,293.638888888889,33.3888888888889,616.888888888889
"species",123,123,312.638888888889,31.9166666666667,380.583333333333
"species",124,124,300.730769230769,41.2307692307692,343.346153846154
"species",125,125,287.666666666667,34.25,497.083333333333
"species",126,126,257.305555555556,53.8055555555556,716.944444444444
"species",127,127,312.638888888889,31.9166666666667,380.583333333333
"species",128,128,272,83.1944444444444,486.666666666667
"species",129,129,312.638888888889,31.9166666666667,380.583333333333
"species",130,130,300.730769230769,41.2307692307692,343.346153846154
"species",131,131,300.730769230769,41.2307692307692,343.346153846154
"species",132,132,278.555555555556,78.3333333333333,370.916666666667
"species",133,133,300.730769230769,41.2307692307692,343.346153846154
"species",134,134,257.305555555556,53.8055555555556,716.944444444444
"species",135,135,300.730769230769,41.2307692307692,343.346153846154
"species",136,136,310.916666666667,18.0833333333333,534.222222222222
"species",137,137,291.222222222222,16.8888888888889,494.055555555556
"species",138,138,292.277777777778,24.6388888888889,452.944444444444
