"species","x","y","bio5","bio14","bio18"
"background",1,1,337.972222222222,80.3611111111111,254.222222222222
"background",2,2,304.416666666667,4.91666666666667,339.416666666667
"background",3,3,342.361111111111,16.0277777777778,553.25
"background",4,4,314.25,89.3611111111111,633
"background",5,5,324.777777777778,30.3888888888889,556.694444444444
"background",6,6,337,13.9722222222222,350.305555555556
"background",7,7,306.611111111111,181.361111111111,843.861111111111
"background",8,8,318.888888888889,2.61111111111111,194.222222222222
"background",9,9,315.944444444444,56.9166666666667,628.583333333333
"background",10,10,337.527777777778,2.13888888888889,76.0833333333333
"background",11,11,306.722222222222,129.5,411.194444444444
"background",12,12,322.611111111111,60.6944444444444,284.166666666667
"background",13,13,355.555555555556,6.13888888888889,340.5
"background",14,14,290.833333333333,12.9444444444444,300.638888888889
"background",15,15,325.088235294118,2.5,85.2058823529412
"background",16,16,321.916666666667,72.6111111111111,618.083333333333
"background",17,17,339.25,25.2777777777778,513.388888888889
"background",18,18,314.666666666667,23.7777777777778,456.5
"background",19,19,273.888888888889,61.8055555555556,487.805555555556
"background",20,20,333.388888888889,21.0277777777778,396.25
"background",21,21,316.388888888889,20.3333333333333,415.416666666667
"background",22,22,324.166666666667,62.8055555555556,242.055555555556
"background",23,23,314.75,3.91666666666667,230.527777777778
"background",24,24,293.638888888889,33.3888888888889,616.888888888889
"background",25,25,287.666666666667,34.25,497.083333333333
"background",26,26,303.722222222222,21.3888888888889,570
"background",27,27,322.833333333333,85.2777777777778,389.166666666667
"background",28,28,324.694444444444,40.9444444444444,174.527777777778
"background",29,29,284.583333333333,19.8055555555556,622.388888888889
"background",30,30,264.151515151515,53.6969696969697,733.757575757576
"background",31,31,286.111111111111,9.52777777777778,590.055555555556
"background",32,32,326.055555555556,22.6666666666667,101.694444444444
"background",33,33,293.833333333333,18.7777777777778,631.305555555556
"background",34,34,326.083333333333,55.2222222222222,247.305555555556
"background",35,35,337.888888888889,4.05555555555556,410.722222222222
"background",36,36,335.416666666667,0.5,255.944444444444
"background",37,37,326.472222222222,3.88888888888889,68.5
"background",38,38,318.611111111111,59,287.638888888889
"background",39,39,332,4.16666666666667,418.888888888889
"background",40,40,312.916666666667,230.055555555556,748.805555555556
"background",41,41,335.583333333333,0.166666666666667,170.916666666667
"background",42,42,309.5,185.194444444444,657.333333333333
"background",43,43,335.472222222222,55.9722222222222,202.833333333333
"background",44,44,326.388888888889,87.9444444444444,314.916666666667
"background",45,45,328.472222222222,17.5,105
"background",46,46,320.472222222222,2.61111111111111,63.1944444444444
"background",47,47,319.916666666667,54,545.722222222222
"background",48,48,316.888888888889,21.0277777777778,398.777777777778
"background",49,49,343.083333333333,0,170.027777777778
"background",50,50,326.111111111111,95.5,342.861111111111
"background",51,51,351.194444444444,0.916666666666667,180
"background",52,52,322.111111111111,8.83333333333333,397.75
"background",53,53,327.527777777778,71.1111111111111,308.027777777778
"background",54,54,297.555555555556,2.75,385.805555555556
"background",55,55,286.944444444444,30.6111111111111,279.416666666667
"background",56,56,297.333333333333,6.02777777777778,230.555555555556
"background",57,57,342.416666666667,20.1111111111111,555.25
"background",58,58,343.222222222222,5.05555555555556,144.25
"background",59,59,317,1.44444444444444,197.75
"background",60,60,332.555555555556,4.69444444444444,70.6111111111111
"background",61,61,254.833333333333,117.944444444444,462.166666666667
"background",62,62,346.305555555556,7.36111111111111,249.472222222222
"background",63,63,329.75,15.3055555555556,465.694444444444
"background",64,64,312.638888888889,31.9166666666667,380.583333333333
"background",65,65,314.444444444444,96.7222222222222,623.916666666667
"background",66,66,318.777777777778,45.0555555555556,620.361111111111
"background",67,67,330.333333333333,14.6666666666667,351.305555555556
"background",68,68,315.194444444444,26.3611111111111,553.166666666667
"background",69,69,334.416666666667,14.5555555555556,275.138888888889
"background",70,70,274.583333333333,81.2916666666667,570.375
"background",71,71,335,28.0833333333333,301.611111111111
"background",72,72,312.694444444444,13.5833333333333,436.138888888889
"background",73,73,327.583333333333,67.2777777777778,283.333333333333
"background",74,74,307.388888888889,220.527777777778,795.277777777778
"background",75,75,331.944444444444,8.55555555555556,334.805555555556
"background",76,76,339.916666666667,1,108.638888888889
"background",77,77,344.444444444444,1.75,484.472222222222
"background",78,78,327.527777777778,21.9444444444444,468.027777777778
"background",79,79,332.527777777778,54.9166666666667,204.972222222222
"background",80,80,298,8.63888888888889,387.805555555556
"background",81,81,321.444444444444,5.47222222222222,379.472222222222
"background",82,82,330.5,72.5,286.75
"background",83,83,282.305555555556,11.5277777777778,629.5
"background",84,84,319.861111111111,36.25,142.027777777778
"background",85,85,312.361111111111,106.944444444444,582.583333333333
"background",86,86,314.583333333333,4.5,191.583333333333
"background",87,87,322.694444444444,45.0555555555556,559.25
"background",88,88,304.055555555556,13.0555555555556,396.277777777778
"background",89,89,324.555555555556,1.91666666666667,212.472222222222
"background",90,90,349.861111111111,12.8333333333333,351.583333333333
"background",91,91,258.805555555556,26.8611111111111,683.277777777778
"background",92,92,322.694444444444,78.5,479.944444444444
"background",93,93,317.972222222222,25.7777777777778,225.916666666667
"background",94,94,344.111111111111,2.47222222222222,173.5
"background",95,95,316.75,11.0555555555556,539.861111111111
"background",96,96,313.666666666667,22.5833333333333,563.555555555556
"background",97,97,312.361111111111,199.083333333333,610.694444444444
"background",98,98,340.888888888889,3.22222222222222,397.833333333333
"background",99,99,319.833333333333,66.4444444444444,284.444444444444
"background",100,100,312.916666666667,64.7222222222222,483.972222222222
"background",101,101,331.333333333333,6.16666666666667,238.583333333333
"background",102,102,329.861111111111,16.0833333333333,186.555555555556
"background",103,103,312.083333333333,176.777777777778,566.555555555556
"background",104,104,340.555555555556,8.83333333333333,361.722222222222
"background",105,105,314.305555555556,12.5833333333333,147.027777777778
"background",106,106,315.25,103.555555555556,575.138888888889
"background",107,107,326.333333333333,58.25,233.166666666667
"background",108,108,318.305555555556,5.41666666666667,218.805555555556
"background",109,109,306.515151515152,61.9090909090909,290.878787878788
"background",110,110,325.305555555556,24.9444444444444,341.861111111111
"background",111,111,306.75,21.4722222222222,412.277777777778
"background",112,112,308.361111111111,18.6666666666667,228.805555555556
"background",113,113,325.583333333333,91.4166666666667,366.194444444444
"background",114,114,296.333333333333,7.47222222222222,628.027777777778
"background",115,115,351.472222222222,6.63888888888889,110.138888888889
"background",116,116,321.555555555556,102.5,439.777777777778
"background",117,117,312.416666666667,6.5,757.666666666667
"background",118,118,339.222222222222,0.722222222222222,143.305555555556
"background",119,119,328.75,14.3888888888889,434.944444444444
"background",120,120,257.305555555556,53.8055555555556,716.944444444444
"background",121,121,329.055555555556,27.25,132.222222222222
"background",122,122,342.611111111111,22.6111111111111,534.138888888889
"background",123,123,324.75,37.1111111111111,150.333333333333
"background",124,124,288.666666666667,13.1111111111111,147.527777777778
"background",125,125,319.694444444444,42.4722222222222,517.083333333333
"background",126,126,315.555555555556,3.38888888888889,67.6944444444444
"background",127,127,295.583333333333,97.5,387.416666666667
"background",128,128,327.388888888889,60.3888888888889,481.305555555556
"background",129,129,339.833333333333,31.4444444444444,507.388888888889
"background",130,130,287.222222222222,78.8611111111111,379.25
"background",131,131,334.444444444444,37.2777777777778,400.583333333333
"background",132,132,348,1.44444444444444,135.805555555556
"background",133,133,260.388888888889,100.111111111111,492.861111111111
"background",134,134,322.230769230769,13.6538461538462,101.884615384615
"background",135,135,292.138888888889,80.4722222222222,333.444444444444
"background",136,136,336.944444444444,7.58333333333333,469.611111111111
"background",137,137,320.833333333333,29.3333333333333,598.333333333333
"background",138,138,330.388888888889,31.2777777777778,569.555555555556
"background",139,139,339.472222222222,0.361111111111111,147.638888888889
"background",140,140,318.5,127.916666666667,581.833333333333
"background",141,141,351.833333333333,9.25,370
"background",142,142,352.5,4.44444444444444,248.055555555556
"background",143,143,347.055555555556,8.72222222222222,311.75
"background",144,144,284.944444444444,8.5,562.527777777778
"background",145,145,330.916666666667,23.4444444444444,124.444444444444
"background",146,146,323.777777777778,12.1388888888889,375.527777777778
"background",147,147,312.444444444444,112.166666666667,627.583333333333
"background",148,148,345.888888888889,20.8611111111111,430.611111111111
