"species","x","y","bio5","bio14","bio18"
"species",1,1,291.222222222222,16.8888888888889,494.055555555556
"species",2,2,282.361111111111,54.5,580.083333333333
"species",3,3,293.638888888889,33.3888888888889,616.888888888889
"species",4,4,265.194444444444,23.0277777777778,718.166666666667
"species",5,5,265.194444444444,23.0277777777778,718.166666666667
"species",6,6,312.638888888889,31.9166666666667,380.583333333333
"species",7,7,287.222222222222,78.8611111111111,379.25
"species",8,8,312.638888888889,31.9166666666667,380.583333333333
"species",9,9,312.638888888889,31.9166666666667,380.583333333333
"species",10,10,282.805555555556,36.4444444444444,526.666666666667
"species",11,11,287.222222222222,78.8611111111111,379.25
"species",12,12,293.638888888889,33.3888888888889,616.888888888889
"species",13,13,257.305555555556,53.8055555555556,716.944444444444
"species",14,14,312.638888888889,31.9166666666667,380.583333333333
"species",15,15,292.277777777778,24.6388888888889,452.944444444444
"species",16,16,312.638888888889,31.9166666666667,380.583333333333
"species",17,17,264.151515151515,53.6969696969697,733.757575757576
"species",18,18,300.730769230769,41.2307692307692,343.346153846154
"species",19,19,310.916666666667,18.0833333333333,534.222222222222
"species",20,20,257.305555555556,53.8055555555556,716.944444444444
"species",21,21,292.888888888889,64.3888888888889,306.111111111111
"species",22,22,291.222222222222,16.8888888888889,494.055555555556
"species",23,23,312.638888888889,31.9166666666667,380.583333333333
"species",24,24,312.638888888889,31.9166666666667,380.583333333333
"species",25,25,312.638888888889,34.5833333333333,351.277777777778
"species",26,26,300.730769230769,41.2307692307692,343.346153846154
"species",27,27,287.666666666667,34.25,497.083333333333
"species",28,28,300.730769230769,41.2307692307692,343.346153846154
"species",29,29,312.638888888889,31.9166666666667,380.583333333333
"species",30,30,312.638888888889,31.9166666666667,380.583333333333
"species",31,31,312.638888888889,31.9166666666667,380.583333333333
"species",32,32,292.172413793103,66.0689655172414,730.827586206897
"species",33,33,300.730769230769,41.2307692307692,343.346153846154
"species",34,34,278.805555555556,14.0277777777778,576.722222222222
"species",35,35,265.194444444444,23.0277777777778,718.166666666667
"species",36,36,292.277777777778,24.6388888888889,452.944444444444
"species",37,37,292.172413793103,66.0689655172414,730.827586206897
"species",38,38,293.638888888889,33.3888888888889,616.888888888889
"species",39,39,300.730769230769,41.2307692307692,343.346153846154
"species",40,40,292.277777777778,24.6388888888889,452.944444444444
"species",41,41,312.638888888889,31.9166666666667,380.583333333333
"species",42,42,292.277777777778,24.6388888888889,452.944444444444
"species",43,43,292.277777777778,24.6388888888889,452.944444444444
"species",44,44,278.805555555556,14.0277777777778,576.722222222222
"species",45,45,264.151515151515,53.6969696969697,733.757575757576
"species",46,46,282.361111111111,54.5,580.083333333333
"species",47,47,287.666666666667,34.25,497.083333333333
"species",48,48,300.730769230769,41.2307692307692,343.346153846154
"species",49,49,265.194444444444,23.0277777777778,718.166666666667
"species",50,50,274.583333333333,81.2916666666667,570.375
"species",51,51,274.583333333333,81.2916666666667,570.375
"species",52,52,289.333333333333,16.1111111111111,314.472222222222
"species",53,53,312.638888888889,31.9166666666667,380.583333333333
"species",54,54,287.666666666667,34.25,497.083333333333
"species",55,55,312.638888888889,34.5833333333333,351.277777777778
"species",56,56,308.361111111111,24.6111111111111,379.111111111111
"species",57,57,292.277777777778,24.6388888888889,452.944444444444
"species",58,58,312.638888888889,31.9166666666667,380.583333333333
"species",59,59,286.111111111111,9.52777777777778,590.055555555556
"species",60,60,287.666666666667,34.25,497.083333333333
"species",61,61,312.638888888889,31.9166666666667,380.583333333333
"species",62,62,312.638888888889,31.9166666666667,380.583333333333
"species",63,63,278.805555555556,14.0277777777778,576.722222222222
"species",64,64,280.638888888889,23.4444444444444,601.305555555556
"species",65,65,313.333333333333,62.4444444444444,489.555555555556
"species",66,66,312.638888888889,31.9166666666667,380.583333333333
"species",67,67,308.361111111111,24.6111111111111,379.111111111111
"species",68,68,313.333333333333,62.4444444444444,489.555555555556
"species",69,69,312.638888888889,31.9166666666667,380.583333333333
"species",70,70,301.888888888889,62.1388888888889,304.611111111111
"species",71,71,257.305555555556,53.8055555555556,716.944444444444
"species",72,72,282.361111111111,54.5,580.083333333333
"species",73,73,292.277777777778,24.6388888888889,452.944444444444
"species",74,74,300.730769230769,41.2307692307692,343.346153846154
"species",75,75,312.638888888889,31.9166666666667,380.583333333333
"species",76,76,312.638888888889,31.9166666666667,380.583333333333
"species",77,77,292.172413793103,66.0689655172414,730.827586206897
"species",78,78,257.305555555556,53.8055555555556,716.944444444444
"species",79,79,292.172413793103,66.0689655172414,730.827586206897
"species",80,80,300.730769230769,41.2307692307692,343.346153846154
"species",81,81,287.666666666667,34.25,497.083333333333
"species",82,82,287.666666666667,34.25,497.083333333333
"species",83,83,292.277777777778,24.6388888888889,452.944444444444
"species",84,84,300.730769230769,41.2307692307692,343.346153846154
"species",85,85,312.638888888889,31.9166666666667,380.583333333333
"species",86,86,293.638888888889,33.3888888888889,616.888888888889
"species",87,87,292.172413793103,66.0689655172414,730.827586206897
"species",88,88,300.730769230769,41.2307692307692,343.346153846154
"species",89,89,300.730769230769,41.2307692307692,343.346153846154
"species",90,90,300.730769230769,41.2307692307692,343.346153846154
"species",91,91,291.222222222222,16.8888888888889,494.055555555556
"species",92,92,312.638888888889,31.9166666666667,380.583333333333
"species",93,93,287.666666666667,34.25,497.083333333333
"species",94,94,293.638888888889,33.3888888888889,616.888888888889
"species",95,95,282.361111111111,54.5,580.083333333333
"species",96,96,287.666666666667,34.25,497.083333333333
"species",97,97,264.151515151515,53.6969696969697,733.757575757576
"species",98,98,293.638888888889,33.3888888888889,616.888888888889
"species",99,99,287.666666666667,34.25,497.083333333333
"species",100,100,291.222222222222,16.8888888888889,494.055555555556
"species",101,101,276.666666666667,12.8611111111111,693.5
"species",102,102,257.305555555556,53.8055555555556,716.944444444444
"species",103,103,300.730769230769,41.2307692307692,343.346153846154
"species",104,104,257.305555555556,53.8055555555556,716.944444444444
"species",105,105,292.277777777778,24.6388888888889,452.944444444444
"species",106,106,312.638888888889,34.5833333333333,351.277777777778
"species",107,107,264.151515151515,53.6969696969697,733.757575757576
"species",108,108,300.730769230769,41.2307692307692,343.346153846154
"species",109,109,264.151515151515,53.6969696969697,733.757575757576
"species",110,110,291.222222222222,16.8888888888889,494.055555555556
"species",111,111,312.638888888889,31.9166666666667,380.583333333333
"species",112,112,300.730769230769,41.2307692307692,343.346153846154
"species",113,113,288.416666666667,26.7222222222222,611.416666666667
"species",114,114,293.638888888889,33.3888888888889,616.888888888889
"species",115,115,257.305555555556,53.8055555555556,716.944444444444
"species",116,116,312.638888888889,31.9166666666667,380.583333333333
"species",117,117,292.277777777778,24.6388888888889,452.944444444444
"species",118,118,282.305555555556,11.5277777777778,629.5
"species",119,119,260.666666666667,24.5833333333333,718.055555555556
"species",120,120,287.666666666667,34.25,497.083333333333
"species",121,121,293.638888888889,33.3888888888889,616.888888888889
"species",122,122,300.730769230769,41.2307692307692,343.346153846154
"species",123,123,300.730769230769,41.2307692307692,343.346153846154
"species",124,124,292.888888888889,64.3888888888889,306.111111111111
"species",125,125,278.555555555556,78.3333333333333,370.916666666667
"species",126,126,310.916666666667,18.0833333333333,534.222222222222
"species",127,127,287.666666666667,34.25,497.083333333333
"species",128,128,312.638888888889,34.5833333333333,351.277777777778
"species",129,129,287.666666666667,34.25,497.083333333333
"species",130,130,300.730769230769,41.2307692307692,343.346153846154
"species",131,131,312.638888888889,31.9166666666667,380.583333333333
"species",132,132,264.151515151515,53.6969696969697,733.757575757576
"species",133,133,292.888888888889,64.3888888888889,306.111111111111
"species",134,134,292.172413793103,66.0689655172414,730.827586206897
"species",135,135,312.638888888889,31.9166666666667,380.583333333333
"species",136,136,292.277777777778,24.6388888888889,452.944444444444
"species",137,137,312.638888888889,31.9166666666667,380.583333333333
"species",138,138,266.444444444444,38.5277777777778,568.166666666667
"species",139,139,292.172413793103,66.0689655172414,730.827586206897
"species",140,140,257.305555555556,53.8055555555556,716.944444444444
"species",141,141,310.916666666667,18.0833333333333,534.222222222222
