"species","x","y","bio5","bio14","bio18"
"background",1,1,349.777777777778,5.13888888888889,549.166666666667
"background",2,2,316.805555555556,9.80555555555556,691.972222222222
"background",3,3,262.833333333333,122.444444444444,460.111111111111
"background",4,4,323.583333333333,50.8888888888889,250.305555555556
"background",5,5,345.888888888889,20.8611111111111,430.611111111111
"background",6,6,339.361111111111,4.30555555555556,459.388888888889
"background",7,7,332.5,69.6388888888889,240.666666666667
"background",8,8,347.083333333333,3.05555555555556,414.111111111111
"background",9,9,308.361111111111,24.6111111111111,379.111111111111
"background",10,10,344.416666666667,1.5,175.861111111111
"background",11,11,320.305555555556,53.9444444444444,245.611111111111
"background",12,12,327.361111111111,1.30555555555556,202.555555555556
"background",13,13,273.388888888889,20.0277777777778,241.75
"background",14,14,320.722222222222,84.6111111111111,421.222222222222
"background",15,15,259.611111111111,113.833333333333,478.055555555556
"background",16,16,320.194444444444,43.5555555555556,232.416666666667
