"species","x","y","bio5","bio14","bio18"
"background",1,1,323.611111111111,118.388888888889,383.777777777778
"background",2,2,331.944444444444,8.55555555555556,334.805555555556
"background",3,3,336.888888888889,13.3611111111111,57.5
"background",4,4,351.194444444444,0.916666666666667,180
"background",5,5,317.75,11.1666666666667,415.722222222222
"background",6,6,303.194444444444,122.722222222222,441.5
"background",7,7,321.111111111111,144.194444444444,471.611111111111
"background",8,8,337.25,4.16666666666667,305.055555555556
"background",9,9,318.666666666667,7.52777777777778,469.722222222222
"background",10,10,307.388888888889,220.527777777778,795.277777777778
"background",11,11,300.75,35.1111111111111,543.111111111111
"background",12,12,345.333333333333,3.25,184.25
"background",13,13,337.888888888889,4.05555555555556,410.722222222222
"background",14,14,311.361111111111,27.2222222222222,502.111111111111
"background",15,15,327.75,46.4166666666667,250.833333333333
"background",16,16,351.833333333333,9.25,370
