"species","x","y","bio5","bio14","bio18"
"background",1,1,332.222222222222,69.0833333333333,301
"background",2,2,325.888888888889,0.5,281.722222222222
"background",3,3,356.5,4.55555555555556,548.194444444444
"background",4,4,320.111111111111,17.2777777777778,561.222222222222
"background",5,5,298.888888888889,12.3611111111111,485.222222222222
"background",6,6,317.972222222222,54.9722222222222,583.25
"background",7,7,354.638888888889,9.36111111111111,75.4166666666667
"background",8,8,343.472222222222,0.583333333333333,152.277777777778
"background",9,9,321.055555555556,1.47222222222222,162.527777777778
"background",10,10,326.472222222222,3.88888888888889,68.5
"background",11,11,346.694444444444,0.472222222222222,230.777777777778
"background",12,12,310.222222222222,1.52777777777778,233.583333333333
"background",13,13,308.388888888889,217.527777777778,738.444444444444
"background",14,14,343.888888888889,8.69444444444444,469.444444444444
"background",15,15,321.111111111111,144.194444444444,471.611111111111
"background",16,16,315.25,103.555555555556,575.138888888889
"background",17,17,286.888888888889,14.5277777777778,613.583333333333
"background",18,18,327.916666666667,41.7777777777778,198.222222222222
"background",19,19,330.5,72.5,286.75
"background",20,20,320.194444444444,174.361111111111,594.361111111111
"background",21,21,314.25,89.3611111111111,633
"background",22,22,337.888888888889,4.05555555555556,410.722222222222
"background",23,23,328.833333333333,5.11111111111111,445.222222222222
"background",24,24,330.527777777778,45.75,193.388888888889
"background",25,25,321.083333333333,156.972222222222,505.75
"background",26,26,288.194444444444,80.6111111111111,361.027777777778
"background",27,27,329.638888888889,19.7222222222222,142.222222222222
"background",28,28,312.333333333333,2.52777777777778,311.25
"background",29,29,318.694444444444,34.8055555555556,264.777777777778
"background",30,30,309.5,33.5277777777778,530.138888888889
"background",31,31,318.611111111111,59,287.638888888889
"background",32,32,303,28.1666666666667,161.472222222222
"background",33,33,325.5,82.7777777777778,295.472222222222
"background",34,34,320.833333333333,29.3333333333333,598.333333333333
"background",35,35,331.277777777778,2.80555555555556,166.833333333333
"background",36,36,305.25,2.11111111111111,258.694444444444
"background",37,37,261.888888888889,74.3055555555556,502.972222222222
"background",38,38,351.138888888889,3.5,466.027777777778
"background",39,39,312.638888888889,31.9166666666667,380.583333333333
"background",40,40,312.083333333333,37.3333333333333,305.888888888889
"background",41,41,324.555555555556,1.91666666666667,212.472222222222
"background",42,42,339.916666666667,28.3333333333333,468.722222222222
"background",43,43,317.972222222222,25.7777777777778,225.916666666667
"background",44,44,326.416666666667,78.5,333.333333333333
"background",45,45,315.5,7.11111111111111,683.916666666667
"background",46,46,311.388888888889,4.47222222222222,389.055555555556
"background",47,47,343.916666666667,11.9444444444444,336.416666666667
"background",48,48,305.638888888889,104.027777777778,356.333333333333
"background",49,49,324.75,44.7777777777778,200.972222222222
"background",50,50,258.805555555556,26.8611111111111,683.277777777778
"background",51,51,283.666666666667,87.5151515151515,294.090909090909
"background",52,52,326.111111111111,95.5,342.861111111111
"background",53,53,257.305555555556,53.8055555555556,716.944444444444
"background",54,54,318.5,127.916666666667,581.833333333333
"background",55,55,329.305555555556,3.36111111111111,438.861111111111
"background",56,56,315.888888888889,70.5833333333333,621.388888888889
"background",57,57,306.722222222222,129.5,411.194444444444
"background",58,58,347.361111111111,18.5277777777778,488.777777777778
"background",59,59,336.944444444444,7.58333333333333,469.611111111111
"background",60,60,356.944444444444,11.1666666666667,348.444444444444
"background",61,61,321.444444444444,8.97222222222222,350.5
"background",62,62,274.583333333333,81.2916666666667,570.375
"background",63,63,303.444444444444,11,219.388888888889
"background",64,64,322.194444444444,0.972222222222222,262.861111111111
"background",65,65,329.694444444444,51.3055555555556,201.833333333333
"background",66,66,343.111111111111,13.25,75.1944444444444
"background",67,67,320.777777777778,6.5,353.25
"background",68,68,339.611111111111,12.7222222222222,258.361111111111
"background",69,69,298.055555555556,119.388888888889,420.972222222222
"background",70,70,317.222222222222,30.3055555555556,481.5
"background",71,71,295.166666666667,126.5,536.222222222222
"background",72,72,317.75,11.1666666666667,415.722222222222
"background",73,73,312.111111111111,148.472222222222,601.361111111111
"background",74,74,310.805555555556,57.6111111111111,439.138888888889
"background",75,75,331.916666666667,12.1388888888889,396.5
"background",76,76,330.916666666667,23.4444444444444,124.444444444444
"background",77,77,305.305555555556,212.194444444444,710.5
"background",78,78,281.444444444444,103.277777777778,537.916666666667
"background",79,79,338.833333333333,12.1388888888889,110.833333333333
"background",80,80,314.305555555556,134.277777777778,628.916666666667
"background",81,81,317,79.4722222222222,651.333333333333
"background",82,82,332.5,69.6388888888889,240.666666666667
"background",83,83,327.055555555556,54.0277777777778,203.027777777778
"background",84,84,334.416666666667,14.5555555555556,275.138888888889
"background",85,85,309.972222222222,156.638888888889,620.027777777778
"background",86,86,324.25,19.0277777777778,91.1666666666667
"background",87,87,327.083333333333,49.0555555555556,191.694444444444
"background",88,88,312.416666666667,6.5,757.666666666667
"background",89,89,300.730769230769,41.2307692307692,343.346153846154
"background",90,90,309.388888888889,23.2222222222222,174.277777777778
"background",91,91,273.888888888889,61.8055555555556,487.805555555556
"background",92,92,324.694444444444,40.9444444444444,174.527777777778
"background",93,93,307.388888888889,220.527777777778,795.277777777778
"background",94,94,266.444444444444,38.5277777777778,568.166666666667
"background",95,95,328.277777777778,10.8333333333333,118.805555555556
"background",96,96,320.027777777778,36.5,584.194444444444
"background",97,97,318.138888888889,24.6388888888889,653
"background",98,98,319.027777777778,60.8611111111111,550.583333333333
"background",99,99,323.833333333333,55.5,247.833333333333
"background",100,100,312.361111111111,199.083333333333,610.694444444444
"background",101,101,280.638888888889,23.4444444444444,601.305555555556
"background",102,102,323.638888888889,44.25,179.222222222222
"background",103,103,329.972222222222,23.5,360.416666666667
"background",104,104,322.611111111111,60.6944444444444,284.166666666667
"background",105,105,292.888888888889,8.77777777777778,407.027777777778
"background",106,106,345.888888888889,20.8611111111111,430.611111111111
"background",107,107,262.833333333333,122.444444444444,460.111111111111
"background",108,108,316.722222222222,0.388888888888889,305.888888888889
"background",109,109,332.972222222222,48.7222222222222,323.888888888889
"background",110,110,321.916666666667,46.6944444444444,232.416666666667
"background",111,111,291.222222222222,16.8888888888889,494.055555555556
"background",112,112,315.194444444444,19.6666666666667,445.444444444444
"background",113,113,333.083333333333,11.9722222222222,271.222222222222
"background",114,114,349.861111111111,12.8333333333333,351.583333333333
"background",115,115,327.388888888889,60.3888888888889,481.305555555556
"background",116,116,322.527777777778,20.2777777777778,201.944444444444
"background",117,117,316.916666666667,64.75,589.361111111111
"background",118,118,315.777777777778,162.416666666667,541.194444444444
"background",119,119,308.305555555556,15.0277777777778,436.833333333333
"background",120,120,311.861111111111,9.25,405.555555555556
"background",121,121,319.361111111111,32.0277777777778,528.222222222222
"background",122,122,318.5,28.2222222222222,650.083333333333
"background",123,123,326.083333333333,55.2222222222222,247.305555555556
"background",124,124,333.027777777778,4.97222222222222,453.972222222222
"background",125,125,287.666666666667,34.25,497.083333333333
"background",126,126,315.277777777778,8.19444444444444,297.833333333333
"background",127,127,302.138888888889,12.75,307.333333333333
"background",128,128,340.527777777778,7.27777777777778,118.305555555556
"background",129,129,309.527777777778,174.861111111111,586.916666666667
"background",130,130,335.722222222222,24.9444444444444,491.916666666667
"background",131,131,310.916666666667,18.0833333333333,534.222222222222
"background",132,132,295.111111111111,17.7222222222222,251.75
"background",133,133,343.277777777778,8.08333333333333,75.9722222222222
"background",134,134,328.583333333333,33.6388888888889,130.138888888889
"background",135,135,296.416666666667,28.1666666666667,262.777777777778
"background",136,136,340.777777777778,3.58333333333333,415.583333333333
"background",137,137,327.222222222222,96.4722222222222,327.083333333333
"background",138,138,306.515151515152,61.9090909090909,290.878787878788
"background",139,139,325.472222222222,2.83333333333333,200.666666666667
"background",140,140,309.5,185.194444444444,657.333333333333
"background",141,141,309.722222222222,5.55555555555556,171.666666666667
"background",142,142,303.083333333333,4.97222222222222,356.277777777778
"background",143,143,323.527777777778,70.6666666666667,370.166666666667
"background",144,144,327.444444444444,79.1388888888889,261.527777777778
"background",145,145,311.194444444444,30.4166666666667,190.555555555556
"background",146,146,327.527777777778,21.9444444444444,468.027777777778
"background",147,147,324.611111111111,109.361111111111,349.944444444444
"background",148,148,312.444444444444,112.166666666667,627.583333333333
