"species","x","y","bio5","bio14","bio18"
"species",1,1,292.277777777778,24.6388888888889,452.944444444444
"species",2,2,291.222222222222,16.8888888888889,494.055555555556
"species",3,3,257.305555555556,53.8055555555556,716.944444444444
"species",4,4,291.222222222222,16.8888888888889,494.055555555556
"species",5,5,291.222222222222,16.8888888888889,494.055555555556
"species",6,6,312.638888888889,31.9166666666667,380.583333333333
"species",7,7,312.638888888889,31.9166666666667,380.583333333333
"species",8,8,300.730769230769,41.2307692307692,343.346153846154
"species",9,9,300.730769230769,41.2307692307692,343.346153846154
"species",10,10,264.151515151515,53.6969696969697,733.757575757576
"species",11,11,300.730769230769,41.2307692307692,343.346153846154
"species",12,12,287.666666666667,34.25,497.083333333333
"species",13,13,312.638888888889,31.9166666666667,380.583333333333
"species",14,14,292.277777777778,24.6388888888889,452.944444444444
"species",15,15,280.638888888889,23.4444444444444,601.305555555556
"species",16,16,312.638888888889,31.9166666666667,380.583333333333
"species",17,17,287.666666666667,34.25,497.083333333333
"species",18,18,300.730769230769,41.2307692307692,343.346153846154
"species",19,19,293.638888888889,33.3888888888889,616.888888888889
"species",20,20,293.638888888889,33.3888888888889,616.888888888889
"species",21,21,272,83.1944444444444,486.666666666667
"species",22,22,312.638888888889,31.9166666666667,380.583333333333
"species",23,23,282.361111111111,54.5,580.083333333333
"species",24,24,276.666666666667,12.8611111111111,693.5
"species",25,25,291.222222222222,16.8888888888889,494.055555555556
"species",26,26,312.638888888889,34.5833333333333,351.277777777778
"species",27,27,272,83.1944444444444,486.666666666667
"species",28,28,312.638888888889,31.9166666666667,380.583333333333
"species",29,29,300.730769230769,41.2307692307692,343.346153846154
"species",30,30,301.888888888889,62.1388888888889,304.611111111111
"species",31,31,312.638888888889,31.9166666666667,380.583333333333
"species",32,32,313.333333333333,62.4444444444444,489.555555555556
"species",33,33,265.194444444444,23.0277777777778,718.166666666667
"species",34,34,300.730769230769,41.2307692307692,343.346153846154
"species",35,35,287.666666666667,34.25,497.083333333333
"species",36,36,257.305555555556,53.8055555555556,716.944444444444
"species",37,37,265.194444444444,23.0277777777778,718.166666666667
"species",38,38,264.151515151515,53.6969696969697,733.757575757576
"species",39,39,292.277777777778,24.6388888888889,452.944444444444
"species",40,40,293.638888888889,33.3888888888889,616.888888888889
"species",41,41,312.638888888889,31.9166666666667,380.583333333333
"species",42,42,312.638888888889,31.9166666666667,380.583333333333
"species",43,43,312.638888888889,31.9166666666667,380.583333333333
"species",44,44,312.638888888889,31.9166666666667,380.583333333333
"species",45,45,312.638888888889,31.9166666666667,380.583333333333
"species",46,46,257.305555555556,53.8055555555556,716.944444444444
"species",47,47,312.638888888889,31.9166666666667,380.583333333333
"species",48,48,312.638888888889,31.9166666666667,380.583333333333
"species",49,49,260.666666666667,24.5833333333333,718.055555555556
"species",50,50,287.666666666667,34.25,497.083333333333
"species",51,51,306.515151515152,61.9090909090909,290.878787878788
"species",52,52,287.222222222222,78.8611111111111,379.25
"species",53,53,292.277777777778,24.6388888888889,452.944444444444
"species",54,54,300.730769230769,41.2307692307692,343.346153846154
"species",55,55,292.277777777778,24.6388888888889,452.944444444444
"species",56,56,293.638888888889,33.3888888888889,616.888888888889
"species",57,57,300.730769230769,41.2307692307692,343.346153846154
"species",58,58,312.638888888889,31.9166666666667,380.583333333333
"species",59,59,312.638888888889,31.9166666666667,380.583333333333
"species",60,60,282.361111111111,54.5,580.083333333333
"species",61,61,292.277777777778,24.6388888888889,452.944444444444
"species",62,62,264.151515151515,53.6969696969697,733.757575757576
"species",63,63,312.638888888889,31.9166666666667,380.583333333333
"species",64,64,300.730769230769,41.2307692307692,343.346153846154
"species",65,65,257.305555555556,53.8055555555556,716.944444444444
"species",66,66,286.111111111111,9.52777777777778,590.055555555556
"species",67,67,282.305555555556,11.5277777777778,629.5
"species",68,68,278.555555555556,78.3333333333333,370.916666666667
"species",69,69,300.730769230769,41.2307692307692,343.346153846154
"species",70,70,265.194444444444,23.0277777777778,718.166666666667
"species",71,71,300.730769230769,41.2307692307692,343.346153846154
"species",72,72,312.638888888889,31.9166666666667,380.583333333333
"species",73,73,276.666666666667,12.8611111111111,693.5
"species",74,74,265.194444444444,23.0277777777778,718.166666666667
"species",75,75,312.638888888889,31.9166666666667,380.583333333333
"species",76,76,292.277777777778,24.6388888888889,452.944444444444
"species",77,77,312.638888888889,31.9166666666667,380.583333333333
"species",78,78,278.805555555556,14.0277777777778,576.722222222222
"species",79,79,278.805555555556,14.0277777777778,576.722222222222
"species",80,80,292.277777777778,24.6388888888889,452.944444444444
"species",81,81,257.305555555556,53.8055555555556,716.944444444444
"species",82,82,292.172413793103,66.0689655172414,730.827586206897
"species",83,83,312.638888888889,34.5833333333333,351.277777777778
"species",84,84,287.666666666667,34.25,497.083333333333
"species",85,85,335.722222222222,24.9444444444444,491.916666666667
"species",86,86,300.730769230769,41.2307692307692,343.346153846154
"species",87,87,293.638888888889,33.3888888888889,616.888888888889
"species",88,88,300.730769230769,41.2307692307692,343.346153846154
"species",89,89,292.172413793103,66.0689655172414,730.827586206897
"species",90,90,257.305555555556,53.8055555555556,716.944444444444
"species",91,91,300.730769230769,41.2307692307692,343.346153846154
"species",92,92,293.638888888889,33.3888888888889,616.888888888889
"species",93,93,282.361111111111,54.5,580.083333333333
"species",94,94,312.638888888889,31.9166666666667,380.583333333333
"species",95,95,292.277777777778,24.6388888888889,452.944444444444
"species",96,96,257.305555555556,53.8055555555556,716.944444444444
"species",97,97,312.638888888889,31.9166666666667,380.583333333333
"species",98,98,264.151515151515,53.6969696969697,733.757575757576
"species",99,99,282.805555555556,36.4444444444444,526.666666666667
"species",100,100,312.638888888889,31.9166666666667,380.583333333333
"species",101,101,257.305555555556,53.8055555555556,716.944444444444
"species",102,102,265.194444444444,23.0277777777778,718.166666666667
"species",103,103,292.172413793103,66.0689655172414,730.827586206897
"species",104,104,312.638888888889,34.5833333333333,351.277777777778
"species",105,105,265.194444444444,23.0277777777778,718.166666666667
"species",106,106,266.444444444444,38.5277777777778,568.166666666667
"species",107,107,292.888888888889,64.3888888888889,306.111111111111
"species",108,108,274.583333333333,81.2916666666667,570.375
"species",109,109,291.222222222222,16.8888888888889,494.055555555556
"species",110,110,264.151515151515,53.6969696969697,733.757575757576
"species",111,111,292.172413793103,66.0689655172414,730.827586206897
"species",112,112,287.666666666667,34.25,497.083333333333
"species",113,113,287.666666666667,34.25,497.083333333333
"species",114,114,293.638888888889,33.3888888888889,616.888888888889
"species",115,115,293.638888888889,33.3888888888889,616.888888888889
"species",116,116,313.333333333333,62.4444444444444,489.555555555556
"species",117,117,311.928571428571,49.75,241.071428571429
"species",118,118,257.305555555556,53.8055555555556,716.944444444444
"species",119,119,308.361111111111,24.6111111111111,379.111111111111
"species",120,120,292.172413793103,66.0689655172414,730.827586206897
"species",121,121,292.172413793103,66.0689655172414,730.827586206897
"species",122,122,312.638888888889,31.9166666666667,380.583333333333
"species",123,123,257.305555555556,53.8055555555556,716.944444444444
"species",124,124,312.638888888889,34.5833333333333,351.277777777778
"species",125,125,257.305555555556,53.8055555555556,716.944444444444
"species",126,126,257.305555555556,53.8055555555556,716.944444444444
"species",127,127,289.333333333333,16.1111111111111,314.472222222222
"species",128,128,312.638888888889,31.9166666666667,380.583333333333
"species",129,129,274.583333333333,81.2916666666667,570.375
"species",130,130,300.730769230769,41.2307692307692,343.346153846154
"species",131,131,288.416666666667,26.7222222222222,611.416666666667
"species",132,132,312.638888888889,31.9166666666667,380.583333333333
"species",133,133,292.277777777778,24.6388888888889,452.944444444444
"species",134,134,312.638888888889,31.9166666666667,380.583333333333
"species",135,135,287.666666666667,34.25,497.083333333333
"species",136,136,278.555555555556,78.3333333333333,370.916666666667
"species",137,137,292.277777777778,24.6388888888889,452.944444444444
