"species","x","y","bio5","bio14","bio18"
"background",1,1,314.5,5.38888888888889,183.444444444444
"background",2,2,339.416666666667,2.52777777777778,440.861111111111
"background",3,3,322.611111111111,60.6944444444444,284.166666666667
"background",4,4,314.666666666667,7.02777777777778,325.055555555556
"background",5,5,318.138888888889,24.6388888888889,653
"background",6,6,309.388888888889,23.2222222222222,174.277777777778
"background",7,7,352.5,4.44444444444444,248.055555555556
"background",8,8,288.5,3.22222222222222,328.361111111111
"background",9,9,336.527777777778,11.4444444444444,599.138888888889
"background",10,10,330.916666666667,23.4444444444444,124.444444444444
"background",11,11,342.861111111111,2.13888888888889,154.5
"background",12,12,309.5,33.5277777777778,530.138888888889
"background",13,13,323.277777777778,26.6666666666667,158.75
"background",14,14,333.611111111111,3.16666666666667,430.333333333333
"background",15,15,272,117.083333333333,455.222222222222
"background",16,16,322.777777777778,138.222222222222,517.805555555556
"background",17,17,326.361111111111,18.1111111111111,379.388888888889
"background",18,18,332.777777777778,44.5833333333333,156.805555555556
"background",19,19,287.222222222222,78.8611111111111,379.25
"background",20,20,336.722222222222,26.2222222222222,552.888888888889
"background",21,21,316.444444444444,183.638888888889,655.861111111111
"background",22,22,317,79.4722222222222,651.333333333333
"background",23,23,326.583333333333,20.5555555555556,137.694444444444
"background",24,24,327.916666666667,41.7777777777778,198.222222222222
"background",25,25,288.194444444444,55.75,521.888888888889
"background",26,26,321.805555555556,54.5,266.5
"background",27,27,329.638888888889,19.7222222222222,142.222222222222
"background",28,28,306.583333333333,19.4444444444444,353.444444444444
"background",29,29,303.805555555556,4.97222222222222,222.444444444444
"background",30,30,322.194444444444,0.972222222222222,262.861111111111
"background",31,31,323.777777777778,12.1388888888889,375.527777777778
"background",32,32,315.777777777778,162.416666666667,541.194444444444
"background",33,33,347.055555555556,8.72222222222222,311.75
"background",34,34,317.638888888889,33.9166666666667,155.277777777778
"background",35,35,335.416666666667,0.5,255.944444444444
"background",36,36,312.083333333333,37.3333333333333,305.888888888889
"background",37,37,348,1.44444444444444,135.805555555556
"background",38,38,281.083333333333,18.1111111111111,245.972222222222
"background",39,39,331.305555555556,2.36111111111111,420.861111111111
"background",40,40,334.611111111111,4.97222222222222,369.444444444444
"background",41,41,338.833333333333,12.1388888888889,110.833333333333
"background",42,42,322.333333333333,5.47222222222222,541.861111111111
"background",43,43,319.861111111111,36.25,142.027777777778
"background",44,44,312.083333333333,176.777777777778,566.555555555556
"background",45,45,327.861111111111,9.38888888888889,451
"background",46,46,316.388888888889,20.3333333333333,415.416666666667
"background",47,47,278.805555555556,14.0277777777778,576.722222222222
"background",48,48,329.583333333333,26.5,162.444444444444
"background",49,49,340.055555555556,13.4166666666667,340.722222222222
"background",50,50,326.055555555556,22.6666666666667,101.694444444444
"background",51,51,334.083333333333,51.4166666666667,191.25
"background",52,52,325.555555555556,110.444444444444,380.805555555556
"background",53,53,318.722222222222,3.30555555555556,325.722222222222
"background",54,54,323,19.5833333333333,283.611111111111
"background",55,55,282.722222222222,132.888888888889,558.611111111111
"background",56,56,334.777777777778,3.44444444444444,228.472222222222
"background",57,57,312.638888888889,31.9166666666667,380.583333333333
"background",58,58,340.666666666667,8.36111111111111,90.5
"background",59,59,321.444444444444,129.972222222222,419.083333333333
"background",60,60,347.194444444444,4.25,114.583333333333
"background",61,61,347.888888888889,8.86111111111111,564.083333333333
"background",62,62,321.027777777778,196.888888888889,666
"background",63,63,312.694444444444,13.5833333333333,436.138888888889
"background",64,64,320.777777777778,6.5,353.25
"background",65,65,346.305555555556,1.13888888888889,157.361111111111
"background",66,66,329.527777777778,0.0833333333333333,240.805555555556
"background",67,67,323.833333333333,61.6944444444444,235.055555555556
"background",68,68,330.5,72.5,286.75
"background",69,69,315.194444444444,26.3611111111111,553.166666666667
"background",70,70,325,9.36111111111111,573.611111111111
"background",71,71,284.944444444444,8.5,562.527777777778
"background",72,72,339.611111111111,12.7222222222222,258.361111111111
"background",73,73,321.166666666667,6.61111111111111,617.666666666667
"background",74,74,328.25,74.75,263.222222222222
"background",75,75,289.333333333333,16.1111111111111,314.472222222222
"background",76,76,339.666666666667,8.47222222222222,267.888888888889
"background",77,77,297.472222222222,104.388888888889,378.805555555556
"background",78,78,337.888888888889,4.05555555555556,410.722222222222
"background",79,79,351.111111111111,1.94444444444444,460.222222222222
"background",80,80,327.694444444444,80.2222222222222,290.333333333333
"background",81,81,346.138888888889,0.805555555555555,246.333333333333
"background",82,82,333.388888888889,2.11111111111111,195.75
"background",83,83,342.666666666667,3.22222222222222,107.888888888889
"background",84,84,315.5,26.6388888888889,228.5
"background",85,85,356.944444444444,11.1666666666667,348.444444444444
"background",86,86,308.361111111111,18.6666666666667,228.805555555556
"background",87,87,345.888888888889,20.8611111111111,430.611111111111
"background",88,88,314.305555555556,134.277777777778,628.916666666667
"background",89,89,318.777777777778,45.0555555555556,620.361111111111
"background",90,90,344.805555555556,1.61111111111111,31.75
"background",91,91,335.277777777778,72.9722222222222,257.75
"background",92,92,351.472222222222,6.63888888888889,110.138888888889
"background",93,93,317.916666666667,52.1111111111111,566.722222222222
"background",94,94,336.5,3.58333333333333,65.4722222222222
"background",95,95,293.861111111111,5,449.388888888889
"background",96,96,311.388888888889,4.47222222222222,389.055555555556
"background",97,97,324.75,44.7777777777778,200.972222222222
"background",98,98,338.194444444444,10.5555555555556,507.805555555556
"background",99,99,341.111111111111,17.1111111111111,470.944444444444
"background",100,100,304.972222222222,73.8055555555556,288.111111111111
"background",101,101,291.777777777778,96.4444444444444,389.583333333333
"background",102,102,317.944444444444,105.305555555556,585.444444444444
"background",103,103,336.583333333333,6.05555555555556,256.916666666667
"background",104,104,351.833333333333,9.25,370
"background",105,105,293.833333333333,18.7777777777778,631.305555555556
"background",106,106,314.583333333333,27.5,134.638888888889
"background",107,107,340.527777777778,0.583333333333333,227.583333333333
"background",108,108,328.583333333333,33.6388888888889,130.138888888889
"background",109,109,356.194444444444,3.80555555555556,627.972222222222
"background",110,110,349.861111111111,12.8333333333333,351.583333333333
"background",111,111,354.638888888889,9.36111111111111,75.4166666666667
"background",112,112,312.638888888889,34.5833333333333,351.277777777778
"background",113,113,327.055555555556,54.0277777777778,203.027777777778
"background",114,114,302.222222222222,4.11111111111111,502.833333333333
"background",115,115,315.777777777778,2.91666666666667,51.5555555555556
"background",116,116,329.666666666667,89.0277777777778,278.527777777778
"background",117,117,314.305555555556,12.5833333333333,147.027777777778
"background",118,118,309.527777777778,174.861111111111,586.916666666667
"background",119,119,333.638888888889,17.4166666666667,133.75
"background",120,120,281.444444444444,103.277777777778,537.916666666667
"background",121,121,346.305555555556,7.36111111111111,249.472222222222
"background",122,122,292.888888888889,8.77777777777778,407.027777777778
"background",123,123,334.277777777778,2.25,64.8333333333333
"background",124,124,346.111111111111,3.38888888888889,216.111111111111
"background",125,125,323.583333333333,50.8888888888889,250.305555555556
"background",126,126,343.083333333333,0,170.027777777778
"background",127,127,339.222222222222,0.722222222222222,143.305555555556
"background",128,128,337,13.9722222222222,350.305555555556
"background",129,129,275,13.9444444444444,633.583333333333
"background",130,130,308.555555555556,37.3888888888889,451.694444444444
"background",131,131,327.75,46.4166666666667,250.833333333333
"background",132,132,317.333333333333,31.5833333333333,472.416666666667
"background",133,133,308.361111111111,7.94444444444444,434.416666666667
"background",134,134,355.944444444444,9.72222222222222,382.972222222222
"background",135,135,303.5,11,664.527777777778
"background",136,136,315,134.972222222222,435.5
"background",137,137,291.361111111111,57.7222222222222,493.916666666667
"background",138,138,325.472222222222,2.83333333333333,200.666666666667
"background",139,139,288.666666666667,13.1111111111111,147.527777777778
"background",140,140,313.666666666667,22.5833333333333,563.555555555556
"background",141,141,329.972222222222,23.5,360.416666666667
"background",142,142,349.888888888889,5.61111111111111,283.333333333333
"background",143,143,324.555555555556,21.1111111111111,317.25
"background",144,144,330.472222222222,75.5277777777778,273.583333333333
"background",145,145,318.166666666667,97.6388888888889,650.055555555556
"background",146,146,313.666666666667,33.4722222222222,490
"background",147,147,268.777777777778,20.5,678
"background",148,148,314.444444444444,96.7222222222222,623.916666666667
