"species","x","y","bio5","bio14","bio18"
"background",1,1,329.861111111111,16.0833333333333,186.555555555556
"background",2,2,322.694444444444,78.5,479.944444444444
"background",3,3,317.5,62.8611111111111,571.555555555556
"background",4,4,337.527777777778,0.0277777777777778,275.944444444444
"background",5,5,288.194444444444,80.6111111111111,361.027777777778
"background",6,6,315.166666666667,99.5833333333333,658.388888888889
"background",7,7,319.027777777778,60.8611111111111,550.583333333333
"background",8,8,296.416666666667,28.1666666666667,262.777777777778
"background",9,9,336.527777777778,11.4444444444444,599.138888888889
"background",10,10,320.5,86.3333333333333,396.25
"background",11,11,317,79.4722222222222,651.333333333333
"background",12,12,332.333333333333,27.9444444444444,554.583333333333
"background",13,13,319.944444444444,78.0277777777778,355.361111111111
"background",14,14,321.444444444444,129.972222222222,419.083333333333
"background",15,15,313.611111111111,12.0555555555556,429.416666666667
"background",16,16,317.861111111111,13.8611111111111,194.888888888889
"background",17,17,316.75,11.0555555555556,539.861111111111
"background",18,18,288.666666666667,13.1111111111111,147.527777777778
"background",19,19,346.611111111111,3.44444444444444,476
"background",20,20,331.305555555556,2.36111111111111,420.861111111111
"background",21,21,325.088235294118,2.5,85.2058823529412
"background",22,22,315.138888888889,76.8611111111111,668.666666666667
"background",23,23,302.472222222222,20.0277777777778,599.166666666667
"background",24,24,351.833333333333,9.25,370
"background",25,25,270.666666666667,15,684.694444444444
"background",26,26,309.972222222222,156.638888888889,620.027777777778
"background",27,27,287.777777777778,101.666666666667,417.666666666667
"background",28,28,337.888888888889,4.05555555555556,410.722222222222
"background",29,29,312.694444444444,29.5555555555556,169.805555555556
"background",30,30,260.388888888889,100.111111111111,492.861111111111
"background",31,31,319.111111111111,177.555555555556,714.305555555556
"background",32,32,318.166666666667,97.6388888888889,650.055555555556
"background",33,33,343.083333333333,0,170.027777777778
"background",34,34,341.111111111111,17.1111111111111,470.944444444444
"background",35,35,308.305555555556,15.0277777777778,436.833333333333
"background",36,36,325.888888888889,0.5,281.722222222222
"background",37,37,265.833333333333,93.0833333333333,505.166666666667
"background",38,38,328.916666666667,16.5,129.472222222222
"background",39,39,322.833333333333,85.2777777777778,389.166666666667
"background",40,40,329.222222222222,31.9444444444444,482.861111111111
"background",41,41,333.833333333333,7.72222222222222,251.472222222222
"background",42,42,356.944444444444,11.1666666666667,348.444444444444
"background",43,43,318.305555555556,5.41666666666667,218.805555555556
"background",44,44,288.416666666667,26.7222222222222,611.416666666667
"background",45,45,283.972222222222,20.4166666666667,643.305555555556
"background",46,46,323.583333333333,50.8888888888889,250.305555555556
"background",47,47,321.638888888889,29.4444444444444,494.972222222222
"background",48,48,317.638888888889,33.9166666666667,155.277777777778
"background",49,49,316.305555555556,26.5833333333333,489.166666666667
"background",50,50,334.611111111111,19.8333333333333,200.111111111111
"background",51,51,331.944444444444,30,133.555555555556
"background",52,52,283.666666666667,87.5151515151515,294.090909090909
"background",53,53,349.777777777778,5.13888888888889,549.166666666667
"background",54,54,322.527777777778,20.2777777777778,201.944444444444
"background",55,55,322.111111111111,8.83333333333333,397.75
"background",56,56,323,47.7777777777778,218.611111111111
"background",57,57,290.666666666667,41.9722222222222,506.472222222222
"background",58,58,344.333333333333,2.16666666666667,406.5
"background",59,59,284.611111111111,116.555555555556,442.944444444444
"background",60,60,354.638888888889,9.36111111111111,75.4166666666667
"background",61,61,330.916666666667,23.4444444444444,124.444444444444
"background",62,62,317.861111111111,69.7777777777778,553.555555555556
"background",63,63,329.527777777778,0.0833333333333333,240.805555555556
"background",64,64,335,28.0833333333333,301.611111111111
"background",65,65,315.277777777778,8.19444444444444,297.833333333333
"background",66,66,330.5,72.5,286.75
"background",67,67,324.166666666667,62.8055555555556,242.055555555556
"background",68,68,318.777777777778,45.0555555555556,620.361111111111
"background",69,69,326.388888888889,87.9444444444444,314.916666666667
"background",70,70,344.222222222222,18.3055555555556,505.222222222222
"background",71,71,340.888888888889,3.22222222222222,397.833333333333
"background",72,72,329.305555555556,3.36111111111111,438.861111111111
"background",73,73,339.611111111111,12.7222222222222,258.361111111111
"background",74,74,309.833333333333,211.25,650.777777777778
"background",75,75,332.527777777778,54.9166666666667,204.972222222222
"background",76,76,335.75,1.47222222222222,398.416666666667
"background",77,77,331.944444444444,8.55555555555556,334.805555555556
"background",78,78,291.777777777778,96.4444444444444,389.583333333333
"background",79,79,335.472222222222,55.9722222222222,202.833333333333
"background",80,80,328.444444444444,3.08333333333333,130.666666666667
"background",81,81,284.944444444444,8.5,562.527777777778
"background",82,82,295.416666666667,3.30555555555556,158.583333333333
"background",83,83,281.444444444444,103.277777777778,537.916666666667
"background",84,84,309.5,33.5277777777778,530.138888888889
"background",85,85,307,6.52777777777778,467.361111111111
"background",86,86,328.416666666667,207.305555555556,706.388888888889
"background",87,87,342.611111111111,22.6111111111111,534.138888888889
"background",88,88,325.583333333333,91.4166666666667,366.194444444444
"background",89,89,291.361111111111,57.7222222222222,493.916666666667
"background",90,90,314.75,3.91666666666667,230.527777777778
"background",91,91,314.666666666667,23.7777777777778,456.5
"background",92,92,335.416666666667,0.5,255.944444444444
"background",93,93,333.027777777778,4.97222222222222,453.972222222222
"background",94,94,344.416666666667,1.5,175.861111111111
"background",95,95,336.5,3.58333333333333,65.4722222222222
"background",96,96,318.5,28.2222222222222,650.083333333333
"background",97,97,352.305555555556,1.22222222222222,541.527777777778
"background",98,98,323.277777777778,26.6666666666667,158.75
"background",99,99,328.416666666667,22.2777777777778,340.388888888889
"background",100,100,316.888888888889,21.0277777777778,398.777777777778
"background",101,101,339.916666666667,28.3333333333333,468.722222222222
"background",102,102,334.416666666667,14.5555555555556,275.138888888889
"background",103,103,329.138888888889,3.16666666666667,202.472222222222
"background",104,104,325.472222222222,2.83333333333333,200.666666666667
"background",105,105,327.583333333333,67.2777777777778,283.333333333333
"background",106,106,327.222222222222,96.4722222222222,327.083333333333
"background",107,107,276.666666666667,12.8611111111111,693.5
"background",108,108,305.305555555556,212.194444444444,710.5
"background",109,109,327.333333333333,81.3055555555556,361.194444444444
"background",110,110,343.888888888889,8.69444444444444,469.444444444444
"background",111,111,324.388888888889,89.7777777777778,356.972222222222
"background",112,112,320.888888888889,80.9166666666667,591.25
"background",113,113,315.722222222222,3.30555555555556,215.111111111111
"background",114,114,317.916666666667,52.1111111111111,566.722222222222
"background",115,115,293.638888888889,33.3888888888889,616.888888888889
"background",116,116,335.027777777778,43.3055555555556,309.027777777778
"background",117,117,314.5,5.38888888888889,183.444444444444
"background",118,118,333.083333333333,11.9722222222222,271.222222222222
"background",119,119,306.515151515152,61.9090909090909,290.878787878788
"background",120,120,323.777777777778,12.1388888888889,375.527777777778
"background",121,121,318.138888888889,24.6388888888889,653
"background",122,122,302.138888888889,12.75,307.333333333333
"background",123,123,321.444444444444,5.47222222222222,379.472222222222
"background",124,124,342.25,28.2222222222222,411.361111111111
"background",125,125,326.694444444444,4.02777777777778,196.555555555556
"background",126,126,295.111111111111,17.7222222222222,251.75
"background",127,127,312.333333333333,2.52777777777778,311.25
"background",128,128,341.805555555556,0,252.722222222222
"background",129,129,347.388888888889,2.86111111111111,139.416666666667
"background",130,130,281.861111111111,81.5833333333333,523.333333333333
"background",131,131,320.305555555556,53.9444444444444,245.611111111111
"background",132,132,318.444444444444,0.694444444444444,191.305555555556
"background",133,133,311.416666666667,162.166666666667,591.25
"background",134,134,324.972222222222,28.4444444444444,446.5
"background",135,135,333.666666666667,4.36111111111111,45.1944444444444
"background",136,136,333.083333333333,11.8888888888889,488.916666666667
"background",137,137,352.388888888889,2.63888888888889,521.583333333333
"background",138,138,327.888888888889,9.02777777777778,537.722222222222
"background",139,139,315.777777777778,4.41666666666667,193.527777777778
"background",140,140,313.333333333333,62.4444444444444,489.555555555556
"background",141,141,322.888888888889,62.4722222222222,393.277777777778
"background",142,142,312.111111111111,148.472222222222,601.361111111111
"background",143,143,265.4,93.4857142857143,475.971428571429
"background",144,144,326.361111111111,18.1111111111111,379.388888888889
"background",145,145,325.194444444444,25.6666666666667,497.111111111111
"background",146,146,309.722222222222,5.55555555555556,171.666666666667
"background",147,147,316.444444444444,183.638888888889,655.861111111111
"background",148,148,336.722222222222,26.2222222222222,552.888888888889
