"species","x","y","bio5","bio14","bio18"
"species",1,1,287.222222222222,78.8611111111111,379.25
"species",2,2,264.151515151515,53.6969696969697,733.757575757576
"species",3,3,292.172413793103,66.0689655172414,730.827586206897
"species",4,4,274.583333333333,81.2916666666667,570.375
"species",5,5,282.361111111111,54.5,580.083333333333
"species",6,6,260.666666666667,24.5833333333333,718.055555555556
"species",7,7,257.305555555556,53.8055555555556,716.944444444444
"species",8,8,287.666666666667,34.25,497.083333333333
"species",9,9,293.638888888889,33.3888888888889,616.888888888889
"species",10,10,292.277777777778,24.6388888888889,452.944444444444
"species",11,11,278.805555555556,14.0277777777778,576.722222222222
"species",12,12,300.730769230769,41.2307692307692,343.346153846154
"species",13,13,311.928571428571,49.75,241.071428571429
"species",14,14,292.888888888889,64.3888888888889,306.111111111111
"species",15,15,289.333333333333,16.1111111111111,314.472222222222
"species",16,16,282.805555555556,36.4444444444444,526.666666666667
"species",17,17,266.444444444444,38.5277777777778,568.166666666667
"species",18,18,272,83.1944444444444,486.666666666667
"species",19,19,312.638888888889,34.5833333333333,351.277777777778
"species",20,20,282.305555555556,11.5277777777778,629.5
"species",21,21,280.638888888889,23.4444444444444,601.305555555556
"species",22,22,276.666666666667,12.8611111111111,693.5
"species",23,23,335.722222222222,24.9444444444444,491.916666666667
"species",24,24,286.111111111111,9.52777777777778,590.055555555556
"species",25,25,284.583333333333,19.8055555555556,622.388888888889
