"species","x","y","bio5","bio14","bio18"
"species",1,1,310.916666666667,18.0833333333333,534.222222222222
"species",2,2,287.222222222222,78.8611111111111,379.25
"species",3,3,272,83.1944444444444,486.666666666667
"species",4,4,288.416666666667,26.7222222222222,611.416666666667
"species",5,5,335.722222222222,24.9444444444444,491.916666666667
"species",6,6,292.277777777778,24.6388888888889,452.944444444444
"species",7,7,264.151515151515,53.6969696969697,733.757575757576
"species",8,8,282.805555555556,36.4444444444444,526.666666666667
"species",9,9,280.638888888889,23.4444444444444,601.305555555556
"species",10,10,308.361111111111,24.6111111111111,379.111111111111
"species",11,11,312.638888888889,34.5833333333333,351.277777777778
"species",12,12,292.172413793103,66.0689655172414,730.827586206897
"species",13,13,300.730769230769,41.2307692307692,343.346153846154
"species",14,14,265.194444444444,23.0277777777778,718.166666666667
"species",15,15,289.333333333333,16.1111111111111,314.472222222222
"species",16,16,292.888888888889,64.3888888888889,306.111111111111
