"species","x","y","bio5","bio14","bio18"
"background",1,1,324.555555555556,1.91666666666667,212.472222222222
"background",2,2,314.583333333333,4.5,191.583333333333
"background",3,3,339.916666666667,28.3333333333333,468.722222222222
"background",4,4,344.027777777778,2.41666666666667,163.638888888889
"background",5,5,341.972222222222,8.47222222222222,284.444444444444
"background",6,6,332.777777777778,44.5833333333333,156.805555555556
"background",7,7,313.666666666667,22.5833333333333,563.555555555556
"background",8,8,314.666666666667,7.02777777777778,325.055555555556
"background",9,9,320.194444444444,174.361111111111,594.361111111111
"background",10,10,326.583333333333,20.5555555555556,137.694444444444
"background",11,11,343.916666666667,11.9444444444444,336.416666666667
"background",12,12,322.527777777778,20.2777777777778,201.944444444444
"background",13,13,321.166666666667,6.61111111111111,617.666666666667
"background",14,14,330.916666666667,23.4444444444444,124.444444444444
"background",15,15,326.388888888889,87.9444444444444,314.916666666667
"background",16,16,325.088235294118,2.5,85.2058823529412
"background",17,17,347.194444444444,4.25,114.583333333333
"background",18,18,347.083333333333,3.05555555555556,414.111111111111
"background",19,19,319.444444444444,1.16666666666667,161.777777777778
"background",20,20,326.611111111111,46.0277777777778,230.638888888889
"background",21,21,317.222222222222,30.3055555555556,481.5
"background",22,22,334.833333333333,12.25,104.25
"background",23,23,278.805555555556,14.0277777777778,576.722222222222
"background",24,24,283.972222222222,20.4166666666667,643.305555555556
"background",25,25,314.5,5.38888888888889,183.444444444444
