"species","x","y","bio5","bio14","bio18"
"background",1,1,293.638888888889,33.3888888888889,616.888888888889
"background",2,2,349.777777777778,5.13888888888889,549.166666666667
"background",3,3,306.888888888889,9.33333333333333,440.111111111111
"background",4,4,288.416666666667,26.7222222222222,611.416666666667
"background",5,5,295.166666666667,126.5,536.222222222222
"background",6,6,260.388888888889,100.111111111111,492.861111111111
"background",7,7,328.916666666667,16.5,129.472222222222
"background",8,8,297.333333333333,6.02777777777778,230.555555555556
"background",9,9,276.666666666667,12.8611111111111,693.5
"background",10,10,330.5,72.5,286.75
"background",11,11,319.444444444444,1.16666666666667,161.777777777778
"background",12,12,309.722222222222,5.55555555555556,171.666666666667
"background",13,13,284.944444444444,8.5,562.527777777778
"background",14,14,335,28.0833333333333,301.611111111111
"background",15,15,322.611111111111,60.6944444444444,284.166666666667
"background",16,16,322.777777777778,138.222222222222,517.805555555556
"background",17,17,335.416666666667,0.5,255.944444444444
"background",18,18,315.277777777778,8.19444444444444,297.833333333333
"background",19,19,322.694444444444,78.5,479.944444444444
"background",20,20,328.416666666667,207.305555555556,706.388888888889
"background",21,21,287.777777777778,101.666666666667,417.666666666667
"background",22,22,351.833333333333,9.25,370
"background",23,23,322.527777777778,20.2777777777778,201.944444444444
"background",24,24,329.638888888889,19.7222222222222,142.222222222222
"background",25,25,315.722222222222,3.30555555555556,215.111111111111
"background",26,26,325.088235294118,2.5,85.2058823529412
"background",27,27,319.027777777778,60.8611111111111,550.583333333333
"background",28,28,336.722222222222,26.2222222222222,552.888888888889
"background",29,29,328.444444444444,3.08333333333333,130.666666666667
"background",30,30,319.944444444444,78.0277777777778,355.361111111111
"background",31,31,333.027777777778,4.97222222222222,453.972222222222
"background",32,32,339.25,25.2777777777778,513.388888888889
"background",33,33,339.916666666667,28.3333333333333,468.722222222222
"background",34,34,324.166666666667,62.8055555555556,242.055555555556
"background",35,35,320.305555555556,53.9444444444444,245.611111111111
"background",36,36,284.583333333333,19.8055555555556,622.388888888889
"background",37,37,296.416666666667,28.1666666666667,262.777777777778
"background",38,38,312.111111111111,148.472222222222,601.361111111111
"background",39,39,331.305555555556,2.36111111111111,420.861111111111
"background",40,40,328.416666666667,22.2777777777778,340.388888888889
"background",41,41,313.666666666667,33.4722222222222,490
"background",42,42,325.805555555556,2.80555555555556,159.611111111111
"background",43,43,286.111111111111,9.52777777777778,590.055555555556
"background",44,44,326.694444444444,4.02777777777778,196.555555555556
"background",45,45,322.888888888889,62.4722222222222,393.277777777778
"background",46,46,321.916666666667,46.6944444444444,232.416666666667
"background",47,47,332.222222222222,69.0833333333333,301
"background",48,48,292.888888888889,8.77777777777778,407.027777777778
"background",49,49,344.305555555556,0.277777777777778,147.833333333333
"background",50,50,313.611111111111,12.0555555555556,429.416666666667
"background",51,51,270.666666666667,15,684.694444444444
"background",52,52,315.138888888889,76.8611111111111,668.666666666667
"background",53,53,316.75,11.0555555555556,539.861111111111
"background",54,54,295.416666666667,3.30555555555556,158.583333333333
"background",55,55,331.944444444444,8.55555555555556,334.805555555556
"background",56,56,350.722222222222,0.888888888888889,131.944444444444
"background",57,57,314.75,3.91666666666667,230.527777777778
"background",58,58,321.638888888889,29.4444444444444,494.972222222222
"background",59,59,316.888888888889,57.8888888888889,581.888888888889
"background",60,60,325.888888888889,0.5,281.722222222222
"background",61,61,290.583333333333,7.30555555555556,657.305555555556
"background",62,62,311.416666666667,162.166666666667,591.25
"background",63,63,318.305555555556,5.41666666666667,218.805555555556
"background",64,64,344.416666666667,1.5,175.861111111111
"background",65,65,290.666666666667,41.9722222222222,506.472222222222
"background",66,66,329.027777777778,84.8888888888889,270.5
"background",67,67,318.166666666667,97.6388888888889,650.055555555556
"background",68,68,323.583333333333,50.8888888888889,250.305555555556
"background",69,69,324.972222222222,28.4444444444444,446.5
"background",70,70,318.138888888889,24.6388888888889,653
"background",71,71,324.388888888889,89.7777777777778,356.972222222222
"background",72,72,352.305555555556,1.22222222222222,541.527777777778
"background",73,73,309.5,33.5277777777778,530.138888888889
"background",74,74,321.444444444444,5.47222222222222,379.472222222222
"background",75,75,323.833333333333,61.6944444444444,235.055555555556
"background",76,76,283.666666666667,87.5151515151515,294.090909090909
"background",77,77,333.833333333333,7.72222222222222,251.472222222222
"background",78,78,329.222222222222,31.9444444444444,482.861111111111
"background",79,79,334.416666666667,14.5555555555556,275.138888888889
"background",80,80,349.972222222222,9.22222222222222,81.9722222222222
"background",81,81,319.916666666667,54,545.722222222222
"background",82,82,315.888888888889,70.5833333333333,621.388888888889
"background",83,83,305.25,2.11111111111111,258.694444444444
"background",84,84,321.444444444444,129.972222222222,419.083333333333
"background",85,85,317.638888888889,33.9166666666667,155.277777777778
"background",86,86,320.555555555556,27.25,121.722222222222
"background",87,87,319.111111111111,177.555555555556,714.305555555556
"background",88,88,344.333333333333,2.16666666666667,406.5
"background",89,89,332,4.16666666666667,418.888888888889
"background",90,90,281.861111111111,81.5833333333333,523.333333333333
"background",91,91,303.5,11,664.527777777778
"background",92,92,322.111111111111,8.83333333333333,397.75
"background",93,93,329.527777777778,0.0833333333333333,240.805555555556
"background",94,94,340.888888888889,3.22222222222222,397.833333333333
"background",95,95,303.083333333333,4.97222222222222,356.277777777778
"background",96,96,268.777777777778,20.5,678
"background",97,97,336.527777777778,11.4444444444444,599.138888888889
"background",98,98,332.527777777778,54.9166666666667,204.972222222222
"background",99,99,336.5,3.58333333333333,65.4722222222222
"background",100,100,349.555555555556,2.58333333333333,421.027777777778
"background",101,101,328.111111111111,41.0277777777778,179.305555555556
"background",102,102,318.777777777778,45.0555555555556,620.361111111111
"background",103,103,312.694444444444,29.5555555555556,169.805555555556
"background",104,104,343.888888888889,8.69444444444444,469.444444444444
"background",105,105,325.472222222222,2.83333333333333,200.666666666667
"background",106,106,324.305555555556,15.0555555555556,376.694444444444
"background",107,107,327.333333333333,81.3055555555556,361.194444444444
"background",108,108,329.861111111111,16.0833333333333,186.555555555556
"background",109,109,333.083333333333,11.8888888888889,488.916666666667
"background",110,110,288.666666666667,13.1111111111111,147.527777777778
"background",111,111,284.611111111111,116.555555555556,442.944444444444
"background",112,112,288.194444444444,80.6111111111111,361.027777777778
"background",113,113,313.333333333333,62.4444444444444,489.555555555556
"background",114,114,323.277777777778,26.6666666666667,158.75
"background",115,115,321.166666666667,6.61111111111111,617.666666666667
"background",116,116,339.222222222222,0.722222222222222,143.305555555556
"background",117,117,327.583333333333,67.2777777777778,283.333333333333
"background",118,118,321.055555555556,1.47222222222222,162.527777777778
"background",119,119,325.592592592593,7.7037037037037,32.1481481481481
"background",120,120,314.25,89.3611111111111,633
"background",121,121,283.972222222222,20.4166666666667,643.305555555556
"background",122,122,332.333333333333,27.9444444444444,554.583333333333
"background",123,123,333.083333333333,11.9722222222222,271.222222222222
"background",124,124,308.305555555556,15.0277777777778,436.833333333333
"background",125,125,337.888888888889,4.05555555555556,410.722222222222
"background",126,126,316.305555555556,26.5833333333333,489.166666666667
"background",127,127,344.805555555556,1.61111111111111,31.75
"background",128,128,314.5,5.38888888888889,183.444444444444
"background",129,129,333.666666666667,4.36111111111111,45.1944444444444
"background",130,130,343.083333333333,0,170.027777777778
"background",131,131,322.833333333333,85.2777777777778,389.166666666667
"background",132,132,347.388888888889,2.86111111111111,139.416666666667
"background",133,133,352.388888888889,2.63888888888889,521.583333333333
"background",134,134,335.472222222222,55.9722222222222,202.833333333333
"background",135,135,316.888888888889,21.0277777777778,398.777777777778
"background",136,136,316.444444444444,183.638888888889,655.861111111111
"background",137,137,326.388888888889,87.9444444444444,314.916666666667
"background",138,138,291.777777777778,96.4444444444444,389.583333333333
"background",139,139,323.638888888889,44.25,179.222222222222
"background",140,140,326.416666666667,78.5,333.333333333333
"background",141,141,295.111111111111,17.7222222222222,251.75
"background",142,142,326.611111111111,46.0277777777778,230.638888888889
"background",143,143,329.305555555556,3.36111111111111,438.861111111111
"background",144,144,328.25,74.75,263.222222222222
"background",145,145,347.361111111111,18.5277777777778,488.777777777778
"background",146,146,317.861111111111,13.8611111111111,194.888888888889
"background",147,147,317.861111111111,69.7777777777778,553.555555555556
"background",148,148,323.777777777778,12.1388888888889,375.527777777778
