"species","x","y","bio4","bio14","bio2"
"background",1,1,1339.08333333333,3.30555555555556,90.6388888888889
"background",2,2,826.638888888889,1.44444444444444,116.805555555556
"background",3,3,1498.72222222222,11,111.277777777778
"background",4,4,562.861111111111,20.3333333333333,107.944444444444
"background",5,5,2835.77777777778,74.3055555555556,108.111111111111
"background",6,6,2495.52777777778,47.6111111111111,118.333333333333
"background",7,7,1401.19444444444,62.1388888888889,84.5555555555556
"background",8,8,488.5,19.0277777777778,90.8888888888889
"background",9,9,609.25,8.97222222222222,129.388888888889
"background",10,10,1101.02777777778,0.472222222222222,128.666666666667
"background",11,11,1693.63888888889,23.2222222222222,104.888888888889
"background",12,12,2296.08333333333,20.0277777777778,126.5
"background",13,13,1278.30555555556,64.3888888888889,78.5
"background",14,14,559.083333333333,69.6388888888889,87.8888888888889
"background",15,15,3474.75,119.75,124.666666666667
"background",16,16,406.583333333333,10.5555555555556,129.027777777778
"background",17,17,1062.94444444444,1.44444444444444,130.75
"background",18,18,302.333333333333,8.47222222222222,128.805555555556
"background",19,19,790.555555555556,2.13888888888889,122
"background",20,20,2012.02777777778,15,122.944444444444
"background",21,21,453.611111111111,8.86111111111111,135.916666666667
"background",22,22,2835.80555555556,81.5833333333333,122.694444444444
"background",23,23,663.75,6.13888888888889,142.277777777778
"background",24,24,3007.22222222222,125.027777777778,109.861111111111
