"species","x","y","bio4","bio14","bio2"
"species",1,1,2226.94444444444,18.0833333333333,121.055555555556
"species",2,2,1706.84615384615,41.2307692307692,91.6538461538462
"species",3,3,1921.22222222222,9.52777777777778,118.777777777778
"species",4,4,2984.44444444444,83.1944444444444,105.361111111111
"species",5,5,2425.63888888889,36.4444444444444,116.194444444444
"species",6,6,2025.75,34.25,91.3888888888889
"species",7,7,2055.83333333333,16.8888888888889,124.25
"species",8,8,2267.66666666667,53.8055555555556,96.9444444444444
"species",9,9,1877.11111111111,24.6388888888889,119.25
"species",10,10,2628.44444444444,62.4444444444444,118.916666666667
"species",11,11,2170.55555555556,19.8055555555556,131.222222222222
"species",12,12,1121.55555555556,78.8611111111111,69.1111111111111
"species",13,13,2649.8275862069,66.0689655172414,91.1034482758621
"species",14,14,1913.16666666667,11.5277777777778,126.25
"species",15,15,1256.63888888889,16.1111111111111,115.361111111111
"species",16,16,2325.25,26.7222222222222,120.972222222222
"species",17,17,1587.69444444444,12.8611111111111,108.222222222222
"species",18,18,2125,33.3888888888889,101.972222222222
"species",19,19,2026.47222222222,14.0277777777778,116.416666666667
"species",20,20,1401.19444444444,62.1388888888889,84.5555555555556
"species",21,21,2318.30555555556,23.4444444444444,116
"species",22,22,2256.86111111111,24.5833333333333,122.75
"species",23,23,2368.19444444444,38.5277777777778,106.527777777778
"species",24,24,2001.13888888889,24.6111111111111,101.166666666667
