"species","x","y","bio5","bio14","bio18"
"background",1,1,351.833333333333,9.25,370
"background",2,2,303.194444444444,122.722222222222,441.5
"background",3,3,351.194444444444,0.916666666666667,180
"background",4,4,311.361111111111,27.2222222222222,502.111111111111
"background",5,5,337.888888888889,4.05555555555556,410.722222222222
"background",6,6,337.25,4.16666666666667,305.055555555556
"background",7,7,317.75,11.1666666666667,415.722222222222
"background",8,8,345.333333333333,3.25,184.25
"background",9,9,297.555555555556,2.75,385.805555555556
"background",10,10,333.638888888889,17.4166666666667,133.75
"background",11,11,332.222222222222,69.0833333333333,301
"background",12,12,323.611111111111,118.388888888889,383.777777777778
"background",13,13,336.888888888889,13.3611111111111,57.5
"background",14,14,300.75,35.1111111111111,543.111111111111
"background",15,15,318.138888888889,24.6388888888889,653
"background",16,16,307.388888888889,220.527777777778,795.277777777778
