"species","x","y","bio5","bio14","bio18"
"background",1,1,341.5,0.388888888888889,152.722222222222
"background",2,2,282.361111111111,54.5,580.083333333333
"background",3,3,270.333333333333,124.638888888889,438.305555555556
"background",4,4,344.333333333333,2.16666666666667,406.5
"background",5,5,336.75,2.44444444444444,158.083333333333
"background",6,6,334.277777777778,2.25,64.8333333333333
"background",7,7,328.638888888889,86.8055555555556,321.25
"background",8,8,340.666666666667,53.9166666666667,194.277777777778
"background",9,9,333.638888888889,17.4166666666667,133.75
"background",10,10,305.305555555556,212.194444444444,710.5
"background",11,11,325.592592592593,7.7037037037037,32.1481481481481
"background",12,12,339.833333333333,31.4444444444444,507.388888888889
"background",13,13,334,17.6666666666667,328.944444444444
"background",14,14,339.666666666667,8.47222222222222,267.888888888889
"background",15,15,304.083333333333,13.5833333333333,493.027777777778
"background",16,16,318.305555555556,5.41666666666667,218.805555555556
"background",17,17,323.25,65.5833333333333,571.972222222222
"background",18,18,332,4.16666666666667,418.888888888889
"background",19,19,304.416666666667,4.91666666666667,339.416666666667
"background",20,20,308.555555555556,37.3888888888889,451.694444444444
"background",21,21,330,21.3611111111111,324.444444444444
"background",22,22,317.027777777778,0.638888888888889,214.527777777778
"background",23,23,322.194444444444,0.972222222222222,262.861111111111
"background",24,24,325.694444444444,75.3611111111111,347.611111111111
"background",25,25,351.138888888889,3.5,466.027777777778
