"species","x","y","bio5","bio14","bio18"
"background",1,1,328.416666666667,49.6111111111111,543.944444444444
"background",2,2,350.527777777778,2.5,289.75
"background",3,3,304.972222222222,73.8055555555556,288.111111111111
"background",4,4,312.083333333333,37.3333333333333,305.888888888889
"background",5,5,326.472222222222,3.88888888888889,68.5
"background",6,6,318.333333333333,58.8611111111111,374.666666666667
"background",7,7,347.083333333333,3.05555555555556,414.111111111111
"background",8,8,344,3.86111111111111,242.888888888889
"background",9,9,296.5,8.02777777777778,564.472222222222
"background",10,10,262.833333333333,122.444444444444,460.111111111111
"background",11,11,314.25,89.3611111111111,633
"background",12,12,346.694444444444,0.472222222222222,230.777777777778
"background",13,13,321.166666666667,6.61111111111111,617.666666666667
"background",14,14,322.305555555556,105.444444444444,422.305555555556
"background",15,15,331.916666666667,12.1388888888889,396.5
"background",16,16,336.527777777778,26.9722222222222,477.027777777778
"background",17,17,324.611111111111,109.361111111111,349.944444444444
"background",18,18,339.916666666667,28.3333333333333,468.722222222222
"background",19,19,336.722222222222,26.2222222222222,552.888888888889
"background",20,20,315,134.972222222222,435.5
"background",21,21,334.611111111111,4.97222222222222,369.444444444444
"background",22,22,340.527777777778,7.27777777777778,118.305555555556
"background",23,23,273.888888888889,61.8055555555556,487.805555555556
"background",24,24,327.916666666667,41.7777777777778,198.222222222222
"background",25,25,343.388888888889,4.55555555555556,487.583333333333
"background",26,26,309.388888888889,23.2222222222222,174.277777777778
"background",27,27,304.638888888889,2.52777777777778,484.138888888889
"background",28,28,336.361111111111,43.3333333333333,458.5
"background",29,29,282.361111111111,54.5,580.083333333333
"background",30,30,317.027777777778,2,142.583333333333
"background",31,31,318.888888888889,2.61111111111111,194.222222222222
"background",32,32,351.111111111111,1.94444444444444,460.222222222222
"background",33,33,315.194444444444,26.3611111111111,553.166666666667
"background",34,34,343.388888888889,0.527777777777778,182.861111111111
"background",35,35,326.333333333333,58.25,233.166666666667
"background",36,36,328.277777777778,10.8333333333333,118.805555555556
"background",37,37,283.666666666667,87.5151515151515,294.090909090909
"background",38,38,307,6.52777777777778,467.361111111111
"background",39,39,322.611111111111,60.6944444444444,284.166666666667
"background",40,40,317.638888888889,33.9166666666667,155.277777777778
"background",41,41,327.444444444444,79.1388888888889,261.527777777778
"background",42,42,324.972222222222,28.4444444444444,446.5
"background",43,43,333.833333333333,7.72222222222222,251.472222222222
"background",44,44,335.333333333333,26.8333333333333,112.861111111111
"background",45,45,314.444444444444,2.61111111111111,89.9444444444444
"background",46,46,339.416666666667,2.52777777777778,440.861111111111
"background",47,47,311.416666666667,162.166666666667,591.25
"background",48,48,325.833333333333,43.0833333333333,197.583333333333
"background",49,49,347.888888888889,8.86111111111111,564.083333333333
"background",50,50,320.555555555556,27.25,121.722222222222
"background",51,51,315.527777777778,5.94444444444444,617.027777777778
"background",52,52,322.888888888889,62.4722222222222,393.277777777778
"background",53,53,310.25,2.83333333333333,90.8055555555556
"background",54,54,313.666666666667,22.5833333333333,563.555555555556
"background",55,55,304.666666666667,13.2777777777778,642.222222222222
"background",56,56,313.277777777778,132.416666666667,643.944444444444
"background",57,57,265.833333333333,93.0833333333333,505.166666666667
"background",58,58,286.111111111111,9.52777777777778,590.055555555556
"background",59,59,326.972222222222,85.25,286.5
"background",60,60,309.833333333333,211.25,650.777777777778
"background",61,61,319.138888888889,161.388888888889,535.944444444444
"background",62,62,287.777777777778,101.666666666667,417.666666666667
"background",63,63,301.257142857143,66.0285714285714,276.342857142857
"background",64,64,331.944444444444,8.55555555555556,334.805555555556
"background",65,65,288.666666666667,13.1111111111111,147.527777777778
"background",66,66,322.583333333333,142.527777777778,462.527777777778
"background",67,67,322.194444444444,0.972222222222222,262.861111111111
"background",68,68,335.027777777778,9.94444444444444,464.444444444444
"background",69,69,312.448275862069,8,246.965517241379
"background",70,70,305.25,35.1666666666667,292.361111111111
"background",71,71,317.222222222222,30.3055555555556,481.5
"background",72,72,272,83.1944444444444,486.666666666667
"background",73,73,326.055555555556,22.6666666666667,101.694444444444
"background",74,74,312.916666666667,64.7222222222222,483.972222222222
"background",75,75,317.027777777778,0.638888888888889,214.527777777778
"background",76,76,327.694444444444,80.2222222222222,290.333333333333
"background",77,77,333.666666666667,4.36111111111111,45.1944444444444
"background",78,78,317.805555555556,8.22222222222222,354.944444444444
"background",79,79,254.833333333333,117.944444444444,462.166666666667
"background",80,80,332.972222222222,48.7222222222222,323.888888888889
"background",81,81,325.088235294118,2.5,85.2058823529412
"background",82,82,325.194444444444,25.6666666666667,497.111111111111
"background",83,83,305.305555555556,212.194444444444,710.5
"background",84,84,284.583333333333,19.8055555555556,622.388888888889
"background",85,85,323.583333333333,50.8888888888889,250.305555555556
"background",86,86,337.527777777778,0.0277777777777778,275.944444444444
"background",87,87,349.888888888889,5.61111111111111,283.333333333333
"background",88,88,308.361111111111,24.6111111111111,379.111111111111
"background",89,89,332.5,69.6388888888889,240.666666666667
"background",90,90,333.027777777778,4.97222222222222,453.972222222222
"background",91,91,325.694444444444,75.3611111111111,347.611111111111
"background",92,92,349.777777777778,5.13888888888889,549.166666666667
"background",93,93,339.916666666667,1,108.638888888889
"background",94,94,342.527777777778,9.61111111111111,536.861111111111
"background",95,95,340.666666666667,8.36111111111111,90.5
"background",96,96,295.5,7.22222222222222,382.527777777778
"background",97,97,342.611111111111,22.6111111111111,534.138888888889
"background",98,98,290.138888888889,6.33333333333333,231.5
"background",99,99,324.694444444444,40.9444444444444,174.527777777778
"background",100,100,321.916666666667,72.6111111111111,618.083333333333
"background",101,101,319.833333333333,66.4444444444444,284.444444444444
"background",102,102,320.888888888889,80.9166666666667,591.25
"background",103,103,330.527777777778,45.75,193.388888888889
"background",104,104,320.194444444444,43.5555555555556,232.416666666667
"background",105,105,325.444444444444,49.75,221.111111111111
"background",106,106,330.055555555556,47.3888888888889,167.888888888889
"background",107,107,345.416666666667,2.77777777777778,461.222222222222
"background",108,108,330.916666666667,23.4444444444444,124.444444444444
"background",109,109,328.75,14.3888888888889,434.944444444444
"background",110,110,312.638888888889,34.5833333333333,351.277777777778
"background",111,111,296.333333333333,7.47222222222222,628.027777777778
"background",112,112,322.444444444444,66.5833333333333,285.833333333333
"background",113,113,336.027777777778,14.5,67.6666666666667
"background",114,114,320.027777777778,36.5,584.194444444444
"background",115,115,307.416666666667,25.3055555555556,514.138888888889
"background",116,116,343.472222222222,0.583333333333333,152.277777777778
"background",117,117,346.611111111111,3.44444444444444,476
"background",118,118,328.777777777778,45.2777777777778,348.972222222222
"background",119,119,329.638888888889,19.7222222222222,142.222222222222
"background",120,120,323,19.5833333333333,283.611111111111
"background",121,121,334.444444444444,37.2777777777778,400.583333333333
"background",122,122,304.416666666667,4.91666666666667,339.416666666667
"background",123,123,321.083333333333,7.97222222222222,267.666666666667
"background",124,124,293.833333333333,18.7777777777778,631.305555555556
"background",125,125,317.916666666667,52.1111111111111,566.722222222222
"background",126,126,306.444444444444,34.5277777777778,197.138888888889
"background",127,127,344.416666666667,1.5,175.861111111111
"background",128,128,345.305555555556,2.27777777777778,438.222222222222
"background",129,129,319.694444444444,42.4722222222222,517.083333333333
"background",130,130,323,47.7777777777778,218.611111111111
"background",131,131,319.424242424242,11.6969696969697,56.5454545454545
"background",132,132,278.555555555556,78.3333333333333,370.916666666667
"background",133,133,319.638888888889,23.3888888888889,655.805555555556
"background",134,134,311.361111111111,27.2222222222222,502.111111111111
"background",135,135,348.527777777778,5,360.972222222222
"background",136,136,356.194444444444,3.80555555555556,627.972222222222
"background",137,137,338.333333333333,30.3888888888889,347.527777777778
"background",138,138,342.666666666667,3.22222222222222,107.888888888889
"background",139,139,330.5,1.52777777777778,89.0833333333333
"background",140,140,331.333333333333,6.16666666666667,238.583333333333
"background",141,141,325.805555555556,2.80555555555556,159.611111111111
"background",142,142,313.666666666667,102.472222222222,366.944444444444
"background",143,143,323.305555555556,120.944444444444,406.638888888889
"background",144,144,339.666666666667,8.47222222222222,267.888888888889
"background",145,145,297.583333333333,105.222222222222,560.111111111111
"background",146,146,347.361111111111,18.5277777777778,488.777777777778
"background",147,147,354.361111111111,6.58333333333333,608.444444444444
"background",148,148,308.277777777778,13.9722222222222,621.194444444444
