"species","x","y","bio5","bio14","bio18"
"background",1,1,286.111111111111,9.52777777777778,590.055555555556
"background",2,2,316.444444444444,183.638888888889,655.861111111111
"background",3,3,300.972222222222,5.97222222222222,189.138888888889
"background",4,4,328.777777777778,45.2777777777778,348.972222222222
"background",5,5,317.333333333333,31.5833333333333,472.416666666667
"background",6,6,318.694444444444,34.8055555555556,264.777777777778
"background",7,7,316.305555555556,26.5833333333333,489.166666666667
"background",8,8,326.972222222222,85.25,286.5
"background",9,9,318.305555555556,5.41666666666667,218.805555555556
"background",10,10,314.444444444444,96.7222222222222,623.916666666667
"background",11,11,306.194444444444,126.472222222222,453.972222222222
"background",12,12,351.138888888889,3.5,466.027777777778
"background",13,13,320.888888888889,80.9166666666667,591.25
"background",14,14,315.944444444444,56.9166666666667,628.583333333333
"background",15,15,303.5,11,664.527777777778
"background",16,16,317.638888888889,59.8888888888889,523.444444444444
