"species","x","y","bio5","bio14","bio18"
"species",1,1,300.730769230769,41.2307692307692,343.346153846154
"species",2,2,287.666666666667,34.25,497.083333333333
"species",3,3,282.805555555556,36.4444444444444,526.666666666667
"species",4,4,287.222222222222,78.8611111111111,379.25
"species",5,5,265.194444444444,23.0277777777778,718.166666666667
"species",6,6,292.277777777778,24.6388888888889,452.944444444444
"species",7,7,278.555555555556,78.3333333333333,370.916666666667
"species",8,8,288.416666666667,26.7222222222222,611.416666666667
"species",9,9,280.638888888889,23.4444444444444,601.305555555556
"species",10,10,311.928571428571,49.75,241.071428571429
"species",11,11,292.888888888889,64.3888888888889,306.111111111111
"species",12,12,289.333333333333,16.1111111111111,314.472222222222
"species",13,13,264.151515151515,53.6969696969697,733.757575757576
"species",14,14,284.583333333333,19.8055555555556,622.388888888889
"species",15,15,310.916666666667,18.0833333333333,534.222222222222
"species",16,16,272,83.1944444444444,486.666666666667
