"species","x","y","bio5","bio14","bio18"
"background",1,1,319.694444444444,42.4722222222222,517.083333333333
"background",2,2,325.555555555556,110.444444444444,380.805555555556
"background",3,3,329.666666666667,89.0277777777778,278.527777777778
"background",4,4,318,13.6388888888889,399.611111111111
"background",5,5,313.361111111111,26.7777777777778,512.222222222222
"background",6,6,343.888888888889,8.69444444444444,469.444444444444
"background",7,7,340.055555555556,13.4166666666667,340.722222222222
"background",8,8,313.666666666667,28.1111111111111,437.055555555556
"background",9,9,292.888888888889,8.77777777777778,407.027777777778
"background",10,10,303.444444444444,11,219.388888888889
"background",11,11,324.972222222222,28.4444444444444,446.5
"background",12,12,260.388888888889,100.111111111111,492.861111111111
"background",13,13,272,117.083333333333,455.222222222222
"background",14,14,340.888888888889,3.22222222222222,397.833333333333
"background",15,15,317.75,11.1666666666667,415.722222222222
"background",16,16,318.583333333333,19.4722222222222,214.583333333333
"background",17,17,346.111111111111,3.38888888888889,216.111111111111
"background",18,18,335.583333333333,4.08333333333333,233.388888888889
"background",19,19,286.944444444444,30.6111111111111,279.416666666667
"background",20,20,322.194444444444,0.972222222222222,262.861111111111
"background",21,21,333.611111111111,3.16666666666667,430.333333333333
"background",22,22,308.277777777778,13.9722222222222,621.194444444444
"background",23,23,316.805555555556,9.80555555555556,691.972222222222
"background",24,24,328.583333333333,33.6388888888889,130.138888888889
"background",25,25,290.833333333333,12.9444444444444,300.638888888889
