"species","x","y","bio5","bio14","bio18"
"background",1,1,304.083333333333,13.5833333333333,493.027777777778
"background",2,2,349.777777777778,5.13888888888889,549.166666666667
"background",3,3,344.111111111111,2.47222222222222,173.5
"background",4,4,323,47.7777777777778,218.611111111111
"background",5,5,283.972222222222,20.4166666666667,643.305555555556
"background",6,6,326.888888888889,52.9722222222222,537.777777777778
"background",7,7,325.194444444444,25.6666666666667,497.111111111111
"background",8,8,308.388888888889,217.527777777778,738.444444444444
"background",9,9,323.611111111111,118.388888888889,383.777777777778
"background",10,10,333.333333333333,24.8888888888889,371.694444444444
"background",11,11,300.555555555556,4.27777777777778,253.25
"background",12,12,293.861111111111,5,449.388888888889
"background",13,13,317.861111111111,13.8611111111111,194.888888888889
"background",14,14,282.305555555556,17.9444444444444,651.555555555556
"background",15,15,338.833333333333,12.1388888888889,110.833333333333
"background",16,16,320.416666666667,30.8333333333333,586.638888888889
"background",17,17,321.5,17.2777777777778,318.111111111111
"background",18,18,308.277777777778,13.9722222222222,621.194444444444
"background",19,19,339.916666666667,1,108.638888888889
"background",20,20,314.388888888889,34.0277777777778,167.222222222222
"background",21,21,314.416666666667,109.111111111111,400.777777777778
"background",22,22,335.75,1.47222222222222,398.416666666667
"background",23,23,349.388888888889,1.11111111111111,439.722222222222
"background",24,24,303.194444444444,122.722222222222,441.5
"background",25,25,320.5,42.3333333333333,468.055555555556
