"species","x","y","bio5","bio14","bio18"
"background",1,1,314.305555555556,12.5833333333333,147.027777777778
"background",2,2,333.611111111111,3.16666666666667,430.333333333333
"background",3,3,314.444444444444,96.7222222222222,623.916666666667
"background",4,4,317,1.44444444444444,197.75
"background",5,5,314.444444444444,2.61111111111111,89.9444444444444
"background",6,6,326.25,104.583333333333,374.777777777778
"background",7,7,351.472222222222,6.63888888888889,110.138888888889
"background",8,8,336.583333333333,6.05555555555556,256.916666666667
"background",9,9,325.833333333333,43.0833333333333,197.583333333333
"background",10,10,323,47.7777777777778,218.611111111111
"background",11,11,315.083333333333,78.5,601.5
"background",12,12,329.777777777778,43.75,369.222222222222
"background",13,13,324.388888888889,89.7777777777778,356.972222222222
"background",14,14,331.277777777778,14.5833333333333,313.388888888889
"background",15,15,300.75,35.1111111111111,543.111111111111
"background",16,16,328.416666666667,22.2777777777778,340.388888888889
"background",17,17,323.638888888889,44.25,179.222222222222
"background",18,18,332.527777777778,54.9166666666667,204.972222222222
"background",19,19,308.305555555556,15.0277777777778,436.833333333333
"background",20,20,290.666666666667,41.9722222222222,506.472222222222
"background",21,21,319.861111111111,99,558.833333333333
"background",22,22,327.527777777778,71.1111111111111,308.027777777778
"background",23,23,316.194444444444,36.3055555555556,493.388888888889
"background",24,24,305.555555555556,7.75,585.5
"background",25,25,317.805555555556,8.22222222222222,354.944444444444
