"species","x","y","bio5","bio14","bio18"
"background",1,1,314.305555555556,12.5833333333333,147.027777777778
"background",2,2,275,13.9444444444444,633.583333333333
"background",3,3,338.333333333333,30.3888888888889,347.527777777778
"background",4,4,326.333333333333,64.75,266.5
"background",5,5,332.972222222222,48.7222222222222,323.888888888889
"background",6,6,305.305555555556,212.194444444444,710.5
"background",7,7,343.472222222222,0.583333333333333,152.277777777778
"background",8,8,323.527777777778,64.1944444444444,579.027777777778
"background",9,9,346.694444444444,0.472222222222222,230.777777777778
"background",10,10,327.222222222222,96.4722222222222,327.083333333333
"background",11,11,327.5,29.7777777777778,163.833333333333
"background",12,12,314.666666666667,23.7777777777778,456.5
"background",13,13,317.805555555556,8.22222222222222,354.944444444444
"background",14,14,342.916666666667,6.13888888888889,191.611111111111
"background",15,15,310.444444444444,5.33333333333333,220.472222222222
"background",16,16,281.861111111111,81.5833333333333,523.333333333333
"background",17,17,319.138888888889,161.388888888889,535.944444444444
"background",18,18,315.833333333333,91.3055555555556,480.444444444444
"background",19,19,319.861111111111,36.25,142.027777777778
"background",20,20,326.111111111111,95.5,342.861111111111
"background",21,21,300.555555555556,4.27777777777778,253.25
"background",22,22,329.722222222222,75.8888888888889,240.222222222222
"background",23,23,307.388888888889,220.527777777778,795.277777777778
"background",24,24,322.305555555556,105.444444444444,422.305555555556
"background",25,25,356.583333333333,4.63888888888889,581.222222222222
"background",26,26,318.583333333333,19.4722222222222,214.583333333333
"background",27,27,330.333333333333,20.3333333333333,348.611111111111
"background",28,28,321.166666666667,6.61111111111111,617.666666666667
"background",29,29,342.416666666667,2.19444444444444,93.5555555555556
"background",30,30,303.5,11,664.527777777778
"background",31,31,327.694444444444,5.22222222222222,473.5
"background",32,32,321.111111111111,144.194444444444,471.611111111111
"background",33,33,305.25,2.11111111111111,258.694444444444
"background",34,34,324.722222222222,108.555555555556,392.5
"background",35,35,337.416666666667,3.58333333333333,229.25
"background",36,36,329.416666666667,9.58333333333333,262.916666666667
"background",37,37,324.75,37.1111111111111,150.333333333333
"background",38,38,324.138888888889,2.19444444444444,177.388888888889
"background",39,39,348.277777777778,2.5,472.027777777778
"background",40,40,309.527777777778,174.861111111111,586.916666666667
"background",41,41,330.527777777778,45.75,193.388888888889
"background",42,42,333.611111111111,3.16666666666667,430.333333333333
"background",43,43,347.194444444444,4.25,114.583333333333
"background",44,44,298.972222222222,26.75,242.361111111111
"background",45,45,342.361111111111,16.0277777777778,553.25
"background",46,46,320.194444444444,43.5555555555556,232.416666666667
"background",47,47,303.722222222222,21.3888888888889,570
"background",48,48,304.666666666667,13.2777777777778,642.222222222222
"background",49,49,309.833333333333,211.25,650.777777777778
"background",50,50,324.583333333333,28.1388888888889,456.638888888889
