"species","x","y","bio5","bio14","bio18"
"background",1,1,330.5,1.52777777777778,89.0833333333333
"background",2,2,305.555555555556,7.75,585.5
"background",3,3,317.944444444444,105.305555555556,585.444444444444
"background",4,4,320.555555555556,27.25,121.722222222222
"background",5,5,300.75,35.1111111111111,543.111111111111
"background",6,6,332.277777777778,15.5555555555556,575.638888888889
"background",7,7,336.722222222222,26.2222222222222,552.888888888889
"background",8,8,317.527777777778,41.6111111111111,615.222222222222
"background",9,9,312.583333333333,79.6944444444444,384.75
"background",10,10,319.638888888889,23.3888888888889,655.805555555556
"background",11,11,298.972222222222,26.75,242.361111111111
"background",12,12,336.583333333333,6.05555555555556,256.916666666667
"background",13,13,351.472222222222,6.63888888888889,110.138888888889
"background",14,14,315.527777777778,5.94444444444444,617.027777777778
"background",15,15,337.416666666667,3.58333333333333,229.25
"background",16,16,292.888888888889,8.77777777777778,407.027777777778
"background",17,17,356.5,4.55555555555556,548.194444444444
"background",18,18,344.416666666667,1.5,175.861111111111
"background",19,19,347.888888888889,8.86111111111111,564.083333333333
"background",20,20,334.888888888889,16.3611111111111,304.25
"background",21,21,281.861111111111,81.5833333333333,523.333333333333
"background",22,22,343.083333333333,0,170.027777777778
"background",23,23,334,17.6666666666667,328.944444444444
"background",24,24,315.25,103.555555555556,575.138888888889
"background",25,25,318.583333333333,19.4722222222222,214.583333333333
