"species","x","y","bio5","bio14","bio18"
"background",1,1,350.527777777778,2.5,289.75
"background",2,2,326.083333333333,55.2222222222222,247.305555555556
"background",3,3,320.027777777778,36.5,584.194444444444
"background",4,4,343.388888888889,4.55555555555556,487.583333333333
"background",5,5,327.342857142857,18.6571428571429,104.828571428571
"background",6,6,349.777777777778,5.13888888888889,549.166666666667
"background",7,7,273.388888888889,20.0277777777778,241.75
"background",8,8,260.666666666667,24.5833333333333,718.055555555556
"background",9,9,291.361111111111,57.7222222222222,493.916666666667
"background",10,10,306.75,21.4722222222222,412.277777777778
"background",11,11,277.944444444444,11.4722222222222,732.222222222222
"background",12,12,323.305555555556,120.944444444444,406.638888888889
"background",13,13,332.277777777778,15.5555555555556,575.638888888889
"background",14,14,339.833333333333,31.4444444444444,507.388888888889
"background",15,15,326.333333333333,64.75,266.5
"background",16,16,330.916666666667,23.4444444444444,124.444444444444
"background",17,17,315.888888888889,70.5833333333333,621.388888888889
"background",18,18,328.416666666667,207.305555555556,706.388888888889
"background",19,19,312.972222222222,19.5277777777778,527.083333333333
"background",20,20,298,8.63888888888889,387.805555555556
"background",21,21,313.277777777778,132.416666666667,643.944444444444
"background",22,22,312.694444444444,13.5833333333333,436.138888888889
"background",23,23,328.638888888889,86.8055555555556,321.25
"background",24,24,313.666666666667,33.4722222222222,490
"background",25,25,329.416666666667,9.58333333333333,262.916666666667
"background",26,26,320.027777777778,7.38888888888889,374.5
"background",27,27,304.055555555556,13.0555555555556,396.277777777778
"background",28,28,326.611111111111,46.0277777777778,230.638888888889
"background",29,29,315.833333333333,91.3055555555556,480.444444444444
"background",30,30,325.777777777778,109.416666666667,397.944444444444
"background",31,31,272,117.083333333333,455.222222222222
"background",32,32,330.222222222222,26.1111111111111,309.083333333333
"background",33,33,334.611111111111,4.97222222222222,369.444444444444
"background",34,34,324.694444444444,40.9444444444444,174.527777777778
"background",35,35,301.257142857143,66.0285714285714,276.342857142857
"background",36,36,291.222222222222,16.8888888888889,494.055555555556
"background",37,37,326.055555555556,22.6666666666667,101.694444444444
"background",38,38,308.388888888889,217.527777777778,738.444444444444
"background",39,39,328.916666666667,16.5,129.472222222222
"background",40,40,320.888888888889,80.9166666666667,591.25
"background",41,41,325.861111111111,22.8055555555556,107.472222222222
"background",42,42,328.25,74.75,263.222222222222
"background",43,43,329.527777777778,0.0833333333333333,240.805555555556
"background",44,44,325.694444444444,75.3611111111111,347.611111111111
"background",45,45,326.333333333333,58.25,233.166666666667
"background",46,46,324.75,44.7777777777778,200.972222222222
"background",47,47,327.583333333333,67.2777777777778,283.333333333333
"background",48,48,318.444444444444,0.694444444444444,191.305555555556
"background",49,49,349.861111111111,12.8333333333333,351.583333333333
"background",50,50,343.222222222222,5.05555555555556,144.25
"background",51,51,270.444444444444,78.5,473.694444444444
"background",52,52,282.722222222222,132.888888888889,558.611111111111
"background",53,53,327.916666666667,41.7777777777778,198.222222222222
"background",54,54,319.916666666667,54,545.722222222222
"background",55,55,329.694444444444,51.3055555555556,201.833333333333
"background",56,56,322.888888888889,62.4722222222222,393.277777777778
"background",57,57,318.166666666667,97.6388888888889,650.055555555556
"background",58,58,254.833333333333,117.944444444444,462.166666666667
"background",59,59,278.805555555556,14.0277777777778,576.722222222222
"background",60,60,332.527777777778,54.9166666666667,204.972222222222
"background",61,61,329.583333333333,26.5,162.444444444444
"background",62,62,303.5,11,664.527777777778
"background",63,63,331.416666666667,56.9722222222222,373.277777777778
"background",64,64,333.333333333333,24.8888888888889,371.694444444444
"background",65,65,348.194444444444,1.61111111111111,409.916666666667
"background",66,66,349.972222222222,9.22222222222222,81.9722222222222
"background",67,67,304.333333333333,5.41666666666667,567.194444444444
"background",68,68,326.111111111111,95.5,342.861111111111
"background",69,69,334,17.6666666666667,328.944444444444
"background",70,70,333.083333333333,11.8888888888889,488.916666666667
"background",71,71,309.5,185.194444444444,657.333333333333
"background",72,72,320.5,86.3333333333333,396.25
"background",73,73,276.666666666667,12.8611111111111,693.5
"background",74,74,342.666666666667,3.22222222222222,107.888888888889
"background",75,75,344.055555555556,17.4166666666667,383.75
"background",76,76,322.694444444444,78.5,479.944444444444
"background",77,77,328.111111111111,41.0277777777778,179.305555555556
"background",78,78,306.611111111111,181.361111111111,843.861111111111
"background",79,79,346.111111111111,3.38888888888889,216.111111111111
"background",80,80,327.055555555556,54.0277777777778,203.027777777778
"background",81,81,314.583333333333,27.5,134.638888888889
"background",82,82,325.194444444444,25.6666666666667,497.111111111111
"background",83,83,356.583333333333,4.63888888888889,581.222222222222
"background",84,84,335.027777777778,9.94444444444444,464.444444444444
"background",85,85,309.527777777778,174.861111111111,586.916666666667
"background",86,86,320.861111111111,5.83333333333333,113.972222222222
"background",87,87,305.305555555556,212.194444444444,710.5
"background",88,88,272,83.1944444444444,486.666666666667
"background",89,89,312.583333333333,79.6944444444444,384.75
"background",90,90,287.777777777778,101.666666666667,417.666666666667
"background",91,91,305.638888888889,104.027777777778,356.333333333333
"background",92,92,317.5,62.8611111111111,571.555555555556
"background",93,93,328.75,14.3888888888889,434.944444444444
"background",94,94,329.777777777778,43.75,369.222222222222
"background",95,95,324.972222222222,28.4444444444444,446.5
"background",96,96,314.416666666667,109.111111111111,400.777777777778
"background",97,97,327.027777777778,79.1944444444444,267.111111111111
"background",98,98,332.416666666667,5.05555555555556,227.222222222222
"background",99,99,313.333333333333,62.4444444444444,489.555555555556
"background",100,100,322.611111111111,60.6944444444444,284.166666666667
"background",101,101,326.777777777778,93.6111111111111,376
"background",102,102,332.416666666667,6.97222222222222,325.027777777778
"background",103,103,318,13.6388888888889,399.611111111111
"background",104,104,341.805555555556,0,252.722222222222
"background",105,105,331.944444444444,30,133.555555555556
"background",106,106,274.75,74.0555555555556,467.888888888889
"background",107,107,320.555555555556,27.25,121.722222222222
"background",108,108,341.444444444444,4.05555555555556,369.861111111111
"background",109,109,293.638888888889,33.3888888888889,616.888888888889
"background",110,110,328.583333333333,33.6388888888889,130.138888888889
"background",111,111,323.611111111111,118.388888888889,383.777777777778
"background",112,112,316.194444444444,36.3055555555556,493.388888888889
"background",113,113,318.138888888889,24.6388888888889,653
"background",114,114,344.444444444444,1.75,484.472222222222
"background",115,115,344.027777777778,2.41666666666667,163.638888888889
"background",116,116,320.305555555556,53.9444444444444,245.611111111111
"background",117,117,336.361111111111,43.3333333333333,458.5
"background",118,118,329.027777777778,6.22222222222222,418.166666666667
"background",119,119,323,47.7777777777778,218.611111111111
"background",120,120,304.972222222222,73.8055555555556,288.111111111111
"background",121,121,333.388888888889,21.0277777777778,396.25
"background",122,122,325.805555555556,2.80555555555556,159.611111111111
"background",123,123,347.305555555556,12.75,345.222222222222
"background",124,124,265.833333333333,93.0833333333333,505.166666666667
"background",125,125,356.5,4.55555555555556,548.194444444444
"background",126,126,305.25,35.1666666666667,292.361111111111
"background",127,127,317.972222222222,54.9722222222222,583.25
"background",128,128,306.583333333333,19.4444444444444,353.444444444444
"background",129,129,317.638888888889,59.8888888888889,523.444444444444
"background",130,130,318.583333333333,19.4722222222222,214.583333333333
"background",131,131,314.25,89.3611111111111,633
"background",132,132,322.111111111111,8.83333333333333,397.75
"background",133,133,297.611111111111,21.9722222222222,258.25
"background",134,134,328.833333333333,5.11111111111111,445.222222222222
"background",135,135,323.25,65.5833333333333,571.972222222222
"background",136,136,335.333333333333,26.8333333333333,112.861111111111
"background",137,137,330.527777777778,45.75,193.388888888889
"background",138,138,340.666666666667,53.9166666666667,194.277777777778
"background",139,139,286.944444444444,30.6111111111111,279.416666666667
"background",140,140,326.416666666667,78.5,333.333333333333
"background",141,141,336.75,2.44444444444444,158.083333333333
"background",142,142,339.916666666667,28.3333333333333,468.722222222222
"background",143,143,336.888888888889,13.3611111111111,57.5
"background",144,144,318.305555555556,5.41666666666667,218.805555555556
"background",145,145,349.388888888889,1.11111111111111,439.722222222222
"background",146,146,312.722222222222,6.30555555555556,446.972222222222
"background",147,147,339.222222222222,0.722222222222222,143.305555555556
"background",148,148,340.666666666667,8.36111111111111,90.5
