"species","x","y","bio5","bio14","bio18"
"species",1,1,310.916666666667,18.0833333333333,534.222222222222
"species",2,2,291.222222222222,16.8888888888889,494.055555555556
"species",3,3,293.638888888889,33.3888888888889,616.888888888889
"species",4,4,300.730769230769,41.2307692307692,343.346153846154
"species",5,5,300.730769230769,41.2307692307692,343.346153846154
"species",6,6,310.916666666667,18.0833333333333,534.222222222222
"species",7,7,278.555555555556,78.3333333333333,370.916666666667
"species",8,8,264.151515151515,53.6969696969697,733.757575757576
"species",9,9,257.305555555556,53.8055555555556,716.944444444444
"species",10,10,264.151515151515,53.6969696969697,733.757575757576
"species",11,11,287.666666666667,34.25,497.083333333333
"species",12,12,335.722222222222,24.9444444444444,491.916666666667
"species",13,13,292.172413793103,66.0689655172414,730.827586206897
"species",14,14,300.730769230769,41.2307692307692,343.346153846154
"species",15,15,312.638888888889,31.9166666666667,380.583333333333
"species",16,16,257.305555555556,53.8055555555556,716.944444444444
"species",17,17,312.638888888889,31.9166666666667,380.583333333333
"species",18,18,306.515151515152,61.9090909090909,290.878787878788
"species",19,19,282.361111111111,54.5,580.083333333333
"species",20,20,312.638888888889,31.9166666666667,380.583333333333
"species",21,21,257.305555555556,53.8055555555556,716.944444444444
"species",22,22,313.333333333333,62.4444444444444,489.555555555556
"species",23,23,287.666666666667,34.25,497.083333333333
"species",24,24,287.222222222222,78.8611111111111,379.25
"species",25,25,264.151515151515,53.6969696969697,733.757575757576
"species",26,26,257.305555555556,53.8055555555556,716.944444444444
"species",27,27,293.638888888889,33.3888888888889,616.888888888889
"species",28,28,257.305555555556,53.8055555555556,716.944444444444
"species",29,29,312.638888888889,31.9166666666667,380.583333333333
"species",30,30,293.638888888889,33.3888888888889,616.888888888889
"species",31,31,308.361111111111,24.6111111111111,379.111111111111
"species",32,32,300.730769230769,41.2307692307692,343.346153846154
"species",33,33,257.305555555556,53.8055555555556,716.944444444444
"species",34,34,300.730769230769,41.2307692307692,343.346153846154
"species",35,35,287.666666666667,34.25,497.083333333333
"species",36,36,265.194444444444,23.0277777777778,718.166666666667
"species",37,37,274.583333333333,81.2916666666667,570.375
"species",38,38,292.277777777778,24.6388888888889,452.944444444444
"species",39,39,312.638888888889,31.9166666666667,380.583333333333
"species",40,40,265.194444444444,23.0277777777778,718.166666666667
"species",41,41,312.638888888889,31.9166666666667,380.583333333333
"species",42,42,300.730769230769,41.2307692307692,343.346153846154
"species",43,43,312.638888888889,31.9166666666667,380.583333333333
"species",44,44,293.638888888889,33.3888888888889,616.888888888889
"species",45,45,291.222222222222,16.8888888888889,494.055555555556
"species",46,46,257.305555555556,53.8055555555556,716.944444444444
"species",47,47,292.277777777778,24.6388888888889,452.944444444444
"species",48,48,292.172413793103,66.0689655172414,730.827586206897
"species",49,49,282.361111111111,54.5,580.083333333333
"species",50,50,313.333333333333,62.4444444444444,489.555555555556
"species",51,51,287.666666666667,34.25,497.083333333333
"species",52,52,291.222222222222,16.8888888888889,494.055555555556
"species",53,53,291.222222222222,16.8888888888889,494.055555555556
"species",54,54,312.638888888889,31.9166666666667,380.583333333333
"species",55,55,312.638888888889,31.9166666666667,380.583333333333
"species",56,56,300.730769230769,41.2307692307692,343.346153846154
"species",57,57,289.333333333333,16.1111111111111,314.472222222222
"species",58,58,265.194444444444,23.0277777777778,718.166666666667
"species",59,59,292.277777777778,24.6388888888889,452.944444444444
"species",60,60,291.222222222222,16.8888888888889,494.055555555556
"species",61,61,265.194444444444,23.0277777777778,718.166666666667
"species",62,62,282.361111111111,54.5,580.083333333333
"species",63,63,300.730769230769,41.2307692307692,343.346153846154
"species",64,64,300.730769230769,41.2307692307692,343.346153846154
"species",65,65,312.638888888889,34.5833333333333,351.277777777778
"species",66,66,287.666666666667,34.25,497.083333333333
"species",67,67,312.638888888889,31.9166666666667,380.583333333333
"species",68,68,300.730769230769,41.2307692307692,343.346153846154
"species",69,69,257.305555555556,53.8055555555556,716.944444444444
"species",70,70,292.277777777778,24.6388888888889,452.944444444444
"species",71,71,300.730769230769,41.2307692307692,343.346153846154
"species",72,72,312.638888888889,31.9166666666667,380.583333333333
"species",73,73,292.172413793103,66.0689655172414,730.827586206897
"species",74,74,292.172413793103,66.0689655172414,730.827586206897
"species",75,75,265.194444444444,23.0277777777778,718.166666666667
"species",76,76,264.151515151515,53.6969696969697,733.757575757576
"species",77,77,257.305555555556,53.8055555555556,716.944444444444
"species",78,78,265.194444444444,23.0277777777778,718.166666666667
"species",79,79,312.638888888889,31.9166666666667,380.583333333333
"species",80,80,300.730769230769,41.2307692307692,343.346153846154
"species",81,81,260.666666666667,24.5833333333333,718.055555555556
"species",82,82,312.638888888889,31.9166666666667,380.583333333333
"species",83,83,292.277777777778,24.6388888888889,452.944444444444
"species",84,84,312.638888888889,31.9166666666667,380.583333333333
"species",85,85,293.638888888889,33.3888888888889,616.888888888889
"species",86,86,312.638888888889,31.9166666666667,380.583333333333
"species",87,87,276.666666666667,12.8611111111111,693.5
"species",88,88,278.555555555556,78.3333333333333,370.916666666667
"species",89,89,301.888888888889,62.1388888888889,304.611111111111
"species",90,90,264.151515151515,53.6969696969697,733.757575757576
"species",91,91,287.666666666667,34.25,497.083333333333
"species",92,92,312.638888888889,31.9166666666667,380.583333333333
"species",93,93,264.151515151515,53.6969696969697,733.757575757576
"species",94,94,300.730769230769,41.2307692307692,343.346153846154
"species",95,95,312.638888888889,31.9166666666667,380.583333333333
"species",96,96,288.416666666667,26.7222222222222,611.416666666667
"species",97,97,287.666666666667,34.25,497.083333333333
"species",98,98,257.305555555556,53.8055555555556,716.944444444444
"species",99,99,312.638888888889,31.9166666666667,380.583333333333
"species",100,100,308.361111111111,24.6111111111111,379.111111111111
"species",101,101,292.888888888889,64.3888888888889,306.111111111111
"species",102,102,278.805555555556,14.0277777777778,576.722222222222
"species",103,103,291.222222222222,16.8888888888889,494.055555555556
"species",104,104,293.638888888889,33.3888888888889,616.888888888889
"species",105,105,282.361111111111,54.5,580.083333333333
"species",106,106,287.666666666667,34.25,497.083333333333
"species",107,107,312.638888888889,31.9166666666667,380.583333333333
"species",108,108,265.194444444444,23.0277777777778,718.166666666667
"species",109,109,284.583333333333,19.8055555555556,622.388888888889
"species",110,110,300.730769230769,41.2307692307692,343.346153846154
"species",111,111,312.638888888889,31.9166666666667,380.583333333333
"species",112,112,265.194444444444,23.0277777777778,718.166666666667
"species",113,113,310.916666666667,18.0833333333333,534.222222222222
"species",114,114,257.305555555556,53.8055555555556,716.944444444444
"species",115,115,292.888888888889,64.3888888888889,306.111111111111
"species",116,116,300.730769230769,41.2307692307692,343.346153846154
"species",117,117,292.277777777778,24.6388888888889,452.944444444444
"species",118,118,300.730769230769,41.2307692307692,343.346153846154
"species",119,119,278.805555555556,14.0277777777778,576.722222222222
"species",120,120,287.222222222222,78.8611111111111,379.25
"species",121,121,278.805555555556,14.0277777777778,576.722222222222
"species",122,122,276.666666666667,12.8611111111111,693.5
"species",123,123,287.666666666667,34.25,497.083333333333
"species",124,124,300.730769230769,41.2307692307692,343.346153846154
"species",125,125,292.277777777778,24.6388888888889,452.944444444444
"species",126,126,272,83.1944444444444,486.666666666667
"species",127,127,292.277777777778,24.6388888888889,452.944444444444
"species",128,128,257.305555555556,53.8055555555556,716.944444444444
"species",129,129,312.638888888889,31.9166666666667,380.583333333333
"species",130,130,265.194444444444,23.0277777777778,718.166666666667
"species",131,131,312.638888888889,34.5833333333333,351.277777777778
"species",132,132,312.638888888889,31.9166666666667,380.583333333333
"species",133,133,292.277777777778,24.6388888888889,452.944444444444
"species",134,134,292.172413793103,66.0689655172414,730.827586206897
"species",135,135,300.730769230769,41.2307692307692,343.346153846154
"species",136,136,312.638888888889,31.9166666666667,380.583333333333
"species",137,137,292.277777777778,24.6388888888889,452.944444444444
