"species","x","y","bio5","bio14","bio18","bio19"
"species",1,1,264.151515151515,53.6969696969697,733.757575757576,184.787878787879
"species",2,2,310.916666666667,18.0833333333333,534.222222222222,71.0277777777778
"species",3,3,260.666666666667,24.5833333333333,718.055555555556,104
"species",4,4,265.194444444444,23.0277777777778,718.166666666667,87.7222222222222
"species",5,5,292.172413793103,66.0689655172414,730.827586206897,222.103448275862
"species",6,6,282.361111111111,54.5,580.083333333333,215.527777777778
"species",7,7,278.805555555556,14.0277777777778,576.722222222222,53.9444444444444
"species",8,8,284.583333333333,19.8055555555556,622.388888888889,85.7777777777778
"species",9,9,278.555555555556,78.3333333333333,370.916666666667,370.666666666667
"species",10,10,293.638888888889,33.3888888888889,616.888888888889,114.833333333333
"species",11,11,289.333333333333,16.1111111111111,314.472222222222,65.3611111111111
"species",12,12,288.416666666667,26.7222222222222,611.416666666667,112.944444444444
"species",13,13,274.583333333333,81.2916666666667,570.375,268.458333333333
"species",14,14,308.361111111111,24.6111111111111,379.111111111111,90.3888888888889
"species",15,15,287.222222222222,78.8611111111111,379.25,333.388888888889
"species",16,16,286.111111111111,9.52777777777778,590.055555555556,45.3888888888889
"species",17,17,292.888888888889,64.3888888888889,306.111111111111,247.666666666667
"species",18,18,287.666666666667,34.25,497.083333333333,120.333333333333
"species",19,19,312.638888888889,34.5833333333333,351.277777777778,120.722222222222
"species",20,20,300.730769230769,41.2307692307692,343.346153846154,151.307692307692
"species",21,21,311.928571428571,49.75,241.071428571429,458.428571428571
"species",22,22,257.305555555556,53.8055555555556,716.944444444444,180.222222222222
"species",23,23,266.444444444444,38.5277777777778,568.166666666667,131.277777777778
"species",24,24,312.638888888889,31.9166666666667,380.583333333333,123.138888888889
