"species","x","y","bio5","bio14","bio18"
"background",1,1,338.333333333333,30.3888888888889,347.527777777778
"background",2,2,308.361111111111,24.6111111111111,379.111111111111
"background",3,3,312.916666666667,64.7222222222222,483.972222222222
"background",4,4,326.777777777778,93.6111111111111,376
"background",5,5,343.472222222222,0.583333333333333,152.277777777778
"background",6,6,326.972222222222,85.25,286.5
"background",7,7,330.055555555556,67.0277777777778,261.833333333333
"background",8,8,339.666666666667,8.47222222222222,267.888888888889
"background",9,9,349.388888888889,1.11111111111111,439.722222222222
"background",10,10,312.638888888889,31.9166666666667,380.583333333333
"background",11,11,329.75,15.3055555555556,465.694444444444
"background",12,12,312.583333333333,79.6944444444444,384.75
"background",13,13,333.111111111111,26.4722222222222,313.805555555556
"background",14,14,332.972222222222,48.7222222222222,323.888888888889
"background",15,15,326.583333333333,20.5555555555556,137.694444444444
"background",16,16,343.277777777778,8.08333333333333,75.9722222222222
"background",17,17,334.611111111111,4.97222222222222,369.444444444444
"background",18,18,288.666666666667,13.1111111111111,147.527777777778
"background",19,19,305.25,2.11111111111111,258.694444444444
"background",20,20,326.416666666667,78.5,333.333333333333
"background",21,21,304.666666666667,13.2777777777778,642.222222222222
"background",22,22,312.448275862069,8,246.965517241379
"background",23,23,325.444444444444,49.75,221.111111111111
"background",24,24,296.5,8.02777777777778,564.472222222222
"background",25,25,273.888888888889,61.8055555555556,487.805555555556
"background",26,26,331.333333333333,6.16666666666667,238.583333333333
"background",27,27,333.666666666667,4.36111111111111,45.1944444444444
"background",28,28,254.833333333333,117.944444444444,462.166666666667
"background",29,29,291.944444444444,78.9444444444444,451.972222222222
"background",30,30,328.416666666667,49.6111111111111,543.944444444444
"background",31,31,347.083333333333,3.05555555555556,414.111111111111
"background",32,32,340.666666666667,8.36111111111111,90.5
"background",33,33,325.805555555556,2.80555555555556,159.611111111111
"background",34,34,262.833333333333,122.444444444444,460.111111111111
"background",35,35,274.75,74.0555555555556,467.888888888889
"background",36,36,288.416666666667,26.7222222222222,611.416666666667
"background",37,37,319.638888888889,23.3888888888889,655.805555555556
"background",38,38,303.083333333333,4.97222222222222,356.277777777778
"background",39,39,330.527777777778,45.75,193.388888888889
"background",40,40,276.666666666667,12.8611111111111,693.5
"background",41,41,336.472222222222,22.4722222222222,365.527777777778
"background",42,42,327.694444444444,80.2222222222222,290.333333333333
"background",43,43,320.194444444444,43.5555555555556,232.416666666667
"background",44,44,332.555555555556,4.69444444444444,70.6111111111111
"background",45,45,351.111111111111,1.94444444444444,460.222222222222
"background",46,46,315.527777777778,5.94444444444444,617.027777777778
"background",47,47,342.527777777778,9.61111111111111,536.861111111111
"background",48,48,319.694444444444,42.4722222222222,517.083333333333
"background",49,49,313.666666666667,22.5833333333333,563.555555555556
"background",50,50,336.361111111111,43.3333333333333,458.5
"background",51,51,336.527777777778,26.9722222222222,477.027777777778
"background",52,52,304.972222222222,73.8055555555556,288.111111111111
"background",53,53,329.638888888889,19.7222222222222,142.222222222222
"background",54,54,331.166666666667,68.3333333333333,229.611111111111
"background",55,55,340.527777777778,7.27777777777778,118.305555555556
"background",56,56,315.083333333333,78.5,601.5
"background",57,57,343.388888888889,4.55555555555556,487.583333333333
"background",58,58,319.833333333333,66.4444444444444,284.444444444444
"background",59,59,314.444444444444,2.61111111111111,89.9444444444444
"background",60,60,319.424242424242,11.6969696969697,56.5454545454545
"background",61,61,284.583333333333,19.8055555555556,622.388888888889
"background",62,62,323.25,65.5833333333333,571.972222222222
"background",63,63,313.666666666667,102.472222222222,366.944444444444
"background",64,64,344.416666666667,1.5,175.861111111111
"background",65,65,272,83.1944444444444,486.666666666667
"background",66,66,340.555555555556,8.83333333333333,361.722222222222
"background",67,67,325.861111111111,22.8055555555556,107.472222222222
"background",68,68,327.916666666667,41.7777777777778,198.222222222222
"background",69,69,305.305555555556,212.194444444444,710.5
"background",70,70,322.444444444444,66.5833333333333,285.833333333333
"background",71,71,336.305555555556,11.8888888888889,179.361111111111
"background",72,72,347.194444444444,4.25,114.583333333333
"background",73,73,291.361111111111,57.7222222222222,493.916666666667
"background",74,74,323,19.5833333333333,283.611111111111
"background",75,75,335.027777777778,9.94444444444444,464.444444444444
"background",76,76,308.277777777778,13.9722222222222,621.194444444444
"background",77,77,337.527777777778,0.0277777777777778,275.944444444444
"background",78,78,336.027777777778,14.5,67.6666666666667
"background",79,79,331.916666666667,12.1388888888889,396.5
"background",80,80,347.055555555556,8.72222222222222,311.75
"background",81,81,317.805555555556,8.22222222222222,354.944444444444
"background",82,82,315.194444444444,26.3611111111111,553.166666666667
"background",83,83,328.638888888889,86.8055555555556,321.25
"background",84,84,320.027777777778,36.5,584.194444444444
"background",85,85,354.361111111111,6.58333333333333,608.444444444444
"background",86,86,315.888888888889,70.5833333333333,621.388888888889
"background",87,87,320.555555555556,27.25,121.722222222222
"background",88,88,323.305555555556,120.944444444444,406.638888888889
"background",89,89,333.833333333333,7.72222222222222,251.472222222222
"background",90,90,311.416666666667,162.166666666667,591.25
"background",91,91,314.25,89.3611111111111,633
"background",92,92,317.638888888889,59.8888888888889,523.444444444444
"background",93,93,291.777777777778,96.4444444444444,389.583333333333
"background",94,94,277.944444444444,11.4722222222222,732.222222222222
"background",95,95,310.25,2.83333333333333,90.8055555555556
"background",96,96,350.527777777778,2.5,289.75
"background",97,97,298.972222222222,26.75,242.361111111111
"background",98,98,338.861111111111,5.77777777777778,141.166666666667
"background",99,99,292.172413793103,66.0689655172414,730.827586206897
"background",100,100,305.555555555556,7.75,585.5
"background",101,101,343.388888888889,0.527777777777778,182.861111111111
"background",102,102,265.833333333333,93.0833333333333,505.166666666667
"background",103,103,336.722222222222,26.2222222222222,552.888888888889
"background",104,104,332.416666666667,6.97222222222222,325.027777777778
"background",105,105,301.257142857143,66.0285714285714,276.342857142857
"background",106,106,261.888888888889,74.3055555555556,502.972222222222
"background",107,107,320.5,86.3333333333333,396.25
"background",108,108,356.194444444444,3.80555555555556,627.972222222222
"background",109,109,321.916666666667,72.6111111111111,618.083333333333
"background",110,110,344,3.86111111111111,242.888888888889
"background",111,111,322.583333333333,142.527777777778,462.527777777778
"background",112,112,345.416666666667,2.77777777777778,461.222222222222
"background",113,113,317.638888888889,33.9166666666667,155.277777777778
"background",114,114,282.361111111111,54.5,580.083333333333
"background",115,115,330.916666666667,23.4444444444444,124.444444444444
"background",116,116,316.722222222222,0.388888888888889,305.888888888889
"background",117,117,325.194444444444,25.6666666666667,497.111111111111
"background",118,118,315,134.972222222222,435.5
"background",119,119,322.888888888889,62.4722222222222,393.277777777778
"background",120,120,278.555555555556,78.3333333333333,370.916666666667
"background",121,121,340.527777777778,0.583333333333333,227.583333333333
"background",122,122,334.277777777778,2.25,64.8333333333333
"background",123,123,304.638888888889,2.52777777777778,484.138888888889
"background",124,124,297.583333333333,105.222222222222,560.111111111111
"background",125,125,306.444444444444,34.5277777777778,197.138888888889
"background",126,126,312.638888888889,34.5833333333333,351.277777777778
"background",127,127,317.027777777778,0.638888888888889,214.527777777778
"background",128,128,324.611111111111,109.361111111111,349.944444444444
"background",129,129,333.027777777778,4.97222222222222,453.972222222222
"background",130,130,328.75,14.3888888888889,434.944444444444
"background",131,131,345.305555555556,2.27777777777778,438.222222222222
"background",132,132,321.083333333333,7.97222222222222,267.666666666667
"background",133,133,295.5,7.22222222222222,382.527777777778
"background",134,134,349.888888888889,5.61111111111111,283.333333333333
"background",135,135,339.916666666667,1,108.638888888889
"background",136,136,311.194444444444,30.4166666666667,190.555555555556
"background",137,137,343.916666666667,11.9444444444444,336.416666666667
"background",138,138,290.138888888889,6.33333333333333,231.5
"background",139,139,336.305555555556,50.8611111111111,442.111111111111
"background",140,140,346.694444444444,0.472222222222222,230.777777777778
"background",141,141,321.166666666667,6.61111111111111,617.666666666667
"background",142,142,349.777777777778,5.13888888888889,549.166666666667
"background",143,143,313.666666666667,33.4722222222222,490
"background",144,144,296.333333333333,7.47222222222222,628.027777777778
"background",145,145,312.083333333333,37.3333333333333,305.888888888889
"background",146,146,322.611111111111,60.6944444444444,284.166666666667
"background",147,147,321.055555555556,1.47222222222222,162.527777777778
"background",148,148,327.444444444444,79.1388888888889,261.527777777778
