"species","x","y","bio5","bio14","bio18"
"species",1,1,287.666666666667,34.25,497.083333333333
"species",2,2,312.638888888889,31.9166666666667,380.583333333333
"species",3,3,287.666666666667,34.25,497.083333333333
"species",4,4,278.555555555556,78.3333333333333,370.916666666667
"species",5,5,282.361111111111,54.5,580.083333333333
"species",6,6,291.222222222222,16.8888888888889,494.055555555556
"species",7,7,265.194444444444,23.0277777777778,718.166666666667
"species",8,8,257.305555555556,53.8055555555556,716.944444444444
"species",9,9,300.730769230769,41.2307692307692,343.346153846154
"species",10,10,310.916666666667,18.0833333333333,534.222222222222
"species",11,11,312.638888888889,31.9166666666667,380.583333333333
"species",12,12,265.194444444444,23.0277777777778,718.166666666667
"species",13,13,264.151515151515,53.6969696969697,733.757575757576
"species",14,14,286.111111111111,9.52777777777778,590.055555555556
"species",15,15,265.194444444444,23.0277777777778,718.166666666667
"species",16,16,292.172413793103,66.0689655172414,730.827586206897
"species",17,17,257.305555555556,53.8055555555556,716.944444444444
"species",18,18,312.638888888889,34.5833333333333,351.277777777778
"species",19,19,276.666666666667,12.8611111111111,693.5
"species",20,20,312.638888888889,31.9166666666667,380.583333333333
"species",21,21,265.194444444444,23.0277777777778,718.166666666667
"species",22,22,310.916666666667,18.0833333333333,534.222222222222
"species",23,23,292.277777777778,24.6388888888889,452.944444444444
"species",24,24,312.638888888889,31.9166666666667,380.583333333333
"species",25,25,280.638888888889,23.4444444444444,601.305555555556
"species",26,26,257.305555555556,53.8055555555556,716.944444444444
"species",27,27,300.730769230769,41.2307692307692,343.346153846154
"species",28,28,300.730769230769,41.2307692307692,343.346153846154
"species",29,29,335.722222222222,24.9444444444444,491.916666666667
"species",30,30,287.666666666667,34.25,497.083333333333
"species",31,31,257.305555555556,53.8055555555556,716.944444444444
"species",32,32,300.730769230769,41.2307692307692,343.346153846154
"species",33,33,301.888888888889,62.1388888888889,304.611111111111
"species",34,34,304.083333333333,13.5833333333333,493.027777777778
"species",35,35,272,83.1944444444444,486.666666666667
"species",36,36,300.730769230769,41.2307692307692,343.346153846154
"species",37,37,293.638888888889,33.3888888888889,616.888888888889
"species",38,38,312.638888888889,31.9166666666667,380.583333333333
"species",39,39,312.638888888889,31.9166666666667,380.583333333333
"species",40,40,310.916666666667,18.0833333333333,534.222222222222
"species",41,41,312.638888888889,31.9166666666667,380.583333333333
"species",42,42,282.305555555556,11.5277777777778,629.5
"species",43,43,312.638888888889,31.9166666666667,380.583333333333
"species",44,44,300.730769230769,41.2307692307692,343.346153846154
"species",45,45,300.730769230769,41.2307692307692,343.346153846154
"species",46,46,287.222222222222,78.8611111111111,379.25
"species",47,47,264.151515151515,53.6969696969697,733.757575757576
"species",48,48,293.638888888889,33.3888888888889,616.888888888889
"species",49,49,278.805555555556,14.0277777777778,576.722222222222
"species",50,50,300.730769230769,41.2307692307692,343.346153846154
"species",51,51,312.638888888889,31.9166666666667,380.583333333333
"species",52,52,264.151515151515,53.6969696969697,733.757575757576
"species",53,53,291.222222222222,16.8888888888889,494.055555555556
"species",54,54,300.730769230769,41.2307692307692,343.346153846154
"species",55,55,287.666666666667,34.25,497.083333333333
"species",56,56,287.666666666667,34.25,497.083333333333
"species",57,57,312.638888888889,31.9166666666667,380.583333333333
"species",58,58,287.222222222222,78.8611111111111,379.25
"species",59,59,312.638888888889,31.9166666666667,380.583333333333
"species",60,60,300.730769230769,41.2307692307692,343.346153846154
"species",61,61,292.888888888889,64.3888888888889,306.111111111111
"species",62,62,292.172413793103,66.0689655172414,730.827586206897
"species",63,63,265.194444444444,23.0277777777778,718.166666666667
"species",64,64,300.730769230769,41.2307692307692,343.346153846154
"species",65,65,312.638888888889,31.9166666666667,380.583333333333
"species",66,66,274.583333333333,81.2916666666667,570.375
"species",67,67,312.638888888889,31.9166666666667,380.583333333333
"species",68,68,265.194444444444,23.0277777777778,718.166666666667
"species",69,69,272,83.1944444444444,486.666666666667
"species",70,70,308.361111111111,24.6111111111111,379.111111111111
"species",71,71,287.666666666667,34.25,497.083333333333
"species",72,72,293.638888888889,33.3888888888889,616.888888888889
"species",73,73,313.333333333333,62.4444444444444,489.555555555556
"species",74,74,289.333333333333,16.1111111111111,314.472222222222
"species",75,75,312.638888888889,31.9166666666667,380.583333333333
"species",76,76,257.305555555556,53.8055555555556,716.944444444444
"species",77,77,312.638888888889,31.9166666666667,380.583333333333
"species",78,78,293.638888888889,33.3888888888889,616.888888888889
"species",79,79,292.277777777778,24.6388888888889,452.944444444444
"species",80,80,312.638888888889,31.9166666666667,380.583333333333
"species",81,81,292.172413793103,66.0689655172414,730.827586206897
"species",82,82,291.222222222222,16.8888888888889,494.055555555556
"species",83,83,300.730769230769,41.2307692307692,343.346153846154
"species",84,84,284.583333333333,19.8055555555556,622.388888888889
"species",85,85,292.277777777778,24.6388888888889,452.944444444444
"species",86,86,257.305555555556,53.8055555555556,716.944444444444
"species",87,87,286.111111111111,9.52777777777778,590.055555555556
"species",88,88,293.638888888889,33.3888888888889,616.888888888889
"species",89,89,312.638888888889,31.9166666666667,380.583333333333
"species",90,90,257.305555555556,53.8055555555556,716.944444444444
"species",91,91,278.805555555556,14.0277777777778,576.722222222222
"species",92,92,300.730769230769,41.2307692307692,343.346153846154
"species",93,93,276.666666666667,12.8611111111111,693.5
"species",94,94,257.305555555556,53.8055555555556,716.944444444444
"species",95,95,264.151515151515,53.6969696969697,733.757575757576
"species",96,96,300.730769230769,41.2307692307692,343.346153846154
"species",97,97,287.666666666667,34.25,497.083333333333
"species",98,98,293.638888888889,33.3888888888889,616.888888888889
"species",99,99,282.361111111111,54.5,580.083333333333
"species",100,100,292.277777777778,24.6388888888889,452.944444444444
"species",101,101,291.222222222222,16.8888888888889,494.055555555556
"species",102,102,265.194444444444,23.0277777777778,718.166666666667
"species",103,103,287.666666666667,34.25,497.083333333333
"species",104,104,265.194444444444,23.0277777777778,718.166666666667
"species",105,105,292.277777777778,24.6388888888889,452.944444444444
"species",106,106,293.638888888889,33.3888888888889,616.888888888889
"species",107,107,300.730769230769,41.2307692307692,343.346153846154
"species",108,108,312.638888888889,34.5833333333333,351.277777777778
"species",109,109,292.172413793103,66.0689655172414,730.827586206897
"species",110,110,264.151515151515,53.6969696969697,733.757575757576
"species",111,111,300.730769230769,41.2307692307692,343.346153846154
"species",112,112,312.638888888889,31.9166666666667,380.583333333333
"species",113,113,312.638888888889,31.9166666666667,380.583333333333
"species",114,114,311.928571428571,49.75,241.071428571429
"species",115,115,292.277777777778,24.6388888888889,452.944444444444
"species",116,116,287.666666666667,34.25,497.083333333333
"species",117,117,292.277777777778,24.6388888888889,452.944444444444
"species",118,118,312.638888888889,31.9166666666667,380.583333333333
"species",119,119,291.222222222222,16.8888888888889,494.055555555556
"species",120,120,312.638888888889,31.9166666666667,380.583333333333
"species",121,121,312.638888888889,31.9166666666667,380.583333333333
"species",122,122,292.172413793103,66.0689655172414,730.827586206897
"species",123,123,312.638888888889,31.9166666666667,380.583333333333
"species",124,124,264.151515151515,53.6969696969697,733.757575757576
"species",125,125,292.277777777778,24.6388888888889,452.944444444444
"species",126,126,292.172413793103,66.0689655172414,730.827586206897
"species",127,127,287.666666666667,34.25,497.083333333333
"species",128,128,308.361111111111,24.6111111111111,379.111111111111
"species",129,129,264.151515151515,53.6969696969697,733.757575757576
"species",130,130,293.638888888889,33.3888888888889,616.888888888889
"species",131,131,292.172413793103,66.0689655172414,730.827586206897
"species",132,132,300.730769230769,41.2307692307692,343.346153846154
"species",133,133,288.416666666667,26.7222222222222,611.416666666667
"species",134,134,282.361111111111,54.5,580.083333333333
