"species","x","y","bio5","bio14","bio18"
"background",1,1,306.611111111111,181.361111111111,843.861111111111
"background",2,2,293.833333333333,18.7777777777778,631.305555555556
"background",3,3,297.555555555556,2.75,385.805555555556
"background",4,4,325.194444444444,39.1388888888889,163.972222222222
"background",5,5,351.138888888889,3.5,466.027777777778
"background",6,6,324.694444444444,40.9444444444444,174.527777777778
"background",7,7,292.888888888889,8.77777777777778,407.027777777778
"background",8,8,329.527777777778,0.0833333333333333,240.805555555556
"background",9,9,334.277777777778,2.25,64.8333333333333
"background",10,10,317.527777777778,41.6111111111111,615.222222222222
"background",11,11,324.75,37.1111111111111,150.333333333333
"background",12,12,260.666666666667,24.5833333333333,718.055555555556
"background",13,13,320.305555555556,53.9444444444444,245.611111111111
"background",14,14,322.444444444444,66.5833333333333,285.833333333333
"background",15,15,288.194444444444,55.75,521.888888888889
"background",16,16,320.833333333333,29.3333333333333,598.333333333333
"background",17,17,335.416666666667,0.5,255.944444444444
"background",18,18,277.944444444444,11.4722222222222,732.222222222222
"background",19,19,347.888888888889,8.86111111111111,564.083333333333
"background",20,20,332.527777777778,54.9166666666667,204.972222222222
"background",21,21,286.888888888889,14.5277777777778,613.583333333333
"background",22,22,332,4.16666666666667,418.888888888889
"background",23,23,317.638888888889,59.8888888888889,523.444444444444
"background",24,24,349.777777777778,5.13888888888889,549.166666666667
"background",25,25,351.833333333333,9.25,370
