"species","x","y","bio5","bio14","bio18"
"background",1,1,312.638888888889,31.9166666666667,380.583333333333
"background",2,2,308.361111111111,24.6111111111111,379.111111111111
"background",3,3,327.361111111111,1.30555555555556,202.555555555556
"background",4,4,352.305555555556,1.22222222222222,541.527777777778
"background",5,5,320.305555555556,53.9444444444444,245.611111111111
"background",6,6,344.416666666667,1.5,175.861111111111
"background",7,7,332.5,69.6388888888889,240.666666666667
"background",8,8,259.611111111111,113.833333333333,478.055555555556
"background",9,9,328.277777777778,10.8333333333333,118.805555555556
"background",10,10,262.833333333333,122.444444444444,460.111111111111
"background",11,11,273.388888888889,20.0277777777778,241.75
"background",12,12,320.722222222222,84.6111111111111,421.222222222222
"background",13,13,330.222222222222,26.1111111111111,309.083333333333
"background",14,14,349.777777777778,5.13888888888889,549.166666666667
"background",15,15,323.583333333333,50.8888888888889,250.305555555556
"background",16,16,332.777777777778,44.5833333333333,156.805555555556
