"species","x","y","bio5","bio14","bio18"
"background",1,1,351.194444444444,0.916666666666667,180
"background",2,2,314.388888888889,34.0277777777778,167.222222222222
"background",3,3,331.111111111111,43.0555555555556,531.444444444444
"background",4,4,308.388888888889,217.527777777778,738.444444444444
"background",5,5,283.972222222222,20.4166666666667,643.305555555556
"background",6,6,323,47.7777777777778,218.611111111111
"background",7,7,302.222222222222,4.11111111111111,502.833333333333
"background",8,8,345.305555555556,2.27777777777778,438.222222222222
"background",9,9,323.611111111111,118.388888888889,383.777777777778
"background",10,10,321.5,17.2777777777778,318.111111111111
"background",11,11,338.833333333333,12.1388888888889,110.833333333333
"background",12,12,303.194444444444,122.722222222222,441.5
"background",13,13,300.555555555556,4.27777777777778,253.25
"background",14,14,333.333333333333,24.8888888888889,371.694444444444
"background",15,15,338.194444444444,10.5555555555556,507.805555555556
"background",16,16,304.083333333333,13.5833333333333,493.027777777778
"background",17,17,344.111111111111,2.47222222222222,173.5
"background",18,18,320.5,42.3333333333333,468.055555555556
"background",19,19,329.861111111111,16.0833333333333,186.555555555556
"background",20,20,322.694444444444,78.5,479.944444444444
"background",21,21,282.305555555556,17.9444444444444,651.555555555556
"background",22,22,335.75,1.47222222222222,398.416666666667
"background",23,23,326.888888888889,52.9722222222222,537.777777777778
"background",24,24,317.861111111111,13.8611111111111,194.888888888889
"background",25,25,324.555555555556,21.1111111111111,317.25
