"species","x","y","bio5","bio14","bio18"
"background",1,1,302.472222222222,20.0277777777778,599.166666666667
"background",2,2,316.888888888889,57.8888888888889,581.888888888889
"background",3,3,334.277777777778,97.6666666666667,310.861111111111
"background",4,4,354.166666666667,9.75,324.666666666667
"background",5,5,355.944444444444,9.72222222222222,382.972222222222
"background",6,6,306.515151515152,61.9090909090909,290.878787878788
"background",7,7,318.861111111111,18.5555555555556,554.444444444444
"background",8,8,279.555555555556,11.9722222222222,660.694444444444
"background",9,9,290.138888888889,6.33333333333333,231.5
"background",10,10,314.416666666667,109.111111111111,400.777777777778
"background",11,11,327.861111111111,9.38888888888889,451
"background",12,12,313.666666666667,28.1111111111111,437.055555555556
"background",13,13,287.777777777778,101.666666666667,417.666666666667
"background",14,14,323.527777777778,70.6666666666667,370.166666666667
"background",15,15,315,134.972222222222,435.5
"background",16,16,282.305555555556,17.9444444444444,651.555555555556
"background",17,17,348.25,4.30555555555556,505.111111111111
"background",18,18,327.75,56.9166666666667,327.555555555556
"background",19,19,318.611111111111,59,287.638888888889
"background",20,20,285.444444444444,8.80555555555556,288.638888888889
"background",21,21,339.916666666667,28.3333333333333,468.722222222222
"background",22,22,265.4,93.4857142857143,475.971428571429
"background",23,23,319.027777777778,60.8611111111111,550.583333333333
"background",24,24,288.666666666667,13.1111111111111,147.527777777778
"background",25,25,278.805555555556,14.0277777777778,576.722222222222
