"species","x","y","bio5","bio14","bio18"
"background",1,1,306.722222222222,129.5,411.194444444444
"background",2,2,322.111111111111,8.83333333333333,397.75
"background",3,3,319.861111111111,36.25,142.027777777778
"background",4,4,322.694444444444,45.0555555555556,559.25
"background",5,5,313.666666666667,33.4722222222222,490
"background",6,6,310.166666666667,8.5,565.305555555556
"background",7,7,321.555555555556,102.5,439.777777777778
"background",8,8,318.777777777778,45.0555555555556,620.361111111111
"background",9,9,345.888888888889,20.8611111111111,430.611111111111
"background",10,10,334.277777777778,97.6666666666667,310.861111111111
"background",11,11,349.861111111111,12.8333333333333,351.583333333333
"background",12,12,295.583333333333,97.5,387.416666666667
"background",13,13,324.694444444444,40.9444444444444,174.527777777778
"background",14,14,315.555555555556,3.38888888888889,67.6944444444444
"background",15,15,326.472222222222,3.88888888888889,68.5
"background",16,16,335.583333333333,0.166666666666667,170.916666666667
"background",17,17,326.583333333333,20.5555555555556,137.694444444444
"background",18,18,320.472222222222,2.61111111111111,63.1944444444444
"background",19,19,328.472222222222,17.5,105
"background",20,20,344.111111111111,2.47222222222222,173.5
"background",21,21,324.09375,8.5625,39.90625
"background",22,22,352.5,4.44444444444444,248.055555555556
"background",23,23,306.611111111111,181.361111111111,843.861111111111
"background",24,24,342.861111111111,2.13888888888889,154.5
"background",25,25,343.222222222222,5.05555555555556,144.25
"background",26,26,288.944444444444,125.027777777778,470.5
"background",27,27,325.088235294118,2.5,85.2058823529412
"background",28,28,286.111111111111,9.52777777777778,590.055555555556
"background",29,29,322.444444444444,66.5833333333333,285.833333333333
"background",30,30,312.361111111111,199.083333333333,610.694444444444
"background",31,31,312.916666666667,64.7222222222222,483.972222222222
"background",32,32,330.916666666667,23.4444444444444,124.444444444444
"background",33,33,340.555555555556,8.83333333333333,361.722222222222
"background",34,34,314.444444444444,96.7222222222222,623.916666666667
"background",35,35,293.638888888889,33.3888888888889,616.888888888889
"background",36,36,324.555555555556,1.91666666666667,212.472222222222
"background",37,37,307.388888888889,220.527777777778,795.277777777778
"background",38,38,282.305555555556,11.5277777777778,629.5
"background",39,39,322.833333333333,85.2777777777778,389.166666666667
"background",40,40,284.583333333333,19.8055555555556,622.388888888889
"background",41,41,334.416666666667,14.5555555555556,275.138888888889
"background",42,42,353.416666666667,6.5,117.555555555556
"background",43,43,312.083333333333,176.777777777778,566.555555555556
"background",44,44,327.333333333333,81.3055555555556,361.194444444444
"background",45,45,332,4.16666666666667,418.888888888889
"background",46,46,315.194444444444,26.3611111111111,553.166666666667
"background",47,47,330.388888888889,31.2777777777778,569.555555555556
"background",48,48,324.166666666667,62.8055555555556,242.055555555556
"background",49,49,339.472222222222,0.361111111111111,147.638888888889
"background",50,50,318.888888888889,2.61111111111111,194.222222222222
"background",51,51,315.277777777778,8.19444444444444,297.833333333333
"background",52,52,351.472222222222,6.63888888888889,110.138888888889
"background",53,53,327.583333333333,67.2777777777778,283.333333333333
"background",54,54,293.833333333333,18.7777777777778,631.305555555556
"background",55,55,330.055555555556,67.0277777777778,261.833333333333
"background",56,56,273.888888888889,61.8055555555556,487.805555555556
"background",57,57,287.222222222222,78.8611111111111,379.25
"background",58,58,342.416666666667,20.1111111111111,555.25
"background",59,59,296.333333333333,7.47222222222222,628.027777777778
"background",60,60,304.055555555556,13.0555555555556,396.277777777778
"background",61,61,320.833333333333,29.3333333333333,598.333333333333
"background",62,62,312.444444444444,112.166666666667,627.583333333333
"background",63,63,314.055555555556,10.4722222222222,366.083333333333
"background",64,64,339.833333333333,31.4444444444444,507.388888888889
"background",65,65,340.888888888889,3.22222222222222,397.833333333333
"background",66,66,319.694444444444,42.4722222222222,517.083333333333
"background",67,67,336.944444444444,7.58333333333333,469.611111111111
"background",68,68,337.888888888889,4.05555555555556,410.722222222222
"background",69,69,260.388888888889,100.111111111111,492.861111111111
"background",70,70,326.111111111111,95.5,342.861111111111
"background",71,71,282.805555555556,36.4444444444444,526.666666666667
"background",72,72,309.5,33.5277777777778,530.138888888889
"background",73,73,326.333333333333,58.25,233.166666666667
"background",74,74,315.111111111111,173.416666666667,561.694444444444
"background",75,75,349.25,4.27777777777778,306
"background",76,76,304.972222222222,73.8055555555556,288.111111111111
"background",77,77,332.972222222222,48.7222222222222,323.888888888889
"background",78,78,355.555555555556,6.13888888888889,340.5
"background",79,79,327.388888888889,60.3888888888889,481.305555555556
"background",80,80,297.333333333333,6.02777777777778,230.555555555556
"background",81,81,295.416666666667,3.30555555555556,158.583333333333
"background",82,82,315.777777777778,2.91666666666667,51.5555555555556
"background",83,83,331.944444444444,8.55555555555556,334.805555555556
"background",84,84,318.583333333333,19.4722222222222,214.583333333333
"background",85,85,335,28.0833333333333,301.611111111111
"background",86,86,316.75,11.0555555555556,539.861111111111
"background",87,87,309.527777777778,174.861111111111,586.916666666667
"background",88,88,315.944444444444,56.9166666666667,628.583333333333
"background",89,89,337.083333333333,0.25,188.805555555556
"background",90,90,313.666666666667,22.5833333333333,563.555555555556
"background",91,91,343.083333333333,0,170.027777777778
"background",92,92,325.305555555556,24.9444444444444,341.861111111111
"background",93,93,321.916666666667,72.6111111111111,618.083333333333
"background",94,94,297.611111111111,21.9722222222222,258.25
"background",95,95,266.444444444444,38.5277777777778,568.166666666667
"background",96,96,342.611111111111,22.6111111111111,534.138888888889
"background",97,97,322.230769230769,13.6538461538462,101.884615384615
"background",98,98,318.611111111111,59,287.638888888889
"background",99,99,295.111111111111,17.7222222222222,251.75
"background",100,100,351.194444444444,0.916666666666667,180
"background",101,101,330.527777777778,45.75,193.388888888889
"background",102,102,326.388888888889,87.9444444444444,314.916666666667
"background",103,103,322.611111111111,60.6944444444444,284.166666666667
"background",104,104,312.916666666667,230.055555555556,748.805555555556
"background",105,105,334.444444444444,37.2777777777778,400.583333333333
"background",106,106,317.972222222222,25.7777777777778,225.916666666667
"background",107,107,319.916666666667,54,545.722222222222
"background",108,108,320.222222222222,0.472222222222222,248.166666666667
"background",109,109,297.555555555556,2.75,385.805555555556
"background",110,110,257.305555555556,53.8055555555556,716.944444444444
"background",111,111,339.222222222222,0.722222222222222,143.305555555556
"background",112,112,283.972222222222,20.4166666666667,643.305555555556
"background",113,113,328.75,14.3888888888889,434.944444444444
"background",114,114,329.861111111111,16.0833333333333,186.555555555556
"background",115,115,286.944444444444,30.6111111111111,279.416666666667
"background",116,116,337.527777777778,2.13888888888889,76.0833333333333
"background",117,117,346.305555555556,7.36111111111111,249.472222222222
"background",118,118,337,13.9722222222222,350.305555555556
"background",119,119,305.638888888889,104.027777777778,356.333333333333
"background",120,120,290.833333333333,12.9444444444444,300.638888888889
"background",121,121,326.083333333333,55.2222222222222,247.305555555556
"background",122,122,308.361111111111,24.6111111111111,379.111111111111
"background",123,123,340.527777777778,0.583333333333333,227.583333333333
"background",124,124,347.055555555556,8.72222222222222,311.75
"background",125,125,314.944444444444,119.75,425.277777777778
"background",126,126,288.666666666667,13.1111111111111,147.527777777778
"background",127,127,298,8.63888888888889,387.805555555556
"background",128,128,306.75,21.4722222222222,412.277777777778
"background",129,129,342.361111111111,16.0277777777778,553.25
"background",130,130,306.515151515152,61.9090909090909,290.878787878788
"background",131,131,314.75,3.91666666666667,230.527777777778
"background",132,132,328.277777777778,10.8333333333333,118.805555555556
"background",133,133,304.416666666667,4.91666666666667,339.416666666667
"background",134,134,326,35.8055555555556,472.777777777778
"background",135,135,322.694444444444,78.5,479.944444444444
"background",136,136,324.138888888889,2.19444444444444,177.388888888889
"background",137,137,314.444444444444,2.61111111111111,89.9444444444444
"background",138,138,350.722222222222,0.888888888888889,131.944444444444
"background",139,139,332.555555555556,4.69444444444444,70.6111111111111
"background",140,140,311.861111111111,9.25,405.555555555556
"background",141,141,317,1.44444444444444,197.75
"background",142,142,344.444444444444,1.75,484.472222222222
"background",143,143,329.027777777778,61.7777777777778,225.638888888889
"background",144,144,309.5,185.194444444444,657.333333333333
"background",145,145,326.055555555556,22.6666666666667,101.694444444444
"background",146,146,281.083333333333,18.1111111111111,245.972222222222
"background",147,147,318.5,127.916666666667,581.833333333333
"background",148,148,254.833333333333,117.944444444444,462.166666666667
