"species","x","y","bio5","bio14","bio18"
"species",1,1,282.361111111111,54.5,580.083333333333
"species",2,2,300.730769230769,41.2307692307692,343.346153846154
"species",3,3,312.638888888889,31.9166666666667,380.583333333333
"species",4,4,282.361111111111,54.5,580.083333333333
"species",5,5,301.888888888889,62.1388888888889,304.611111111111
"species",6,6,265.194444444444,23.0277777777778,718.166666666667
"species",7,7,287.666666666667,34.25,497.083333333333
"species",8,8,300.730769230769,41.2307692307692,343.346153846154
"species",9,9,300.730769230769,41.2307692307692,343.346153846154
"species",10,10,312.638888888889,31.9166666666667,380.583333333333
"species",11,11,286.111111111111,9.52777777777778,590.055555555556
"species",12,12,265.194444444444,23.0277777777778,718.166666666667
"species",13,13,312.638888888889,31.9166666666667,380.583333333333
"species",14,14,264.151515151515,53.6969696969697,733.757575757576
"species",15,15,292.277777777778,24.6388888888889,452.944444444444
"species",16,16,293.638888888889,33.3888888888889,616.888888888889
"species",17,17,280.638888888889,23.4444444444444,601.305555555556
"species",18,18,257.305555555556,53.8055555555556,716.944444444444
"species",19,19,300.730769230769,41.2307692307692,343.346153846154
"species",20,20,293.638888888889,33.3888888888889,616.888888888889
"species",21,21,300.730769230769,41.2307692307692,343.346153846154
"species",22,22,282.361111111111,54.5,580.083333333333
"species",23,23,284.583333333333,19.8055555555556,622.388888888889
"species",24,24,287.222222222222,78.8611111111111,379.25
"species",25,25,264.151515151515,53.6969696969697,733.757575757576
"species",26,26,312.638888888889,31.9166666666667,380.583333333333
"species",27,27,278.805555555556,14.0277777777778,576.722222222222
"species",28,28,293.638888888889,33.3888888888889,616.888888888889
"species",29,29,278.555555555556,78.3333333333333,370.916666666667
"species",30,30,292.277777777778,24.6388888888889,452.944444444444
"species",31,31,292.277777777778,24.6388888888889,452.944444444444
"species",32,32,293.638888888889,33.3888888888889,616.888888888889
"species",33,33,274.583333333333,81.2916666666667,570.375
"species",34,34,312.638888888889,31.9166666666667,380.583333333333
"species",35,35,300.730769230769,41.2307692307692,343.346153846154
"species",36,36,291.222222222222,16.8888888888889,494.055555555556
"species",37,37,308.361111111111,24.6111111111111,379.111111111111
"species",38,38,300.730769230769,41.2307692307692,343.346153846154
"species",39,39,335.722222222222,24.9444444444444,491.916666666667
"species",40,40,287.666666666667,34.25,497.083333333333
"species",41,41,310.916666666667,18.0833333333333,534.222222222222
"species",42,42,300.730769230769,41.2307692307692,343.346153846154
"species",43,43,291.222222222222,16.8888888888889,494.055555555556
"species",44,44,257.305555555556,53.8055555555556,716.944444444444
"species",45,45,292.277777777778,24.6388888888889,452.944444444444
"species",46,46,292.277777777778,24.6388888888889,452.944444444444
"species",47,47,312.638888888889,31.9166666666667,380.583333333333
"species",48,48,312.638888888889,31.9166666666667,380.583333333333
"species",49,49,264.151515151515,53.6969696969697,733.757575757576
"species",50,50,300.730769230769,41.2307692307692,343.346153846154
"species",51,51,287.666666666667,34.25,497.083333333333
"species",52,52,264.151515151515,53.6969696969697,733.757575757576
"species",53,53,300.730769230769,41.2307692307692,343.346153846154
"species",54,54,264.151515151515,53.6969696969697,733.757575757576
"species",55,55,291.222222222222,16.8888888888889,494.055555555556
"species",56,56,313.333333333333,62.4444444444444,489.555555555556
"species",57,57,292.277777777778,24.6388888888889,452.944444444444
"species",58,58,293.638888888889,33.3888888888889,616.888888888889
"species",59,59,292.888888888889,64.3888888888889,306.111111111111
"species",60,60,265.194444444444,23.0277777777778,718.166666666667
"species",61,61,278.805555555556,14.0277777777778,576.722222222222
"species",62,62,257.305555555556,53.8055555555556,716.944444444444
"species",63,63,292.277777777778,24.6388888888889,452.944444444444
"species",64,64,276.666666666667,12.8611111111111,693.5
"species",65,65,292.172413793103,66.0689655172414,730.827586206897
"species",66,66,276.666666666667,12.8611111111111,693.5
"species",67,67,312.638888888889,31.9166666666667,380.583333333333
"species",68,68,287.222222222222,78.8611111111111,379.25
"species",69,69,300.730769230769,41.2307692307692,343.346153846154
"species",70,70,308.361111111111,24.6111111111111,379.111111111111
"species",71,71,300.730769230769,41.2307692307692,343.346153846154
"species",72,72,286.111111111111,9.52777777777778,590.055555555556
"species",73,73,287.666666666667,34.25,497.083333333333
"species",74,74,312.638888888889,31.9166666666667,380.583333333333
"species",75,75,292.172413793103,66.0689655172414,730.827586206897
"species",76,76,306.515151515152,61.9090909090909,290.878787878788
"species",77,77,278.555555555556,78.3333333333333,370.916666666667
"species",78,78,287.666666666667,34.25,497.083333333333
"species",79,79,300.730769230769,41.2307692307692,343.346153846154
"species",80,80,300.730769230769,41.2307692307692,343.346153846154
"species",81,81,312.638888888889,31.9166666666667,380.583333333333
"species",82,82,260.666666666667,24.5833333333333,718.055555555556
"species",83,83,287.666666666667,34.25,497.083333333333
"species",84,84,257.305555555556,53.8055555555556,716.944444444444
"species",85,85,310.916666666667,18.0833333333333,534.222222222222
"species",86,86,282.805555555556,36.4444444444444,526.666666666667
"species",87,87,293.638888888889,33.3888888888889,616.888888888889
"species",88,88,300.730769230769,41.2307692307692,343.346153846154
"species",89,89,300.730769230769,41.2307692307692,343.346153846154
"species",90,90,282.305555555556,11.5277777777778,629.5
"species",91,91,291.222222222222,16.8888888888889,494.055555555556
"species",92,92,291.222222222222,16.8888888888889,494.055555555556
"species",93,93,312.638888888889,31.9166666666667,380.583333333333
"species",94,94,312.638888888889,31.9166666666667,380.583333333333
"species",95,95,292.172413793103,66.0689655172414,730.827586206897
"species",96,96,300.730769230769,41.2307692307692,343.346153846154
"species",97,97,292.172413793103,66.0689655172414,730.827586206897
"species",98,98,312.638888888889,31.9166666666667,380.583333333333
"species",99,99,264.151515151515,53.6969696969697,733.757575757576
"species",100,100,300.730769230769,41.2307692307692,343.346153846154
"species",101,101,300.730769230769,41.2307692307692,343.346153846154
"species",102,102,312.638888888889,31.9166666666667,380.583333333333
"species",103,103,265.194444444444,23.0277777777778,718.166666666667
"species",104,104,312.638888888889,31.9166666666667,380.583333333333
"species",105,105,292.172413793103,66.0689655172414,730.827586206897
"species",106,106,300.730769230769,41.2307692307692,343.346153846154
"species",107,107,300.730769230769,41.2307692307692,343.346153846154
"species",108,108,287.666666666667,34.25,497.083333333333
"species",109,109,292.277777777778,24.6388888888889,452.944444444444
"species",110,110,264.151515151515,53.6969696969697,733.757575757576
"species",111,111,265.194444444444,23.0277777777778,718.166666666667
"species",112,112,312.638888888889,31.9166666666667,380.583333333333
"species",113,113,312.638888888889,31.9166666666667,380.583333333333
"species",114,114,282.361111111111,54.5,580.083333333333
"species",115,115,257.305555555556,53.8055555555556,716.944444444444
"species",116,116,292.277777777778,24.6388888888889,452.944444444444
"species",117,117,287.666666666667,34.25,497.083333333333
"species",118,118,300.730769230769,41.2307692307692,343.346153846154
"species",119,119,293.638888888889,33.3888888888889,616.888888888889
"species",120,120,300.730769230769,41.2307692307692,343.346153846154
"species",121,121,292.172413793103,66.0689655172414,730.827586206897
"species",122,122,312.638888888889,31.9166666666667,380.583333333333
"species",123,123,292.277777777778,24.6388888888889,452.944444444444
"species",124,124,287.666666666667,34.25,497.083333333333
"species",125,125,312.638888888889,31.9166666666667,380.583333333333
"species",126,126,257.305555555556,53.8055555555556,716.944444444444
"species",127,127,265.194444444444,23.0277777777778,718.166666666667
"species",128,128,312.638888888889,34.5833333333333,351.277777777778
"species",129,129,257.305555555556,53.8055555555556,716.944444444444
"species",130,130,266.444444444444,38.5277777777778,568.166666666667
"species",131,131,300.730769230769,41.2307692307692,343.346153846154
"species",132,132,257.305555555556,53.8055555555556,716.944444444444
"species",133,133,292.888888888889,64.3888888888889,306.111111111111
"species",134,134,304.083333333333,13.5833333333333,493.027777777778
"species",135,135,312.638888888889,31.9166666666667,380.583333333333
"species",136,136,312.638888888889,31.9166666666667,380.583333333333
