"species","x","y","bio5","bio14","bio18"
"background",1,1,318.583333333333,19.4722222222222,214.583333333333
"background",2,2,326.083333333333,55.2222222222222,247.305555555556
"background",3,3,309.083333333333,143.388888888889,691.944444444444
"background",4,4,313.277777777778,132.416666666667,643.944444444444
"background",5,5,325.777777777778,109.416666666667,397.944444444444
"background",6,6,336.75,2.44444444444444,158.083333333333
"background",7,7,325.694444444444,75.3611111111111,347.611111111111
"background",8,8,298,8.63888888888889,387.805555555556
"background",9,9,287.777777777778,101.666666666667,417.666666666667
"background",10,10,324.694444444444,40.9444444444444,174.527777777778
"background",11,11,312.694444444444,13.5833333333333,436.138888888889
"background",12,12,319.638888888889,23.3888888888889,655.805555555556
"background",13,13,333.388888888889,2.11111111111111,195.75
"background",14,14,272,117.083333333333,455.222222222222
"background",15,15,339.833333333333,31.4444444444444,507.388888888889
"background",16,16,331.944444444444,30,133.555555555556
"background",17,17,274.75,74.0555555555556,467.888888888889
"background",18,18,273.388888888889,20.0277777777778,241.75
"background",19,19,314.25,89.3611111111111,633
"background",20,20,320.5,86.3333333333333,396.25
"background",21,21,328.638888888889,86.8055555555556,321.25
"background",22,22,272,83.1944444444444,486.666666666667
"background",23,23,322.888888888889,62.4722222222222,393.277777777778
"background",24,24,265.833333333333,93.0833333333333,505.166666666667
"background",25,25,319.944444444444,78.0277777777778,355.361111111111
"background",26,26,313.666666666667,28.1111111111111,437.055555555556
"background",27,27,318.305555555556,5.41666666666667,218.805555555556
"background",28,28,317.944444444444,105.305555555556,585.444444444444
"background",29,29,318,13.6388888888889,399.611111111111
"background",30,30,356.5,4.55555555555556,548.194444444444
"background",31,31,303.805555555556,4.97222222222222,222.444444444444
"background",32,32,317.972222222222,54.9722222222222,583.25
"background",33,33,322.111111111111,8.83333333333333,397.75
"background",34,34,322.694444444444,78.5,479.944444444444
"background",35,35,344.055555555556,17.4166666666667,383.75
"background",36,36,343.222222222222,5.05555555555556,144.25
"background",37,37,324.138888888889,38.4166666666667,155.138888888889
"background",38,38,339.916666666667,28.3333333333333,468.722222222222
"background",39,39,349.972222222222,9.22222222222222,81.9722222222222
"background",40,40,327.916666666667,41.7777777777778,198.222222222222
"background",41,41,308.388888888889,217.527777777778,738.444444444444
"background",42,42,325.861111111111,22.8055555555556,107.472222222222
"background",43,43,312.583333333333,79.6944444444444,384.75
"background",44,44,327.583333333333,67.2777777777778,283.333333333333
"background",45,45,323.25,65.5833333333333,571.972222222222
"background",46,46,346.111111111111,3.38888888888889,216.111111111111
"background",47,47,343.083333333333,0,170.027777777778
"background",48,48,335.027777777778,9.94444444444444,464.444444444444
"background",49,49,329.777777777778,43.75,369.222222222222
"background",50,50,344.222222222222,18.3055555555556,505.222222222222
"background",51,51,342.416666666667,2.19444444444444,93.5555555555556
"background",52,52,326.777777777778,93.6111111111111,376
"background",53,53,326.361111111111,18.1111111111111,379.388888888889
"background",54,54,326.111111111111,95.5,342.861111111111
"background",55,55,317.638888888889,59.8888888888889,523.444444444444
"background",56,56,329.527777777778,0.0833333333333333,240.805555555556
"background",57,57,326.888888888889,52.9722222222222,537.777777777778
"background",58,58,341.444444444444,4.05555555555556,369.861111111111
"background",59,59,320.861111111111,5.83333333333333,113.972222222222
"background",60,60,297.611111111111,21.9722222222222,258.25
"background",61,61,329.416666666667,9.58333333333333,262.916666666667
"background",62,62,349.388888888889,1.11111111111111,439.722222222222
"background",63,63,320.027777777778,7.38888888888889,374.5
"background",64,64,326.416666666667,78.5,333.333333333333
"background",65,65,315.5,26.6388888888889,228.5
"background",66,66,318.666666666667,7.52777777777778,469.722222222222
"background",67,67,314.416666666667,109.111111111111,400.777777777778
"background",68,68,319.027777777778,60.8611111111111,550.583333333333
"background",69,69,315.888888888889,70.5833333333333,621.388888888889
"background",70,70,328.583333333333,33.6388888888889,130.138888888889
"background",71,71,328.75,14.3888888888889,434.944444444444
"background",72,72,326.055555555556,22.6666666666667,101.694444444444
"background",73,73,330.916666666667,23.4444444444444,124.444444444444
"background",74,74,286.944444444444,30.6111111111111,279.416666666667
"background",75,75,313.333333333333,62.4444444444444,489.555555555556
"background",76,76,290.138888888889,6.33333333333333,231.5
"background",77,77,330.5,1.52777777777778,89.0833333333333
"background",78,78,325.194444444444,25.6666666666667,497.111111111111
"background",79,79,320.555555555556,27.25,121.722222222222
"background",80,80,327.342857142857,18.6571428571429,104.828571428571
"background",81,81,324.972222222222,28.4444444444444,446.5
"background",82,82,331.944444444444,12.6111111111111,398.5
"background",83,83,331.416666666667,56.9722222222222,373.277777777778
"background",84,84,333.333333333333,24.8888888888889,371.694444444444
"background",85,85,305.638888888889,104.027777777778,356.333333333333
"background",86,86,317.638888888889,159.888888888889,576.277777777778
"background",87,87,326.611111111111,46.0277777777778,230.638888888889
"background",88,88,282.305555555556,11.5277777777778,629.5
"background",89,89,327.027777777778,79.1944444444444,267.111111111111
"background",90,90,317.75,11.1666666666667,415.722222222222
"background",91,91,342.666666666667,3.22222222222222,107.888888888889
"background",92,92,332.416666666667,6.97222222222222,325.027777777778
"background",93,93,317,1.44444444444444,197.75
"background",94,94,306.444444444444,34.5277777777778,197.138888888889
"background",95,95,333.027777777778,4.97222222222222,453.972222222222
"background",96,96,315.944444444444,56.9166666666667,628.583333333333
"background",97,97,291.361111111111,57.7222222222222,493.916666666667
"background",98,98,338.638888888889,2.19444444444444,80.4722222222222
"background",99,99,278.805555555556,14.0277777777778,576.722222222222
"background",100,100,335.722222222222,24.9444444444444,491.916666666667
"background",101,101,309.527777777778,174.861111111111,586.916666666667
"background",102,102,326.333333333333,64.75,266.5
"background",103,103,291.222222222222,16.8888888888889,494.055555555556
"background",104,104,304.972222222222,73.8055555555556,288.111111111111
"background",105,105,318.611111111111,59,287.638888888889
"background",106,106,313.666666666667,33.4722222222222,490
"background",107,107,338.333333333333,30.3888888888889,347.527777777778
"background",108,108,324.75,44.7777777777778,200.972222222222
"background",109,109,334,17.6666666666667,328.944444444444
"background",110,110,337.527777777778,2.13888888888889,76.0833333333333
"background",111,111,332.277777777778,15.5555555555556,575.638888888889
"background",112,112,339.222222222222,0.722222222222222,143.305555555556
"background",113,113,286.888888888889,14.5277777777778,613.583333333333
"background",114,114,343.888888888889,8.69444444444444,469.444444444444
"background",115,115,320.027777777778,36.5,584.194444444444
"background",116,116,317.5,62.8611111111111,571.555555555556
"background",117,117,336.888888888889,13.3611111111111,57.5
"background",118,118,318.333333333333,58.8611111111111,374.666666666667
"background",119,119,341.805555555556,0,252.722222222222
"background",120,120,323.611111111111,118.388888888889,383.777777777778
"background",121,121,344.416666666667,1.5,175.861111111111
"background",122,122,334.888888888889,16.3611111111111,304.25
"background",123,123,314.583333333333,27.5,134.638888888889
"background",124,124,322.611111111111,60.6944444444444,284.166666666667
"background",125,125,344.444444444444,1.75,484.472222222222
"background",126,126,344.027777777778,2.41666666666667,163.638888888889
"background",127,127,328.833333333333,5.11111111111111,445.222222222222
"background",128,128,328.25,74.75,263.222222222222
"background",129,129,319.916666666667,54,545.722222222222
"background",130,130,307.388888888889,220.527777777778,795.277777777778
"background",131,131,349.777777777778,5.13888888888889,549.166666666667
"background",132,132,330.222222222222,26.1111111111111,309.083333333333
"background",133,133,329.027777777778,6.22222222222222,418.166666666667
"background",134,134,330.527777777778,45.75,193.388888888889
"background",135,135,350.527777777778,2.5,289.75
"background",136,136,348.194444444444,1.61111111111111,409.916666666667
"background",137,137,336.361111111111,43.3333333333333,458.5
"background",138,138,288.666666666667,13.1111111111111,147.527777777778
"background",139,139,318.166666666667,97.6388888888889,650.055555555556
"background",140,140,336.944444444444,7.58333333333333,469.611111111111
"background",141,141,316.194444444444,36.3055555555556,493.388888888889
"background",142,142,319.111111111111,177.555555555556,714.305555555556
"background",143,143,290.875,96.8125,362.46875
"background",144,144,318.444444444444,0.694444444444444,191.305555555556
"background",145,145,326.972222222222,85.25,286.5
"background",146,146,334.694444444444,26.1388888888889,420.055555555556
"background",147,147,356.583333333333,4.63888888888889,581.222222222222
"background",148,148,309.5,185.194444444444,657.333333333333
