"species","x","y","bio5","bio14","bio18"
"species",1,1,300.730769230769,41.2307692307692,343.346153846154
"species",2,2,287.666666666667,34.25,497.083333333333
"species",3,3,312.638888888889,31.9166666666667,380.583333333333
"species",4,4,264.151515151515,53.6969696969697,733.757575757576
"species",5,5,300.730769230769,41.2307692307692,343.346153846154
"species",6,6,312.638888888889,31.9166666666667,380.583333333333
"species",7,7,287.666666666667,34.25,497.083333333333
"species",8,8,264.151515151515,53.6969696969697,733.757575757576
"species",9,9,264.151515151515,53.6969696969697,733.757575757576
"species",10,10,292.277777777778,24.6388888888889,452.944444444444
"species",11,11,287.666666666667,34.25,497.083333333333
"species",12,12,257.305555555556,53.8055555555556,716.944444444444
"species",13,13,282.305555555556,11.5277777777778,629.5
"species",14,14,287.222222222222,78.8611111111111,379.25
"species",15,15,312.638888888889,31.9166666666667,380.583333333333
"species",16,16,312.638888888889,31.9166666666667,380.583333333333
"species",17,17,276.666666666667,12.8611111111111,693.5
"species",18,18,280.638888888889,23.4444444444444,601.305555555556
"species",19,19,287.666666666667,34.25,497.083333333333
"species",20,20,308.361111111111,24.6111111111111,379.111111111111
"species",21,21,288.416666666667,26.7222222222222,611.416666666667
"species",22,22,265.194444444444,23.0277777777778,718.166666666667
"species",23,23,292.277777777778,24.6388888888889,452.944444444444
"species",24,24,313.333333333333,62.4444444444444,489.555555555556
"species",25,25,310.916666666667,18.0833333333333,534.222222222222
"species",26,26,312.638888888889,31.9166666666667,380.583333333333
"species",27,27,274.583333333333,81.2916666666667,570.375
"species",28,28,312.638888888889,31.9166666666667,380.583333333333
"species",29,29,293.638888888889,33.3888888888889,616.888888888889
"species",30,30,312.638888888889,31.9166666666667,380.583333333333
"species",31,31,312.638888888889,34.5833333333333,351.277777777778
"species",32,32,312.638888888889,31.9166666666667,380.583333333333
"species",33,33,300.730769230769,41.2307692307692,343.346153846154
"species",34,34,287.222222222222,78.8611111111111,379.25
"species",35,35,264.151515151515,53.6969696969697,733.757575757576
"species",36,36,292.277777777778,24.6388888888889,452.944444444444
"species",37,37,257.305555555556,53.8055555555556,716.944444444444
"species",38,38,264.151515151515,53.6969696969697,733.757575757576
"species",39,39,287.666666666667,34.25,497.083333333333
"species",40,40,284.583333333333,19.8055555555556,622.388888888889
"species",41,41,292.277777777778,24.6388888888889,452.944444444444
"species",42,42,257.305555555556,53.8055555555556,716.944444444444
"species",43,43,291.222222222222,16.8888888888889,494.055555555556
"species",44,44,278.805555555556,14.0277777777778,576.722222222222
"species",45,45,300.730769230769,41.2307692307692,343.346153846154
"species",46,46,292.277777777778,24.6388888888889,452.944444444444
"species",47,47,287.666666666667,34.25,497.083333333333
"species",48,48,292.172413793103,66.0689655172414,730.827586206897
"species",49,49,292.172413793103,66.0689655172414,730.827586206897
"species",50,50,312.638888888889,31.9166666666667,380.583333333333
"species",51,51,287.666666666667,34.25,497.083333333333
"species",52,52,292.277777777778,24.6388888888889,452.944444444444
"species",53,53,257.305555555556,53.8055555555556,716.944444444444
"species",54,54,287.666666666667,34.25,497.083333333333
"species",55,55,312.638888888889,31.9166666666667,380.583333333333
"species",56,56,300.730769230769,41.2307692307692,343.346153846154
"species",57,57,265.194444444444,23.0277777777778,718.166666666667
"species",58,58,293.638888888889,33.3888888888889,616.888888888889
"species",59,59,312.638888888889,31.9166666666667,380.583333333333
"species",60,60,293.638888888889,33.3888888888889,616.888888888889
"species",61,61,276.666666666667,12.8611111111111,693.5
"species",62,62,300.730769230769,41.2307692307692,343.346153846154
"species",63,63,312.638888888889,31.9166666666667,380.583333333333
"species",64,64,272,83.1944444444444,486.666666666667
"species",65,65,265.194444444444,23.0277777777778,718.166666666667
"species",66,66,293.638888888889,33.3888888888889,616.888888888889
"species",67,67,257.305555555556,53.8055555555556,716.944444444444
"species",68,68,292.888888888889,64.3888888888889,306.111111111111
"species",69,69,292.172413793103,66.0689655172414,730.827586206897
"species",70,70,300.730769230769,41.2307692307692,343.346153846154
"species",71,71,312.638888888889,31.9166666666667,380.583333333333
"species",72,72,301.888888888889,62.1388888888889,304.611111111111
"species",73,73,312.638888888889,34.5833333333333,351.277777777778
"species",74,74,311.928571428571,49.75,241.071428571429
"species",75,75,257.305555555556,53.8055555555556,716.944444444444
"species",76,76,293.638888888889,33.3888888888889,616.888888888889
"species",77,77,300.730769230769,41.2307692307692,343.346153846154
"species",78,78,292.888888888889,64.3888888888889,306.111111111111
"species",79,79,312.638888888889,31.9166666666667,380.583333333333
"species",80,80,282.361111111111,54.5,580.083333333333
"species",81,81,300.730769230769,41.2307692307692,343.346153846154
"species",82,82,300.730769230769,41.2307692307692,343.346153846154
"species",83,83,300.730769230769,41.2307692307692,343.346153846154
"species",84,84,257.305555555556,53.8055555555556,716.944444444444
"species",85,85,300.730769230769,41.2307692307692,343.346153846154
"species",86,86,310.916666666667,18.0833333333333,534.222222222222
"species",87,87,287.666666666667,34.25,497.083333333333
"species",88,88,265.194444444444,23.0277777777778,718.166666666667
"species",89,89,293.638888888889,33.3888888888889,616.888888888889
"species",90,90,286.111111111111,9.52777777777778,590.055555555556
"species",91,91,257.305555555556,53.8055555555556,716.944444444444
"species",92,92,312.638888888889,31.9166666666667,380.583333333333
"species",93,93,300.730769230769,41.2307692307692,343.346153846154
"species",94,94,278.555555555556,78.3333333333333,370.916666666667
"species",95,95,312.638888888889,34.5833333333333,351.277777777778
"species",96,96,265.194444444444,23.0277777777778,718.166666666667
"species",97,97,292.277777777778,24.6388888888889,452.944444444444
"species",98,98,282.805555555556,36.4444444444444,526.666666666667
"species",99,99,286.111111111111,9.52777777777778,590.055555555556
"species",100,100,312.638888888889,31.9166666666667,380.583333333333
"species",101,101,300.730769230769,41.2307692307692,343.346153846154
"species",102,102,291.222222222222,16.8888888888889,494.055555555556
"species",103,103,312.638888888889,31.9166666666667,380.583333333333
"species",104,104,292.888888888889,64.3888888888889,306.111111111111
"species",105,105,312.638888888889,31.9166666666667,380.583333333333
"species",106,106,291.222222222222,16.8888888888889,494.055555555556
"species",107,107,312.638888888889,31.9166666666667,380.583333333333
"species",108,108,292.277777777778,24.6388888888889,452.944444444444
"species",109,109,291.222222222222,16.8888888888889,494.055555555556
"species",110,110,312.638888888889,31.9166666666667,380.583333333333
"species",111,111,300.730769230769,41.2307692307692,343.346153846154
"species",112,112,257.305555555556,53.8055555555556,716.944444444444
"species",113,113,300.730769230769,41.2307692307692,343.346153846154
"species",114,114,300.730769230769,41.2307692307692,343.346153846154
"species",115,115,257.305555555556,53.8055555555556,716.944444444444
"species",116,116,335.722222222222,24.9444444444444,491.916666666667
"species",117,117,265.194444444444,23.0277777777778,718.166666666667
"species",118,118,312.638888888889,31.9166666666667,380.583333333333
"species",119,119,292.277777777778,24.6388888888889,452.944444444444
"species",120,120,300.730769230769,41.2307692307692,343.346153846154
"species",121,121,287.666666666667,34.25,497.083333333333
"species",122,122,301.888888888889,62.1388888888889,304.611111111111
"species",123,123,300.730769230769,41.2307692307692,343.346153846154
"species",124,124,257.305555555556,53.8055555555556,716.944444444444
"species",125,125,293.638888888889,33.3888888888889,616.888888888889
"species",126,126,292.277777777778,24.6388888888889,452.944444444444
"species",127,127,278.555555555556,78.3333333333333,370.916666666667
"species",128,128,312.638888888889,31.9166666666667,380.583333333333
"species",129,129,300.730769230769,41.2307692307692,343.346153846154
"species",130,130,293.638888888889,33.3888888888889,616.888888888889
"species",131,131,312.638888888889,31.9166666666667,380.583333333333
"species",132,132,292.277777777778,24.6388888888889,452.944444444444
"species",133,133,292.172413793103,66.0689655172414,730.827586206897
"species",134,134,300.730769230769,41.2307692307692,343.346153846154
"species",135,135,293.638888888889,33.3888888888889,616.888888888889
"species",136,136,264.151515151515,53.6969696969697,733.757575757576
