"species","x","y","bio5","bio14","bio18"
"background",1,1,343.472222222222,0.583333333333333,152.277777777778
"background",2,2,322.444444444444,66.5833333333333,285.833333333333
"background",3,3,320.027777777778,36.5,584.194444444444
"background",4,4,332.527777777778,54.9166666666667,204.972222222222
"background",5,5,339.388888888889,9.66666666666667,154.361111111111
"background",6,6,325.888888888889,0.5,281.722222222222
"background",7,7,312.638888888889,31.9166666666667,380.583333333333
"background",8,8,313.666666666667,22.5833333333333,563.555555555556
"background",9,9,323.583333333333,50.8888888888889,250.305555555556
"background",10,10,322.527777777778,20.2777777777778,201.944444444444
"background",11,11,340.666666666667,53.9166666666667,194.277777777778
"background",12,12,326.416666666667,78.5,333.333333333333
"background",13,13,311.388888888889,4.47222222222222,389.055555555556
"background",14,14,327.444444444444,79.1388888888889,261.527777777778
"background",15,15,312.916666666667,64.7222222222222,483.972222222222
"background",16,16,261.888888888889,74.3055555555556,502.972222222222
"background",17,17,316.916666666667,64.75,589.361111111111
"background",18,18,309.5,33.5277777777778,530.138888888889
"background",19,19,295.111111111111,17.7222222222222,251.75
"background",20,20,329.694444444444,51.3055555555556,201.833333333333
"background",21,21,331.916666666667,12.1388888888889,396.5
"background",22,22,336.944444444444,7.58333333333333,469.611111111111
"background",23,23,302.472222222222,20.0277777777778,599.166666666667
"background",24,24,321.083333333333,156.972222222222,505.75
"background",25,25,318.694444444444,34.8055555555556,264.777777777778
"background",26,26,340.777777777778,3.58333333333333,415.583333333333
"background",27,27,311.194444444444,30.4166666666667,190.555555555556
"background",28,28,327.527777777778,21.9444444444444,468.027777777778
"background",29,29,312.083333333333,37.3333333333333,305.888888888889
"background",30,30,309.388888888889,23.2222222222222,174.277777777778
"background",31,31,309.722222222222,5.55555555555556,171.666666666667
"background",32,32,356.5,4.55555555555556,548.194444444444
"background",33,33,303.444444444444,11,219.388888888889
"background",34,34,341.972222222222,8.47222222222222,284.444444444444
"background",35,35,339.916666666667,28.3333333333333,468.722222222222
"background",36,36,351.194444444444,0.916666666666667,180
"background",37,37,324.555555555556,1.91666666666667,212.472222222222
"background",38,38,326.083333333333,55.2222222222222,247.305555555556
"background",39,39,326.361111111111,18.1111111111111,379.388888888889
"background",40,40,323.527777777778,70.6666666666667,370.166666666667
"background",41,41,320.833333333333,29.3333333333333,598.333333333333
"background",42,42,322.777777777778,138.222222222222,517.805555555556
"background",43,43,315.25,103.555555555556,575.138888888889
"background",44,44,349.388888888889,1.11111111111111,439.722222222222
"background",45,45,302.138888888889,12.75,307.333333333333
"background",46,46,324.25,19.0277777777778,91.1666666666667
"background",47,47,324.138888888889,2.19444444444444,177.388888888889
"background",48,48,309.5,185.194444444444,657.333333333333
"background",49,49,331.416666666667,56.9722222222222,373.277777777778
"background",50,50,296.416666666667,28.1666666666667,262.777777777778
"background",51,51,352.388888888889,2.63888888888889,521.583333333333
"background",52,52,343.111111111111,13.25,75.1944444444444
"background",53,53,345.888888888889,20.8611111111111,430.611111111111
"background",54,54,317.972222222222,54.9722222222222,583.25
"background",55,55,320.5,86.3333333333333,396.25
"background",56,56,332.555555555556,4.69444444444444,70.6111111111111
"background",57,57,312.638888888889,34.5833333333333,351.277777777778
"background",58,58,325.472222222222,2.83333333333333,200.666666666667
"background",59,59,308.305555555556,15.0277777777778,436.833333333333
"background",60,60,337.888888888889,4.05555555555556,410.722222222222
"background",61,61,318.5,127.916666666667,581.833333333333
"background",62,62,307.388888888889,220.527777777778,795.277777777778
"background",63,63,308.833333333333,16.9166666666667,196.222222222222
"background",64,64,297.472222222222,104.388888888889,378.805555555556
"background",65,65,277.944444444444,11.4722222222222,732.222222222222
"background",66,66,340.527777777778,7.27777777777778,118.305555555556
"background",67,67,339.25,25.2777777777778,513.388888888889
"background",68,68,305.25,35.1666666666667,292.361111111111
"background",69,69,346.305555555556,7.36111111111111,249.472222222222
"background",70,70,303.083333333333,4.97222222222222,356.277777777778
"background",71,71,320.194444444444,174.361111111111,594.361111111111
"background",72,72,306.583333333333,19.4444444444444,353.444444444444
"background",73,73,317.222222222222,30.3055555555556,481.5
"background",74,74,288.194444444444,80.6111111111111,361.027777777778
"background",75,75,320.722222222222,84.6111111111111,421.222222222222
"background",76,76,319.861111111111,36.25,142.027777777778
"background",77,77,315.194444444444,19.6666666666667,445.444444444444
"background",78,78,304.416666666667,4.91666666666667,339.416666666667
"background",79,79,322.611111111111,60.6944444444444,284.166666666667
"background",80,80,319.027777777778,60.8611111111111,550.583333333333
"background",81,81,320.305555555556,53.9444444444444,245.611111111111
"background",82,82,288.944444444444,125.027777777778,470.5
"background",83,83,315.777777777778,162.416666666667,541.194444444444
"background",84,84,321.055555555556,1.47222222222222,162.527777777778
"background",85,85,333.083333333333,11.9722222222222,271.222222222222
"background",86,86,334.416666666667,14.5555555555556,275.138888888889
"background",87,87,291.222222222222,16.8888888888889,494.055555555556
"background",88,88,324.722222222222,108.555555555556,392.5
"background",89,89,342.416666666667,2.19444444444444,93.5555555555556
"background",90,90,324.694444444444,40.9444444444444,174.527777777778
"background",91,91,308.277777777778,13.9722222222222,621.194444444444
"background",92,92,274.583333333333,81.2916666666667,570.375
"background",93,93,349.25,4.27777777777778,306
"background",94,94,258.805555555556,26.8611111111111,683.277777777778
"background",95,95,308.388888888889,217.527777777778,738.444444444444
"background",96,96,327.361111111111,1.30555555555556,202.555555555556
"background",97,97,329.305555555556,3.36111111111111,438.861111111111
"background",98,98,327.694444444444,80.2222222222222,290.333333333333
"background",99,99,316.722222222222,0.388888888888889,305.888888888889
"background",100,100,318.5,28.2222222222222,650.083333333333
"background",101,101,287.666666666667,34.25,497.083333333333
"background",102,102,330.333333333333,14.6666666666667,351.305555555556
"background",103,103,340.111111111111,7.69444444444444,345.777777777778
"background",104,104,312.111111111111,148.472222222222,601.361111111111
"background",105,105,317,79.4722222222222,651.333333333333
"background",106,106,315.277777777778,8.19444444444444,297.833333333333
"background",107,107,312.361111111111,199.083333333333,610.694444444444
"background",108,108,306.515151515152,61.9090909090909,290.878787878788
"background",109,109,329.75,15.3055555555556,465.694444444444
"background",110,110,310.805555555556,57.6111111111111,439.138888888889
"background",111,111,328.583333333333,33.6388888888889,130.138888888889
"background",112,112,346.75,13.9444444444444,389.916666666667
"background",113,113,315.5,7.11111111111111,683.916666666667
"background",114,114,343.083333333333,0,170.027777777778
"background",115,115,273.888888888889,61.8055555555556,487.805555555556
"background",116,116,312.972222222222,19.5277777777778,527.083333333333
"background",117,117,329.638888888889,19.7222222222222,142.222222222222
"background",118,118,335.722222222222,24.9444444444444,491.916666666667
"background",119,119,347.055555555556,8.72222222222222,311.75
"background",120,120,333.027777777778,4.97222222222222,453.972222222222
"background",121,121,343.277777777778,8.08333333333333,75.9722222222222
"background",122,122,331.277777777778,2.80555555555556,166.833333333333
"background",123,123,354.638888888889,9.36111111111111,75.4166666666667
"background",124,124,305.25,2.11111111111111,258.694444444444
"background",125,125,320.111111111111,17.2777777777778,561.222222222222
"background",126,126,312.444444444444,112.166666666667,627.583333333333
"background",127,127,321.111111111111,144.194444444444,471.611111111111
"background",128,128,339.611111111111,12.7222222222222,258.361111111111
"background",129,129,330.527777777778,45.75,193.388888888889
"background",130,130,311.928571428571,49.75,241.071428571429
"background",131,131,312.416666666667,6.5,757.666666666667
"background",132,132,342.861111111111,2.13888888888889,154.5
"background",133,133,315.888888888889,70.5833333333333,621.388888888889
"background",134,134,300.972222222222,5.97222222222222,189.138888888889
"background",135,135,309.972222222222,156.638888888889,620.027777777778
"background",136,136,262.833333333333,122.444444444444,460.111111111111
"background",137,137,300.730769230769,41.2307692307692,343.346153846154
"background",138,138,319.361111111111,32.0277777777778,528.222222222222
"background",139,139,321.805555555556,54.5,266.5
"background",140,140,318.138888888889,24.6388888888889,653
"background",141,141,321.916666666667,46.6944444444444,232.416666666667
"background",142,142,343.888888888889,8.69444444444444,469.444444444444
"background",143,143,349.777777777778,5.13888888888889,549.166666666667
"background",144,144,356.944444444444,11.1666666666667,348.444444444444
"background",145,145,324.75,44.7777777777778,200.972222222222
"background",146,146,327.75,46.4166666666667,250.833333333333
"background",147,147,306.222222222222,17.5277777777778,581.888888888889
"background",148,148,317.027777777778,2,142.583333333333
