"species","x","y","bio5","bio14","bio18"
"background",1,1,337.083333333333,0.25,188.805555555556
"background",2,2,316.305555555556,26.5833333333333,489.166666666667
"background",3,3,316.444444444444,183.638888888889,655.861111111111
"background",4,4,339.25,25.2777777777778,513.388888888889
"background",5,5,318.694444444444,34.8055555555556,264.777777777778
"background",6,6,307.388888888889,220.527777777778,795.277777777778
"background",7,7,300.972222222222,5.97222222222222,189.138888888889
"background",8,8,349.777777777778,5.13888888888889,549.166666666667
"background",9,9,351.138888888889,3.5,466.027777777778
"background",10,10,326.972222222222,85.25,286.5
"background",11,11,317.638888888889,59.8888888888889,523.444444444444
"background",12,12,310.694444444444,4.13888888888889,539.555555555556
"background",13,13,317.333333333333,31.5833333333333,472.416666666667
"background",14,14,339.666666666667,8.47222222222222,267.888888888889
"background",15,15,308.555555555556,37.3888888888889,451.694444444444
"background",16,16,318.305555555556,5.41666666666667,218.805555555556
