"species","x","y","bio5","bio14","bio18"
"background",1,1,349.388888888889,1.11111111111111,439.722222222222
"background",2,2,312.694444444444,13.5833333333333,436.138888888889
"background",3,3,323.25,65.5833333333333,571.972222222222
"background",4,4,322.694444444444,78.5,479.944444444444
"background",5,5,326.333333333333,64.75,266.5
"background",6,6,317,1.44444444444444,197.75
"background",7,7,319.944444444444,78.0277777777778,355.361111111111
"background",8,8,330.5,1.52777777777778,89.0833333333333
"background",9,9,309.527777777778,174.861111111111,586.916666666667
"background",10,10,320.861111111111,5.83333333333333,113.972222222222
"background",11,11,318.583333333333,19.4722222222222,214.583333333333
"background",12,12,344.055555555556,17.4166666666667,383.75
"background",13,13,304.666666666667,13.2777777777778,642.222222222222
"background",14,14,337.527777777778,2.13888888888889,76.0833333333333
"background",15,15,334.611111111111,4.97222222222222,369.444444444444
"background",16,16,336.75,2.44444444444444,158.083333333333
"background",17,17,326.361111111111,18.1111111111111,379.388888888889
"background",18,18,315.888888888889,70.5833333333333,621.388888888889
"background",19,19,304.333333333333,5.41666666666667,567.194444444444
"background",20,20,322.111111111111,8.83333333333333,397.75
"background",21,21,323.305555555556,120.944444444444,406.638888888889
"background",22,22,343.888888888889,8.69444444444444,469.444444444444
"background",23,23,287.777777777778,101.666666666667,417.666666666667
"background",24,24,313.277777777778,132.416666666667,643.944444444444
"background",25,25,314.416666666667,109.111111111111,400.777777777778
"background",26,26,312.583333333333,79.6944444444444,384.75
"background",27,27,356.583333333333,4.63888888888889,581.222222222222
"background",28,28,311.25,40,474.083333333333
"background",29,29,314.583333333333,27.5,134.638888888889
"background",30,30,304.972222222222,73.8055555555556,288.111111111111
"background",31,31,343.083333333333,0,170.027777777778
"background",32,32,254.833333333333,117.944444444444,462.166666666667
"background",33,33,317.972222222222,54.9722222222222,583.25
"background",34,34,325.805555555556,2.80555555555556,159.611111111111
"background",35,35,324.75,44.7777777777778,200.972222222222
"background",36,36,320.5,86.3333333333333,396.25
"background",37,37,323,47.7777777777778,218.611111111111
"background",38,38,327.583333333333,67.2777777777778,283.333333333333
"background",39,39,344.416666666667,1.5,175.861111111111
"background",40,40,274.75,74.0555555555556,467.888888888889
"background",41,41,338.638888888889,2.19444444444444,80.4722222222222
"background",42,42,356.5,4.55555555555556,548.194444444444
"background",43,43,328.75,14.3888888888889,434.944444444444
"background",44,44,301.257142857143,66.0285714285714,276.342857142857
"background",45,45,332.527777777778,54.9166666666667,204.972222222222
"background",46,46,313.666666666667,33.4722222222222,490
"background",47,47,320.027777777778,7.38888888888889,374.5
"background",48,48,318,13.6388888888889,399.611111111111
"background",49,49,320.555555555556,27.25,121.722222222222
"background",50,50,344.222222222222,18.3055555555556,505.222222222222
"background",51,51,335.027777777778,9.94444444444444,464.444444444444
"background",52,52,272,83.1944444444444,486.666666666667
"background",53,53,324.138888888889,38.4166666666667,155.138888888889
"background",54,54,326.111111111111,95.5,342.861111111111
"background",55,55,303.5,11,664.527777777778
"background",56,56,336.361111111111,43.3333333333333,458.5
"background",57,57,315.944444444444,56.9166666666667,628.583333333333
"background",58,58,331.944444444444,12.6111111111111,398.5
"background",59,59,317.944444444444,105.305555555556,585.444444444444
"background",60,60,336.888888888889,13.3611111111111,57.5
"background",61,61,265.833333333333,93.0833333333333,505.166666666667
"background",62,62,330.916666666667,23.4444444444444,124.444444444444
"background",63,63,325.861111111111,22.8055555555556,107.472222222222
"background",64,64,313.611111111111,12.0555555555556,429.416666666667
"background",65,65,349.972222222222,9.22222222222222,81.9722222222222
"background",66,66,331.944444444444,30,133.555555555556
"background",67,67,305.638888888889,104.027777777778,356.333333333333
"background",68,68,282.722222222222,132.888888888889,558.611111111111
"background",69,69,320.027777777778,36.5,584.194444444444
"background",70,70,339.222222222222,0.722222222222222,143.305555555556
"background",71,71,334,17.6666666666667,328.944444444444
"background",72,72,328.694444444444,45.5555555555556,225.166666666667
"background",73,73,317.638888888889,59.8888888888889,523.444444444444
"background",74,74,273.388888888889,20.0277777777778,241.75
"background",75,75,329.777777777778,43.75,369.222222222222
"background",76,76,277.944444444444,11.4722222222222,732.222222222222
"background",77,77,329.583333333333,26.5,162.444444444444
"background",78,78,317.805555555556,8.22222222222222,354.944444444444
"background",79,79,343.388888888889,4.55555555555556,487.583333333333
"background",80,80,338.333333333333,30.3888888888889,347.527777777778
"background",81,81,290.875,96.8125,362.46875
"background",82,82,291.222222222222,16.8888888888889,494.055555555556
"background",83,83,307.388888888889,220.527777777778,795.277777777778
"background",84,84,326.416666666667,78.5,333.333333333333
"background",85,85,325.194444444444,25.6666666666667,497.111111111111
"background",86,86,304.055555555556,13.0555555555556,396.277777777778
"background",87,87,348.194444444444,1.61111111111111,409.916666666667
"background",88,88,342.666666666667,3.22222222222222,107.888888888889
"background",89,89,270.444444444444,78.5,473.694444444444
"background",90,90,329.527777777778,0.0833333333333333,240.805555555556
"background",91,91,286.944444444444,30.6111111111111,279.416666666667
"background",92,92,331.416666666667,56.9722222222222,373.277777777778
"background",93,93,325.777777777778,109.416666666667,397.944444444444
"background",94,94,317.5,62.8611111111111,571.555555555556
"background",95,95,327.027777777778,79.1944444444444,267.111111111111
"background",96,96,305.25,35.1666666666667,292.361111111111
"background",97,97,317.638888888889,159.888888888889,576.277777777778
"background",98,98,290.666666666667,41.9722222222222,506.472222222222
"background",99,99,316.194444444444,36.3055555555556,493.388888888889
"background",100,100,305.305555555556,212.194444444444,710.5
"background",101,101,312.972222222222,19.5277777777778,527.083333333333
"background",102,102,325.694444444444,75.3611111111111,347.611111111111
"background",103,103,343.222222222222,5.05555555555556,144.25
"background",104,104,278.805555555556,14.0277777777778,576.722222222222
"background",105,105,292.277777777778,24.6388888888889,452.944444444444
"background",106,106,319.861111111111,36.25,142.027777777778
"background",107,107,298,8.63888888888889,387.805555555556
"background",108,108,313.333333333333,62.4444444444444,489.555555555556
"background",109,109,328.25,74.75,263.222222222222
"background",110,110,326.777777777778,93.6111111111111,376
"background",111,111,290.138888888889,6.33333333333333,231.5
"background",112,112,315.833333333333,91.3055555555556,480.444444444444
"background",113,113,317.75,11.1666666666667,415.722222222222
"background",114,114,313.666666666667,28.1111111111111,437.055555555556
"background",115,115,333.388888888889,21.0277777777778,396.25
"background",116,116,328.416666666667,207.305555555556,706.388888888889
"background",117,117,326.972222222222,85.25,286.5
"background",118,118,327.916666666667,41.7777777777778,198.222222222222
"background",119,119,309.083333333333,143.388888888889,691.944444444444
"background",120,120,291.361111111111,57.7222222222222,493.916666666667
"background",121,121,349.888888888889,5.61111111111111,283.333333333333
"background",122,122,327.055555555556,54.0277777777778,203.027777777778
"background",123,123,318.666666666667,7.52777777777778,469.722222222222
"background",124,124,309.5,185.194444444444,657.333333333333
"background",125,125,328.833333333333,5.11111111111111,445.222222222222
"background",126,126,326.333333333333,58.25,233.166666666667
"background",127,127,332.277777777778,15.5555555555556,575.638888888889
"background",128,128,288.666666666667,13.1111111111111,147.527777777778
"background",129,129,318.611111111111,59,287.638888888889
"background",130,130,344.027777777778,2.41666666666667,163.638888888889
"background",131,131,326.888888888889,52.9722222222222,537.777777777778
"background",132,132,327.342857142857,18.6571428571429,104.828571428571
"background",133,133,326.611111111111,46.0277777777778,230.638888888889
"background",134,134,339.916666666667,28.3333333333333,468.722222222222
"background",135,135,308.388888888889,217.527777777778,738.444444444444
"background",136,136,323.833333333333,61.6944444444444,235.055555555556
"background",137,137,339.833333333333,31.4444444444444,507.388888888889
"background",138,138,346.111111111111,3.38888888888889,216.111111111111
"background",139,139,320.305555555556,53.9444444444444,245.611111111111
"background",140,140,306.583333333333,19.4444444444444,353.444444444444
"background",141,141,347.305555555556,12.75,345.222222222222
"background",142,142,306.444444444444,34.5277777777778,197.138888888889
"background",143,143,293.638888888889,33.3888888888889,616.888888888889
"background",144,144,349.861111111111,12.8333333333333,351.583333333333
"background",145,145,322.888888888889,62.4722222222222,393.277777777778
"background",146,146,303.805555555556,4.97222222222222,222.444444444444
"background",147,147,333.388888888889,2.11111111111111,195.75
"background",148,148,324.972222222222,28.4444444444444,446.5
