"species","x","y","bio5","bio14","bio18"
"species",1,1,310.916666666667,18.0833333333333,534.222222222222
"species",2,2,300.730769230769,41.2307692307692,343.346153846154
"species",3,3,292.277777777778,24.6388888888889,452.944444444444
"species",4,4,287.666666666667,34.25,497.083333333333
"species",5,5,288.416666666667,26.7222222222222,611.416666666667
"species",6,6,310.916666666667,18.0833333333333,534.222222222222
"species",7,7,280.638888888889,23.4444444444444,601.305555555556
"species",8,8,335.722222222222,24.9444444444444,491.916666666667
"species",9,9,293.638888888889,33.3888888888889,616.888888888889
"species",10,10,312.638888888889,31.9166666666667,380.583333333333
"species",11,11,265.194444444444,23.0277777777778,718.166666666667
"species",12,12,282.361111111111,54.5,580.083333333333
"species",13,13,312.638888888889,31.9166666666667,380.583333333333
"species",14,14,278.805555555556,14.0277777777778,576.722222222222
"species",15,15,287.222222222222,78.8611111111111,379.25
"species",16,16,293.638888888889,33.3888888888889,616.888888888889
"species",17,17,300.730769230769,41.2307692307692,343.346153846154
"species",18,18,276.666666666667,12.8611111111111,693.5
"species",19,19,287.666666666667,34.25,497.083333333333
"species",20,20,291.222222222222,16.8888888888889,494.055555555556
"species",21,21,264.151515151515,53.6969696969697,733.757575757576
"species",22,22,293.638888888889,33.3888888888889,616.888888888889
"species",23,23,265.194444444444,23.0277777777778,718.166666666667
"species",24,24,300.730769230769,41.2307692307692,343.346153846154
"species",25,25,312.638888888889,31.9166666666667,380.583333333333
"species",26,26,287.666666666667,34.25,497.083333333333
"species",27,27,300.730769230769,41.2307692307692,343.346153846154
"species",28,28,264.151515151515,53.6969696969697,733.757575757576
"species",29,29,257.305555555556,53.8055555555556,716.944444444444
"species",30,30,292.888888888889,64.3888888888889,306.111111111111
"species",31,31,292.172413793103,66.0689655172414,730.827586206897
"species",32,32,312.638888888889,31.9166666666667,380.583333333333
"species",33,33,312.638888888889,31.9166666666667,380.583333333333
"species",34,34,313.333333333333,62.4444444444444,489.555555555556
"species",35,35,312.638888888889,31.9166666666667,380.583333333333
"species",36,36,264.151515151515,53.6969696969697,733.757575757576
"species",37,37,313.333333333333,62.4444444444444,489.555555555556
"species",38,38,282.361111111111,54.5,580.083333333333
"species",39,39,311.928571428571,49.75,241.071428571429
"species",40,40,312.638888888889,31.9166666666667,380.583333333333
"species",41,41,306.515151515152,61.9090909090909,290.878787878788
"species",42,42,287.666666666667,34.25,497.083333333333
"species",43,43,274.583333333333,81.2916666666667,570.375
"species",44,44,257.305555555556,53.8055555555556,716.944444444444
"species",45,45,312.638888888889,31.9166666666667,380.583333333333
"species",46,46,287.666666666667,34.25,497.083333333333
"species",47,47,257.305555555556,53.8055555555556,716.944444444444
"species",48,48,312.638888888889,31.9166666666667,380.583333333333
"species",49,49,308.361111111111,24.6111111111111,379.111111111111
"species",50,50,278.555555555556,78.3333333333333,370.916666666667
"species",51,51,292.277777777778,24.6388888888889,452.944444444444
"species",52,52,293.638888888889,33.3888888888889,616.888888888889
"species",53,53,282.305555555556,11.5277777777778,629.5
"species",54,54,300.730769230769,41.2307692307692,343.346153846154
"species",55,55,257.305555555556,53.8055555555556,716.944444444444
"species",56,56,264.151515151515,53.6969696969697,733.757575757576
"species",57,57,257.305555555556,53.8055555555556,716.944444444444
"species",58,58,312.638888888889,31.9166666666667,380.583333333333
"species",59,59,312.638888888889,31.9166666666667,380.583333333333
"species",60,60,286.111111111111,9.52777777777778,590.055555555556
"species",61,61,264.151515151515,53.6969696969697,733.757575757576
"species",62,62,310.916666666667,18.0833333333333,534.222222222222
"species",63,63,292.277777777778,24.6388888888889,452.944444444444
"species",64,64,287.666666666667,34.25,497.083333333333
"species",65,65,312.638888888889,31.9166666666667,380.583333333333
"species",66,66,292.277777777778,24.6388888888889,452.944444444444
"species",67,67,287.666666666667,34.25,497.083333333333
"species",68,68,292.277777777778,24.6388888888889,452.944444444444
"species",69,69,312.638888888889,31.9166666666667,380.583333333333
"species",70,70,300.730769230769,41.2307692307692,343.346153846154
"species",71,71,287.666666666667,34.25,497.083333333333
"species",72,72,272,83.1944444444444,486.666666666667
"species",73,73,278.555555555556,78.3333333333333,370.916666666667
"species",74,74,300.730769230769,41.2307692307692,343.346153846154
"species",75,75,292.172413793103,66.0689655172414,730.827586206897
"species",76,76,300.730769230769,41.2307692307692,343.346153846154
"species",77,77,287.222222222222,78.8611111111111,379.25
"species",78,78,287.666666666667,34.25,497.083333333333
"species",79,79,312.638888888889,31.9166666666667,380.583333333333
"species",80,80,265.194444444444,23.0277777777778,718.166666666667
"species",81,81,264.151515151515,53.6969696969697,733.757575757576
"species",82,82,312.638888888889,31.9166666666667,380.583333333333
"species",83,83,312.638888888889,31.9166666666667,380.583333333333
"species",84,84,300.730769230769,41.2307692307692,343.346153846154
"species",85,85,257.305555555556,53.8055555555556,716.944444444444
"species",86,86,293.638888888889,33.3888888888889,616.888888888889
"species",87,87,300.730769230769,41.2307692307692,343.346153846154
"species",88,88,292.172413793103,66.0689655172414,730.827586206897
"species",89,89,265.194444444444,23.0277777777778,718.166666666667
"species",90,90,276.666666666667,12.8611111111111,693.5
"species",91,91,292.277777777778,24.6388888888889,452.944444444444
"species",92,92,287.666666666667,34.25,497.083333333333
"species",93,93,300.730769230769,41.2307692307692,343.346153846154
"species",94,94,292.277777777778,24.6388888888889,452.944444444444
"species",95,95,265.194444444444,23.0277777777778,718.166666666667
"species",96,96,292.172413793103,66.0689655172414,730.827586206897
"species",97,97,293.638888888889,33.3888888888889,616.888888888889
"species",98,98,293.638888888889,33.3888888888889,616.888888888889
"species",99,99,312.638888888889,31.9166666666667,380.583333333333
"species",100,100,300.730769230769,41.2307692307692,343.346153846154
"species",101,101,300.730769230769,41.2307692307692,343.346153846154
"species",102,102,265.194444444444,23.0277777777778,718.166666666667
"species",103,103,312.638888888889,34.5833333333333,351.277777777778
"species",104,104,291.222222222222,16.8888888888889,494.055555555556
"species",105,105,312.638888888889,31.9166666666667,380.583333333333
"species",106,106,287.666666666667,34.25,497.083333333333
"species",107,107,293.638888888889,33.3888888888889,616.888888888889
"species",108,108,266.444444444444,38.5277777777778,568.166666666667
"species",109,109,300.730769230769,41.2307692307692,343.346153846154
"species",110,110,312.638888888889,31.9166666666667,380.583333333333
"species",111,111,312.638888888889,34.5833333333333,351.277777777778
"species",112,112,286.111111111111,9.52777777777778,590.055555555556
"species",113,113,264.151515151515,53.6969696969697,733.757575757576
"species",114,114,291.222222222222,16.8888888888889,494.055555555556
"species",115,115,312.638888888889,31.9166666666667,380.583333333333
"species",116,116,292.277777777778,24.6388888888889,452.944444444444
"species",117,117,300.730769230769,41.2307692307692,343.346153846154
"species",118,118,312.638888888889,31.9166666666667,380.583333333333
"species",119,119,257.305555555556,53.8055555555556,716.944444444444
"species",120,120,300.730769230769,41.2307692307692,343.346153846154
"species",121,121,312.638888888889,31.9166666666667,380.583333333333
"species",122,122,300.730769230769,41.2307692307692,343.346153846154
"species",123,123,312.638888888889,31.9166666666667,380.583333333333
"species",124,124,300.730769230769,41.2307692307692,343.346153846154
"species",125,125,292.277777777778,24.6388888888889,452.944444444444
"species",126,126,312.638888888889,31.9166666666667,380.583333333333
"species",127,127,260.666666666667,24.5833333333333,718.055555555556
"species",128,128,284.583333333333,19.8055555555556,622.388888888889
"species",129,129,292.277777777778,24.6388888888889,452.944444444444
"species",130,130,292.172413793103,66.0689655172414,730.827586206897
"species",131,131,291.222222222222,16.8888888888889,494.055555555556
"species",132,132,312.638888888889,31.9166666666667,380.583333333333
"species",133,133,291.222222222222,16.8888888888889,494.055555555556
"species",134,134,278.805555555556,14.0277777777778,576.722222222222
"species",135,135,293.638888888889,33.3888888888889,616.888888888889
"species",136,136,292.277777777778,24.6388888888889,452.944444444444
"species",137,137,257.305555555556,53.8055555555556,716.944444444444
"species",138,138,257.305555555556,53.8055555555556,716.944444444444
