"species","x","y","bio5","bio14","bio18"
"background",1,1,308.833333333333,16.9166666666667,196.222222222222
"background",2,2,321.805555555556,54.5,266.5
"background",3,3,300.972222222222,5.97222222222222,189.138888888889
"background",4,4,333.083333333333,11.9722222222222,271.222222222222
"background",5,5,313.130434782609,31,199.95652173913
"background",6,6,305.25,2.11111111111111,258.694444444444
"background",7,7,338.833333333333,12.1388888888889,110.833333333333
"background",8,8,340.527777777778,7.27777777777778,118.305555555556
"background",9,9,332.972222222222,48.7222222222222,323.888888888889
"background",10,10,323.527777777778,70.6666666666667,370.166666666667
"background",11,11,340.111111111111,7.69444444444444,345.777777777778
"background",12,12,300.730769230769,41.2307692307692,343.346153846154
"background",13,13,315.777777777778,162.416666666667,541.194444444444
"background",14,14,324.694444444444,40.9444444444444,174.527777777778
"background",15,15,320.194444444444,174.361111111111,594.361111111111
"background",16,16,313.666666666667,22.5833333333333,563.555555555556
"background",17,17,310.916666666667,18.0833333333333,534.222222222222
"background",18,18,322.777777777778,138.222222222222,517.805555555556
"background",19,19,309.388888888889,23.2222222222222,174.277777777778
"background",20,20,317.333333333333,31.5833333333333,472.416666666667
"background",21,21,349.25,4.27777777777778,306
"background",22,22,342.416666666667,2.19444444444444,93.5555555555556
"background",23,23,321.166666666667,6.61111111111111,617.666666666667
"background",24,24,328.833333333333,5.11111111111111,445.222222222222
"background",25,25,305.25,35.1666666666667,292.361111111111
"background",26,26,323.833333333333,55.5,247.833333333333
"background",27,27,350.527777777778,2.5,289.75
"background",28,28,302.138888888889,12.75,307.333333333333
"background",29,29,312.444444444444,112.166666666667,627.583333333333
"background",30,30,356.5,4.55555555555556,548.194444444444
"background",31,31,309.972222222222,156.638888888889,620.027777777778
"background",32,32,327.083333333333,49.0555555555556,191.694444444444
"background",33,33,315.277777777778,8.19444444444444,297.833333333333
"background",34,34,326.083333333333,55.2222222222222,247.305555555556
"background",35,35,320.111111111111,17.2777777777778,561.222222222222
"background",36,36,298.055555555556,119.388888888889,420.972222222222
"background",37,37,329.972222222222,23.5,360.416666666667
"background",38,38,327.444444444444,79.1388888888889,261.527777777778
"background",39,39,332.5,69.6388888888889,240.666666666667
"background",40,40,315.5,7.11111111111111,683.916666666667
"background",41,41,312.916666666667,64.7222222222222,483.972222222222
"background",42,42,322.527777777778,20.2777777777778,201.944444444444
"background",43,43,308.305555555556,15.0277777777778,436.833333333333
"background",44,44,322.611111111111,60.6944444444444,284.166666666667
"background",45,45,326.472222222222,3.88888888888889,68.5
"background",46,46,308.388888888889,217.527777777778,738.444444444444
"background",47,47,298.888888888889,12.3611111111111,485.222222222222
"background",48,48,321.444444444444,8.97222222222222,350.5
"background",49,49,347.361111111111,18.5277777777778,488.777777777778
"background",50,50,316.722222222222,0.388888888888889,305.888888888889
"background",51,51,351.138888888889,3.5,466.027777777778
"background",52,52,331.416666666667,56.9722222222222,373.277777777778
"background",53,53,352.388888888889,2.63888888888889,521.583333333333
"background",54,54,312.972222222222,19.5277777777778,527.083333333333
"background",55,55,339.611111111111,12.7222222222222,258.361111111111
"background",56,56,320.722222222222,84.6111111111111,421.222222222222
"background",57,57,332.777777777778,44.5833333333333,156.805555555556
"background",58,58,329.305555555556,3.36111111111111,438.861111111111
"background",59,59,318.694444444444,34.8055555555556,264.777777777778
"background",60,60,330.5,72.5,286.75
"background",61,61,343.083333333333,0,170.027777777778
"background",62,62,336.944444444444,7.58333333333333,469.611111111111
"background",63,63,356.944444444444,11.1666666666667,348.444444444444
"background",64,64,292.888888888889,8.77777777777778,407.027777777778
"background",65,65,309.722222222222,5.55555555555556,171.666666666667
"background",66,66,318.5,127.916666666667,581.833333333333
"background",67,67,291.222222222222,16.8888888888889,494.055555555556
"background",68,68,323.638888888889,44.25,179.222222222222
"background",69,69,318.138888888889,24.6388888888889,653
"background",70,70,346.75,13.9444444444444,389.916666666667
"background",71,71,339.916666666667,28.3333333333333,468.722222222222
"background",72,72,306.222222222222,17.5277777777778,581.888888888889
"background",73,73,319.361111111111,32.0277777777778,528.222222222222
"background",74,74,320.5,86.3333333333333,396.25
"background",75,75,324.25,19.0277777777778,91.1666666666667
"background",76,76,329.638888888889,19.7222222222222,142.222222222222
"background",77,77,318.5,28.2222222222222,650.083333333333
"background",78,78,343.111111111111,13.25,75.1944444444444
"background",79,79,317.388888888889,41.5277777777778,555.055555555556
"background",80,80,322.444444444444,66.5833333333333,285.833333333333
"background",81,81,312.638888888889,31.9166666666667,380.583333333333
"background",82,82,329.75,15.3055555555556,465.694444444444
"background",83,83,354.638888888889,9.36111111111111,75.4166666666667
"background",84,84,325.472222222222,2.83333333333333,200.666666666667
"background",85,85,306.722222222222,129.5,411.194444444444
"background",86,86,334.416666666667,14.5555555555556,275.138888888889
"background",87,87,345.888888888889,20.8611111111111,430.611111111111
"background",88,88,320.027777777778,36.5,584.194444444444
"background",89,89,315.194444444444,19.6666666666667,445.444444444444
"background",90,90,328.277777777778,10.8333333333333,118.805555555556
"background",91,91,323.583333333333,50.8888888888889,250.305555555556
"background",92,92,283.666666666667,87.5151515151515,294.090909090909
"background",93,93,349.777777777778,5.13888888888889,549.166666666667
"background",94,94,277.944444444444,11.4722222222222,732.222222222222
"background",95,95,326.416666666667,78.5,333.333333333333
"background",96,96,316.916666666667,64.75,589.361111111111
"background",97,97,295.166666666667,126.5,536.222222222222
"background",98,98,288.194444444444,80.6111111111111,361.027777777778
"background",99,99,310.805555555556,57.6111111111111,439.138888888889
"background",100,100,311.194444444444,30.4166666666667,190.555555555556
"background",101,101,327.75,46.4166666666667,250.833333333333
"background",102,102,332.222222222222,69.0833333333333,301
"background",103,103,343.888888888889,8.69444444444444,469.444444444444
"background",104,104,314.305555555556,134.277777777778,628.916666666667
"background",105,105,328.583333333333,33.6388888888889,130.138888888889
"background",106,106,280.638888888889,23.4444444444444,601.305555555556
"background",107,107,331.277777777778,2.80555555555556,166.833333333333
"background",108,108,343.388888888889,0.527777777777778,182.861111111111
"background",109,109,310.222222222222,1.52777777777778,233.583333333333
"background",110,110,327.916666666667,41.7777777777778,198.222222222222
"background",111,111,349.388888888889,1.11111111111111,439.722222222222
"background",112,112,324.722222222222,108.555555555556,392.5
"background",113,113,327.361111111111,1.30555555555556,202.555555555556
"background",114,114,340.777777777778,3.58333333333333,415.583333333333
"background",115,115,331.916666666667,12.1388888888889,396.5
"background",116,116,332.555555555556,4.69444444444444,70.6111111111111
"background",117,117,351.194444444444,0.916666666666667,180
"background",118,118,315.888888888889,70.5833333333333,621.388888888889
"background",119,119,335.722222222222,24.9444444444444,491.916666666667
"background",120,120,330.527777777778,45.75,193.388888888889
"background",121,121,261.888888888889,74.3055555555556,502.972222222222
"background",122,122,346.694444444444,0.472222222222222,230.777777777778
"background",123,123,322.194444444444,0.972222222222222,262.861111111111
"background",124,124,288.944444444444,125.027777777778,470.5
"background",125,125,343.472222222222,0.583333333333333,152.277777777778
"background",126,126,317.75,11.1666666666667,415.722222222222
"background",127,127,330.333333333333,14.6666666666667,351.305555555556
"background",128,128,339.25,25.2777777777778,513.388888888889
"background",129,129,312.333333333333,2.52777777777778,311.25
"background",130,130,346.305555555556,7.36111111111111,249.472222222222
"background",131,131,331.277777777778,14.5833333333333,313.388888888889
"background",132,132,309.5,33.5277777777778,530.138888888889
"background",133,133,349.861111111111,12.8333333333333,351.583333333333
"background",134,134,327.388888888889,60.3888888888889,481.305555555556
"background",135,135,312.416666666667,6.5,757.666666666667
"background",136,136,327.055555555556,54.0277777777778,203.027777777778
"background",137,137,312.638888888889,34.5833333333333,351.277777777778
"background",138,138,312.111111111111,148.472222222222,601.361111111111
"background",139,139,295.111111111111,17.7222222222222,251.75
"background",140,140,311.928571428571,49.75,241.071428571429
"background",141,141,321.916666666667,46.6944444444444,232.416666666667
"background",142,142,320.833333333333,29.3333333333333,598.333333333333
"background",143,143,265.833333333333,93.0833333333333,505.166666666667
"background",144,144,297.472222222222,104.388888888889,378.805555555556
"background",145,145,342.861111111111,2.13888888888889,154.5
"background",146,146,312.083333333333,37.3333333333333,305.888888888889
"background",147,147,305.638888888889,104.027777777778,356.333333333333
"background",148,148,327.694444444444,80.2222222222222,290.333333333333
