"species","x","y","bio5","bio14","bio18"
"species",1,1,293.638888888889,33.3888888888889,616.888888888889
"species",2,2,282.361111111111,54.5,580.083333333333
"species",3,3,310.916666666667,18.0833333333333,534.222222222222
"species",4,4,257.305555555556,53.8055555555556,716.944444444444
"species",5,5,292.277777777778,24.6388888888889,452.944444444444
"species",6,6,312.638888888889,31.9166666666667,380.583333333333
"species",7,7,293.638888888889,33.3888888888889,616.888888888889
"species",8,8,292.888888888889,64.3888888888889,306.111111111111
"species",9,9,292.277777777778,24.6388888888889,452.944444444444
"species",10,10,265.194444444444,23.0277777777778,718.166666666667
"species",11,11,293.638888888889,33.3888888888889,616.888888888889
"species",12,12,306.515151515152,61.9090909090909,290.878787878788
"species",13,13,257.305555555556,53.8055555555556,716.944444444444
"species",14,14,257.305555555556,53.8055555555556,716.944444444444
"species",15,15,300.730769230769,41.2307692307692,343.346153846154
"species",16,16,292.277777777778,24.6388888888889,452.944444444444
"species",17,17,300.730769230769,41.2307692307692,343.346153846154
"species",18,18,292.277777777778,24.6388888888889,452.944444444444
"species",19,19,293.638888888889,33.3888888888889,616.888888888889
"species",20,20,274.583333333333,81.2916666666667,570.375
"species",21,21,291.222222222222,16.8888888888889,494.055555555556
"species",22,22,287.666666666667,34.25,497.083333333333
"species",23,23,308.361111111111,24.6111111111111,379.111111111111
"species",24,24,300.730769230769,41.2307692307692,343.346153846154
"species",25,25,312.638888888889,31.9166666666667,380.583333333333
"species",26,26,313.333333333333,62.4444444444444,489.555555555556
"species",27,27,272,83.1944444444444,486.666666666667
"species",28,28,278.805555555556,14.0277777777778,576.722222222222
"species",29,29,292.277777777778,24.6388888888889,452.944444444444
"species",30,30,300.730769230769,41.2307692307692,343.346153846154
"species",31,31,257.305555555556,53.8055555555556,716.944444444444
"species",32,32,282.361111111111,54.5,580.083333333333
"species",33,33,287.666666666667,34.25,497.083333333333
"species",34,34,300.730769230769,41.2307692307692,343.346153846154
"species",35,35,312.638888888889,31.9166666666667,380.583333333333
"species",36,36,292.888888888889,64.3888888888889,306.111111111111
"species",37,37,312.638888888889,31.9166666666667,380.583333333333
"species",38,38,300.730769230769,41.2307692307692,343.346153846154
"species",39,39,264.151515151515,53.6969696969697,733.757575757576
"species",40,40,312.638888888889,31.9166666666667,380.583333333333
"species",41,41,300.730769230769,41.2307692307692,343.346153846154
"species",42,42,292.277777777778,24.6388888888889,452.944444444444
"species",43,43,264.151515151515,53.6969696969697,733.757575757576
"species",44,44,312.638888888889,31.9166666666667,380.583333333333
"species",45,45,287.666666666667,34.25,497.083333333333
"species",46,46,291.222222222222,16.8888888888889,494.055555555556
"species",47,47,293.638888888889,33.3888888888889,616.888888888889
"species",48,48,264.151515151515,53.6969696969697,733.757575757576
"species",49,49,291.222222222222,16.8888888888889,494.055555555556
"species",50,50,312.638888888889,31.9166666666667,380.583333333333
"species",51,51,287.666666666667,34.25,497.083333333333
"species",52,52,300.730769230769,41.2307692307692,343.346153846154
"species",53,53,335.722222222222,24.9444444444444,491.916666666667
"species",54,54,293.638888888889,33.3888888888889,616.888888888889
"species",55,55,312.638888888889,31.9166666666667,380.583333333333
"species",56,56,313.333333333333,62.4444444444444,489.555555555556
"species",57,57,265.194444444444,23.0277777777778,718.166666666667
"species",58,58,312.638888888889,31.9166666666667,380.583333333333
"species",59,59,293.638888888889,33.3888888888889,616.888888888889
"species",60,60,272,83.1944444444444,486.666666666667
"species",61,61,264.151515151515,53.6969696969697,733.757575757576
"species",62,62,292.172413793103,66.0689655172414,730.827586206897
"species",63,63,287.666666666667,34.25,497.083333333333
"species",64,64,266.444444444444,38.5277777777778,568.166666666667
"species",65,65,257.305555555556,53.8055555555556,716.944444444444
"species",66,66,312.638888888889,31.9166666666667,380.583333333333
"species",67,67,264.151515151515,53.6969696969697,733.757575757576
"species",68,68,291.222222222222,16.8888888888889,494.055555555556
"species",69,69,312.638888888889,34.5833333333333,351.277777777778
"species",70,70,292.888888888889,64.3888888888889,306.111111111111
"species",71,71,300.730769230769,41.2307692307692,343.346153846154
"species",72,72,292.172413793103,66.0689655172414,730.827586206897
"species",73,73,300.730769230769,41.2307692307692,343.346153846154
"species",74,74,300.730769230769,41.2307692307692,343.346153846154
"species",75,75,301.888888888889,62.1388888888889,304.611111111111
"species",76,76,300.730769230769,41.2307692307692,343.346153846154
"species",77,77,265.194444444444,23.0277777777778,718.166666666667
"species",78,78,264.151515151515,53.6969696969697,733.757575757576
"species",79,79,291.222222222222,16.8888888888889,494.055555555556
"species",80,80,260.666666666667,24.5833333333333,718.055555555556
"species",81,81,289.333333333333,16.1111111111111,314.472222222222
"species",82,82,292.172413793103,66.0689655172414,730.827586206897
"species",83,83,300.730769230769,41.2307692307692,343.346153846154
"species",84,84,300.730769230769,41.2307692307692,343.346153846154
"species",85,85,257.305555555556,53.8055555555556,716.944444444444
"species",86,86,264.151515151515,53.6969696969697,733.757575757576
"species",87,87,292.277777777778,24.6388888888889,452.944444444444
"species",88,88,287.222222222222,78.8611111111111,379.25
"species",89,89,257.305555555556,53.8055555555556,716.944444444444
"species",90,90,293.638888888889,33.3888888888889,616.888888888889
"species",91,91,300.730769230769,41.2307692307692,343.346153846154
"species",92,92,257.305555555556,53.8055555555556,716.944444444444
"species",93,93,312.638888888889,31.9166666666667,380.583333333333
"species",94,94,312.638888888889,31.9166666666667,380.583333333333
"species",95,95,278.555555555556,78.3333333333333,370.916666666667
"species",96,96,287.666666666667,34.25,497.083333333333
"species",97,97,265.194444444444,23.0277777777778,718.166666666667
"species",98,98,257.305555555556,53.8055555555556,716.944444444444
"species",99,99,284.583333333333,19.8055555555556,622.388888888889
"species",100,100,312.638888888889,31.9166666666667,380.583333333333
"species",101,101,312.638888888889,31.9166666666667,380.583333333333
"species",102,102,300.730769230769,41.2307692307692,343.346153846154
"species",103,103,292.277777777778,24.6388888888889,452.944444444444
"species",104,104,310.916666666667,18.0833333333333,534.222222222222
"species",105,105,312.638888888889,31.9166666666667,380.583333333333
"species",106,106,312.638888888889,31.9166666666667,380.583333333333
"species",107,107,304.083333333333,13.5833333333333,493.027777777778
"species",108,108,312.638888888889,31.9166666666667,380.583333333333
"species",109,109,300.730769230769,41.2307692307692,343.346153846154
"species",110,110,287.222222222222,78.8611111111111,379.25
"species",111,111,312.638888888889,31.9166666666667,380.583333333333
"species",112,112,292.277777777778,24.6388888888889,452.944444444444
"species",113,113,282.805555555556,36.4444444444444,526.666666666667
"species",114,114,312.638888888889,34.5833333333333,351.277777777778
"species",115,115,287.222222222222,78.8611111111111,379.25
"species",116,116,301.888888888889,62.1388888888889,304.611111111111
"species",117,117,300.730769230769,41.2307692307692,343.346153846154
"species",118,118,300.730769230769,41.2307692307692,343.346153846154
"species",119,119,312.638888888889,34.5833333333333,351.277777777778
"species",120,120,312.638888888889,31.9166666666667,380.583333333333
"species",121,121,282.361111111111,54.5,580.083333333333
"species",122,122,291.222222222222,16.8888888888889,494.055555555556
"species",123,123,288.416666666667,26.7222222222222,611.416666666667
"species",124,124,312.638888888889,31.9166666666667,380.583333333333
"species",125,125,287.666666666667,34.25,497.083333333333
"species",126,126,257.305555555556,53.8055555555556,716.944444444444
"species",127,127,278.555555555556,78.3333333333333,370.916666666667
"species",128,128,257.305555555556,53.8055555555556,716.944444444444
"species",129,129,310.916666666667,18.0833333333333,534.222222222222
"species",130,130,293.638888888889,33.3888888888889,616.888888888889
"species",131,131,300.730769230769,41.2307692307692,343.346153846154
"species",132,132,312.638888888889,31.9166666666667,380.583333333333
"species",133,133,287.666666666667,34.25,497.083333333333
"species",134,134,292.172413793103,66.0689655172414,730.827586206897
"species",135,135,312.638888888889,31.9166666666667,380.583333333333
"species",136,136,265.194444444444,23.0277777777778,718.166666666667
