"species","x","y","bio5","bio14","bio18","bio19"
"species",1,1,292.172413793103,66.0689655172414,730.827586206897,222.103448275862
"species",2,2,264.151515151515,53.6969696969697,733.757575757576,184.787878787879
"species",3,3,282.361111111111,54.5,580.083333333333,215.527777777778
"species",4,4,282.805555555556,36.4444444444444,526.666666666667,143.555555555556
"species",5,5,306.515151515152,61.9090909090909,290.878787878788,244.272727272727
"species",6,6,284.583333333333,19.8055555555556,622.388888888889,85.7777777777778
"species",7,7,289.333333333333,16.1111111111111,314.472222222222,65.3611111111111
"species",8,8,310.916666666667,18.0833333333333,534.222222222222,71.0277777777778
"species",9,9,301.888888888889,62.1388888888889,304.611111111111,253.388888888889
"species",10,10,265.194444444444,23.0277777777778,718.166666666667,87.7222222222222
"species",11,11,292.888888888889,64.3888888888889,306.111111111111,247.666666666667
"species",12,12,282.305555555556,11.5277777777778,629.5,54.4444444444444
"species",13,13,292.277777777778,24.6388888888889,452.944444444444,109.444444444444
"species",14,14,276.666666666667,12.8611111111111,693.5,79.0277777777778
"species",15,15,272,83.1944444444444,486.666666666667,296.083333333333
"species",16,16,278.805555555556,14.0277777777778,576.722222222222,53.9444444444444
"species",17,17,280.638888888889,23.4444444444444,601.305555555556,89.4722222222222
"species",18,18,308.361111111111,24.6111111111111,379.111111111111,90.3888888888889
"species",19,19,287.666666666667,34.25,497.083333333333,120.333333333333
"species",20,20,278.555555555556,78.3333333333333,370.916666666667,370.666666666667
"species",21,21,288.416666666667,26.7222222222222,611.416666666667,112.944444444444
"species",22,22,304.083333333333,13.5833333333333,493.027777777778,52.7777777777778
"species",23,23,312.638888888889,34.5833333333333,351.277777777778,120.722222222222
"species",24,24,286.111111111111,9.52777777777778,590.055555555556,45.3888888888889
