"species","x","y","bio5","bio14","bio18","bio19"
"background",1,1,316.388888888889,20.3333333333333,415.416666666667,79.5555555555556
"background",2,2,331.277777777778,14.5833333333333,313.388888888889,697.5
"background",3,3,343.388888888889,0.527777777777778,182.861111111111,3.11111111111111
"background",4,4,304.638888888889,2.52777777777778,484.138888888889,29.9722222222222
"background",5,5,308.361111111111,18.6666666666667,228.805555555556,366.25
"background",6,6,311.25,40,474.083333333333,205.277777777778
"background",7,7,344.805555555556,1.61111111111111,31.75,679
"background",8,8,340.527777777778,7.27777777777778,118.305555555556,267.722222222222
"background",9,9,333.666666666667,4.36111111111111,45.1944444444444,709.472222222222
"background",10,10,288.194444444444,80.6111111111111,361.027777777778,394.527777777778
"background",11,11,323.833333333333,55.5,247.833333333333,836.416666666667
"background",12,12,329.861111111111,16.0833333333333,186.555555555556,766.083333333333
"background",13,13,327.083333333333,49.0555555555556,191.694444444444,956.944444444444
"background",14,14,341.805555555556,0,252.722222222222,3.41666666666667
"background",15,15,320.111111111111,17.2777777777778,561.222222222222,98
"background",16,16,340.555555555556,8.83333333333333,361.722222222222,123.083333333333
"background",17,17,318.583333333333,161.388888888889,520.833333333333,821.666666666667
"background",18,18,330.527777777778,45.75,193.388888888889,724.777777777778
"background",19,19,308.388888888889,217.527777777778,738.444444444444,989.916666666667
"background",20,20,341.111111111111,17.1111111111111,470.944444444444,102.5
"background",21,21,296.333333333333,7.47222222222222,628.027777777778,44.75
"background",22,22,264.151515151515,53.6969696969697,733.757575757576,184.787878787879
"background",23,23,327.694444444444,5.22222222222222,473.5,69.6944444444444
"background",24,24,288.5,3.22222222222222,328.361111111111,15.6111111111111
