"species","x","y","bio5","bio14","bio18"
"background",1,1,338.333333333333,30.3888888888889,347.527777777778
"background",2,2,334.083333333333,51.4166666666667,191.25
"background",3,3,261.888888888889,74.3055555555556,502.972222222222
"background",4,4,346.305555555556,7.36111111111111,249.472222222222
"background",5,5,302.138888888889,12.75,307.333333333333
"background",6,6,302.222222222222,4.11111111111111,502.833333333333
"background",7,7,281.444444444444,103.277777777778,537.916666666667
"background",8,8,330.583333333333,77.6944444444444,271.305555555556
"background",9,9,305.305555555556,212.194444444444,710.5
"background",10,10,322.694444444444,45.0555555555556,559.25
"background",11,11,336.5,3.58333333333333,65.4722222222222
"background",12,12,331.277777777778,14.5833333333333,313.388888888889
"background",13,13,258.805555555556,26.8611111111111,683.277777777778
"background",14,14,259.472222222222,104.944444444444,438.222222222222
"background",15,15,329.027777777778,84.8888888888889,270.5
"background",16,16,328.777777777778,45.2777777777778,348.972222222222
"background",17,17,317.638888888889,33.9166666666667,155.277777777778
"background",18,18,344,3.86111111111111,242.888888888889
"background",19,19,339.833333333333,31.4444444444444,507.388888888889
"background",20,20,350.527777777778,2.5,289.75
"background",21,21,315.944444444444,56.9166666666667,628.583333333333
"background",22,22,320.555555555556,27.25,121.722222222222
"background",23,23,321.5,3.69444444444444,354.916666666667
"background",24,24,337.472222222222,10.5,127.361111111111
"background",25,25,306.722222222222,129.5,411.194444444444
"background",26,26,316.194444444444,36.3055555555556,493.388888888889
"background",27,27,320.75,59.6111111111111,562
"background",28,28,310.805555555556,57.6111111111111,439.138888888889
"background",29,29,288.194444444444,55.75,521.888888888889
"background",30,30,304.416666666667,4.91666666666667,339.416666666667
"background",31,31,311.25,40,474.083333333333
"background",32,32,314.666666666667,7.02777777777778,325.055555555556
"background",33,33,324.138888888889,38.4166666666667,155.138888888889
"background",34,34,328.833333333333,5.11111111111111,445.222222222222
"background",35,35,345.305555555556,2.27777777777778,438.222222222222
"background",36,36,319.583333333333,71.3611111111111,564.944444444444
"background",37,37,303,28.1666666666667,161.472222222222
"background",38,38,305.111111111111,3.33333333333333,209.166666666667
"background",39,39,314.055555555556,10.4722222222222,366.083333333333
"background",40,40,318.666666666667,7.52777777777778,469.722222222222
"background",41,41,340.666666666667,53.9166666666667,194.277777777778
"background",42,42,321.027777777778,196.888888888889,666
"background",43,43,314.444444444444,2.61111111111111,89.9444444444444
"background",44,44,334.888888888889,16.3611111111111,304.25
"background",45,45,333.333333333333,0.333333333333333,277.194444444444
"background",46,46,312.083333333333,37.3333333333333,305.888888888889
"background",47,47,288.194444444444,80.6111111111111,361.027777777778
"background",48,48,325.472222222222,2.83333333333333,200.666666666667
"background",49,49,349.861111111111,12.8333333333333,351.583333333333
"background",50,50,314.444444444444,96.7222222222222,623.916666666667
"background",51,51,329.027777777778,61.7777777777778,225.638888888889
"background",52,52,291.777777777778,96.4444444444444,389.583333333333
"background",53,53,348.277777777778,2.5,472.027777777778
"background",54,54,278.805555555556,14.0277777777778,576.722222222222
"background",55,55,326.611111111111,46.0277777777778,230.638888888889
"background",56,56,341.805555555556,0,252.722222222222
"background",57,57,303.805555555556,4.97222222222222,222.444444444444
"background",58,58,320.222222222222,0.472222222222222,248.166666666667
"background",59,59,292.138888888889,80.4722222222222,333.444444444444
"background",60,60,346.75,13.9444444444444,389.916666666667
"background",61,61,332.527777777778,54.9166666666667,204.972222222222
"background",62,62,321.444444444444,98.1944444444444,368.388888888889
"background",63,63,312.083333333333,176.777777777778,566.555555555556
"background",64,64,308.388888888889,217.527777777778,738.444444444444
"background",65,65,303.444444444444,11,219.388888888889
"background",66,66,328.75,14.3888888888889,434.944444444444
"background",67,67,326.25,15.4166666666667,322.777777777778
"background",68,68,326.472222222222,3.88888888888889,68.5
"background",69,69,324.305555555556,15.0555555555556,376.694444444444
"background",70,70,317.861111111111,13.8611111111111,194.888888888889
"background",71,71,320.722222222222,84.6111111111111,421.222222222222
"background",72,72,320.5,86.3333333333333,396.25
"background",73,73,310.444444444444,5.33333333333333,220.472222222222
"background",74,74,321.916666666667,46.6944444444444,232.416666666667
"background",75,75,308.833333333333,16.9166666666667,196.222222222222
"background",76,76,331.944444444444,30,133.555555555556
"background",77,77,272,83.1944444444444,486.666666666667
"background",78,78,312.111111111111,148.472222222222,601.361111111111
"background",79,79,298.972222222222,26.75,242.361111111111
"background",80,80,327.25,33.9722222222222,223.333333333333
"background",81,81,297.583333333333,105.222222222222,560.111111111111
"background",82,82,309.388888888889,23.2222222222222,174.277777777778
"background",83,83,324.694444444444,40.9444444444444,174.527777777778
"background",84,84,330.472222222222,75.5277777777778,273.583333333333
"background",85,85,326.777777777778,93.6111111111111,376
"background",86,86,306.611111111111,181.361111111111,843.861111111111
"background",87,87,290.583333333333,7.30555555555556,657.305555555556
"background",88,88,341.5,0.388888888888889,152.722222222222
"background",89,89,315.166666666667,99.5833333333333,658.388888888889
"background",90,90,339.222222222222,0.722222222222222,143.305555555556
"background",91,91,348.25,4.30555555555556,505.111111111111
"background",92,92,319.861111111111,36.25,142.027777777778
"background",93,93,325.444444444444,49.75,221.111111111111
"background",94,94,296.5,8.02777777777778,564.472222222222
"background",95,95,270.444444444444,78.5,473.694444444444
"background",96,96,305.25,35.1666666666667,292.361111111111
"background",97,97,307,6.52777777777778,467.361111111111
"background",98,98,319.361111111111,32.0277777777778,528.222222222222
"background",99,99,314.388888888889,34.0277777777778,167.222222222222
"background",100,100,317.5,62.8611111111111,571.555555555556
"background",101,101,334.611111111111,19.8333333333333,200.111111111111
"background",102,102,315.5,26.6388888888889,228.5
"background",103,103,356.194444444444,3.80555555555556,627.972222222222
"background",104,104,312.583333333333,79.6944444444444,384.75
"background",105,105,331.416666666667,56.9722222222222,373.277777777778
"background",106,106,301.888888888889,62.1388888888889,304.611111111111
"background",107,107,295.416666666667,3.30555555555556,158.583333333333
"background",108,108,310.916666666667,18.0833333333333,534.222222222222
"background",109,109,311.055555555556,13.0555555555556,187.055555555556
"background",110,110,335.027777777778,9.94444444444444,464.444444444444
"background",111,111,327.916666666667,41.7777777777778,198.222222222222
"background",112,112,264.151515151515,53.6969696969697,733.757575757576
"background",113,113,339.416666666667,2.52777777777778,440.861111111111
"background",114,114,320.027777777778,36.5,584.194444444444
"background",115,115,329.75,15.3055555555556,465.694444444444
"background",116,116,326.583333333333,20.5555555555556,137.694444444444
"background",117,117,322.694444444444,78.5,479.944444444444
"background",118,118,330.083333333333,1.77777777777778,166.027777777778
"background",119,119,280.638888888889,23.4444444444444,601.305555555556
"background",120,120,293.861111111111,5,449.388888888889
"background",121,121,336.527777777778,11.4444444444444,599.138888888889
"background",122,122,308.555555555556,37.3888888888889,451.694444444444
"background",123,123,347.194444444444,4.25,114.583333333333
"background",124,124,322.777777777778,138.222222222222,517.805555555556
"background",125,125,333.194444444444,16,206.416666666667
"background",126,126,337.527777777778,2.13888888888889,76.0833333333333
"background",127,127,314.25,89.3611111111111,633
"background",128,128,297.888888888889,57.1666666666667,452.055555555556
"background",129,129,330.388888888889,31.2777777777778,569.555555555556
"background",130,130,312.448275862069,8,246.965517241379
"background",131,131,295.111111111111,17.7222222222222,251.75
"background",132,132,302.472222222222,20.0277777777778,599.166666666667
"background",133,133,325.592592592593,7.7037037037037,32.1481481481481
"background",134,134,278.555555555556,78.3333333333333,370.916666666667
"background",135,135,327.055555555556,54.0277777777778,203.027777777778
"background",136,136,355.944444444444,9.72222222222222,382.972222222222
"background",137,137,344.111111111111,2.47222222222222,173.5
"background",138,138,310.25,2.83333333333333,90.8055555555556
"background",139,139,282.305555555556,17.9444444444444,651.555555555556
"background",140,140,328.611111111111,3.63888888888889,437.083333333333
"background",141,141,313.333333333333,62.4444444444444,489.555555555556
"background",142,142,305.055555555556,13,486.805555555556
"background",143,143,311.388888888889,4.47222222222222,389.055555555556
"background",144,144,318.611111111111,59,287.638888888889
"background",145,145,317.916666666667,52.1111111111111,566.722222222222
"background",146,146,310.166666666667,8.5,565.305555555556
"background",147,147,330.055555555556,67.0277777777778,261.833333333333
"background",148,148,326.416666666667,78.5,333.333333333333
