"species","x","y","bio5","bio14","bio18"
"species",1,1,264.151515151515,53.6969696969697,733.757575757576
"species",2,2,312.638888888889,31.9166666666667,380.583333333333
"species",3,3,300.730769230769,41.2307692307692,343.346153846154
"species",4,4,257.305555555556,53.8055555555556,716.944444444444
"species",5,5,300.730769230769,41.2307692307692,343.346153846154
"species",6,6,291.222222222222,16.8888888888889,494.055555555556
"species",7,7,312.638888888889,31.9166666666667,380.583333333333
"species",8,8,265.194444444444,23.0277777777778,718.166666666667
"species",9,9,284.583333333333,19.8055555555556,622.388888888889
"species",10,10,301.888888888889,62.1388888888889,304.611111111111
"species",11,11,287.666666666667,34.25,497.083333333333
"species",12,12,265.194444444444,23.0277777777778,718.166666666667
"species",13,13,300.730769230769,41.2307692307692,343.346153846154
"species",14,14,287.666666666667,34.25,497.083333333333
"species",15,15,291.222222222222,16.8888888888889,494.055555555556
"species",16,16,272,83.1944444444444,486.666666666667
"species",17,17,300.730769230769,41.2307692307692,343.346153846154
"species",18,18,288.416666666667,26.7222222222222,611.416666666667
"species",19,19,312.638888888889,31.9166666666667,380.583333333333
"species",20,20,278.805555555556,14.0277777777778,576.722222222222
"species",21,21,311.928571428571,49.75,241.071428571429
"species",22,22,264.151515151515,53.6969696969697,733.757575757576
"species",23,23,257.305555555556,53.8055555555556,716.944444444444
"species",24,24,292.277777777778,24.6388888888889,452.944444444444
"species",25,25,292.277777777778,24.6388888888889,452.944444444444
"species",26,26,292.172413793103,66.0689655172414,730.827586206897
"species",27,27,312.638888888889,31.9166666666667,380.583333333333
"species",28,28,312.638888888889,31.9166666666667,380.583333333333
"species",29,29,282.361111111111,54.5,580.083333333333
"species",30,30,266.444444444444,38.5277777777778,568.166666666667
"species",31,31,287.666666666667,34.25,497.083333333333
"species",32,32,292.888888888889,64.3888888888889,306.111111111111
"species",33,33,308.361111111111,24.6111111111111,379.111111111111
"species",34,34,287.666666666667,34.25,497.083333333333
"species",35,35,291.222222222222,16.8888888888889,494.055555555556
"species",36,36,312.638888888889,31.9166666666667,380.583333333333
"species",37,37,264.151515151515,53.6969696969697,733.757575757576
"species",38,38,287.666666666667,34.25,497.083333333333
"species",39,39,292.277777777778,24.6388888888889,452.944444444444
"species",40,40,257.305555555556,53.8055555555556,716.944444444444
"species",41,41,300.730769230769,41.2307692307692,343.346153846154
"species",42,42,304.083333333333,13.5833333333333,493.027777777778
"species",43,43,257.305555555556,53.8055555555556,716.944444444444
"species",44,44,300.730769230769,41.2307692307692,343.346153846154
"species",45,45,300.730769230769,41.2307692307692,343.346153846154
"species",46,46,312.638888888889,31.9166666666667,380.583333333333
"species",47,47,257.305555555556,53.8055555555556,716.944444444444
"species",48,48,289.333333333333,16.1111111111111,314.472222222222
"species",49,49,300.730769230769,41.2307692307692,343.346153846154
"species",50,50,265.194444444444,23.0277777777778,718.166666666667
"species",51,51,257.305555555556,53.8055555555556,716.944444444444
"species",52,52,312.638888888889,31.9166666666667,380.583333333333
"species",53,53,265.194444444444,23.0277777777778,718.166666666667
"species",54,54,312.638888888889,34.5833333333333,351.277777777778
"species",55,55,312.638888888889,31.9166666666667,380.583333333333
"species",56,56,292.277777777778,24.6388888888889,452.944444444444
"species",57,57,293.638888888889,33.3888888888889,616.888888888889
"species",58,58,312.638888888889,31.9166666666667,380.583333333333
"species",59,59,300.730769230769,41.2307692307692,343.346153846154
"species",60,60,300.730769230769,41.2307692307692,343.346153846154
"species",61,61,257.305555555556,53.8055555555556,716.944444444444
"species",62,62,292.277777777778,24.6388888888889,452.944444444444
"species",63,63,313.333333333333,62.4444444444444,489.555555555556
"species",64,64,293.638888888889,33.3888888888889,616.888888888889
"species",65,65,265.194444444444,23.0277777777778,718.166666666667
"species",66,66,287.666666666667,34.25,497.083333333333
"species",67,67,257.305555555556,53.8055555555556,716.944444444444
"species",68,68,291.222222222222,16.8888888888889,494.055555555556
"species",69,69,292.172413793103,66.0689655172414,730.827586206897
"species",70,70,257.305555555556,53.8055555555556,716.944444444444
"species",71,71,310.916666666667,18.0833333333333,534.222222222222
"species",72,72,300.730769230769,41.2307692307692,343.346153846154
"species",73,73,292.277777777778,24.6388888888889,452.944444444444
"species",74,74,265.194444444444,23.0277777777778,718.166666666667
"species",75,75,312.638888888889,31.9166666666667,380.583333333333
"species",76,76,287.666666666667,34.25,497.083333333333
"species",77,77,312.638888888889,31.9166666666667,380.583333333333
"species",78,78,312.638888888889,31.9166666666667,380.583333333333
"species",79,79,257.305555555556,53.8055555555556,716.944444444444
"species",80,80,292.277777777778,24.6388888888889,452.944444444444
"species",81,81,292.172413793103,66.0689655172414,730.827586206897
"species",82,82,292.888888888889,64.3888888888889,306.111111111111
"species",83,83,293.638888888889,33.3888888888889,616.888888888889
"species",84,84,308.361111111111,24.6111111111111,379.111111111111
"species",85,85,312.638888888889,31.9166666666667,380.583333333333
"species",86,86,274.583333333333,81.2916666666667,570.375
"species",87,87,312.638888888889,31.9166666666667,380.583333333333
"species",88,88,312.638888888889,31.9166666666667,380.583333333333
"species",89,89,264.151515151515,53.6969696969697,733.757575757576
"species",90,90,312.638888888889,31.9166666666667,380.583333333333
"species",91,91,312.638888888889,31.9166666666667,380.583333333333
"species",92,92,293.638888888889,33.3888888888889,616.888888888889
"species",93,93,312.638888888889,31.9166666666667,380.583333333333
"species",94,94,300.730769230769,41.2307692307692,343.346153846154
"species",95,95,292.277777777778,24.6388888888889,452.944444444444
"species",96,96,312.638888888889,34.5833333333333,351.277777777778
"species",97,97,257.305555555556,53.8055555555556,716.944444444444
"species",98,98,257.305555555556,53.8055555555556,716.944444444444
"species",99,99,264.151515151515,53.6969696969697,733.757575757576
"species",100,100,312.638888888889,31.9166666666667,380.583333333333
"species",101,101,300.730769230769,41.2307692307692,343.346153846154
"species",102,102,265.194444444444,23.0277777777778,718.166666666667
"species",103,103,287.222222222222,78.8611111111111,379.25
"species",104,104,312.638888888889,31.9166666666667,380.583333333333
"species",105,105,292.172413793103,66.0689655172414,730.827586206897
"species",106,106,286.111111111111,9.52777777777778,590.055555555556
"species",107,107,276.666666666667,12.8611111111111,693.5
"species",108,108,293.638888888889,33.3888888888889,616.888888888889
"species",109,109,292.172413793103,66.0689655172414,730.827586206897
"species",110,110,312.638888888889,31.9166666666667,380.583333333333
"species",111,111,292.888888888889,64.3888888888889,306.111111111111
"species",112,112,272,83.1944444444444,486.666666666667
"species",113,113,310.916666666667,18.0833333333333,534.222222222222
"species",114,114,293.638888888889,33.3888888888889,616.888888888889
"species",115,115,312.638888888889,31.9166666666667,380.583333333333
"species",116,116,291.222222222222,16.8888888888889,494.055555555556
"species",117,117,293.638888888889,33.3888888888889,616.888888888889
"species",118,118,264.151515151515,53.6969696969697,733.757575757576
"species",119,119,300.730769230769,41.2307692307692,343.346153846154
"species",120,120,300.730769230769,41.2307692307692,343.346153846154
"species",121,121,292.277777777778,24.6388888888889,452.944444444444
"species",122,122,287.666666666667,34.25,497.083333333333
"species",123,123,265.194444444444,23.0277777777778,718.166666666667
"species",124,124,300.730769230769,41.2307692307692,343.346153846154
"species",125,125,293.638888888889,33.3888888888889,616.888888888889
"species",126,126,282.361111111111,54.5,580.083333333333
"species",127,127,287.666666666667,34.25,497.083333333333
"species",128,128,300.730769230769,41.2307692307692,343.346153846154
"species",129,129,257.305555555556,53.8055555555556,716.944444444444
"species",130,130,282.361111111111,54.5,580.083333333333
"species",131,131,287.222222222222,78.8611111111111,379.25
"species",132,132,335.722222222222,24.9444444444444,491.916666666667
"species",133,133,300.730769230769,41.2307692307692,343.346153846154
"species",134,134,300.730769230769,41.2307692307692,343.346153846154
"species",135,135,292.277777777778,24.6388888888889,452.944444444444
"species",136,136,312.638888888889,31.9166666666667,380.583333333333
