"species","x","y","bio5","bio14","bio18"
"background",1,1,338.194444444444,10.5555555555556,507.805555555556
"background",2,2,349.388888888889,1.11111111111111,439.722222222222
"background",3,3,317,1.44444444444444,197.75
"background",4,4,322.694444444444,78.5,479.944444444444
"background",5,5,331.111111111111,43.0555555555556,531.444444444444
"background",6,6,349.777777777778,5.13888888888889,549.166666666667
"background",7,7,282.305555555556,17.9444444444444,651.555555555556
"background",8,8,309.972222222222,156.638888888889,620.027777777778
"background",9,9,329.861111111111,16.0833333333333,186.555555555556
"background",10,10,321.5,17.2777777777778,318.111111111111
"background",11,11,300.555555555556,4.27777777777778,253.25
"background",12,12,304.083333333333,13.5833333333333,493.027777777778
"background",13,13,339.916666666667,1,108.638888888889
"background",14,14,285.444444444444,8.80555555555556,288.638888888889
"background",15,15,320.416666666667,30.8333333333333,586.638888888889
"background",16,16,344.111111111111,2.47222222222222,173.5
"background",17,17,351.194444444444,0.916666666666667,180
"background",18,18,335.75,1.47222222222222,398.416666666667
"background",19,19,323,47.7777777777778,218.611111111111
"background",20,20,345.305555555556,2.27777777777778,438.222222222222
"background",21,21,303.194444444444,122.722222222222,441.5
"background",22,22,326.888888888889,52.9722222222222,537.777777777778
"background",23,23,308.277777777778,13.9722222222222,621.194444444444
"background",24,24,317.861111111111,13.8611111111111,194.888888888889
"background",25,25,314.388888888889,34.0277777777778,167.222222222222
