"species","x","y","bio5","bio14","bio18"
"species",1,1,292.888888888889,64.3888888888889,306.111111111111
"species",2,2,308.361111111111,24.6111111111111,379.111111111111
"species",3,3,287.666666666667,34.25,497.083333333333
"species",4,4,287.222222222222,78.8611111111111,379.25
"species",5,5,264.151515151515,53.6969696969697,733.757575757576
"species",6,6,312.638888888889,34.5833333333333,351.277777777778
"species",7,7,335.722222222222,24.9444444444444,491.916666666667
"species",8,8,310.916666666667,18.0833333333333,534.222222222222
"species",9,9,306.515151515152,61.9090909090909,290.878787878788
"species",10,10,282.805555555556,36.4444444444444,526.666666666667
"species",11,11,257.305555555556,53.8055555555556,716.944444444444
"species",12,12,272,83.1944444444444,486.666666666667
"species",13,13,288.416666666667,26.7222222222222,611.416666666667
"species",14,14,292.277777777778,24.6388888888889,452.944444444444
"species",15,15,300.730769230769,41.2307692307692,343.346153846154
"species",16,16,280.638888888889,23.4444444444444,601.305555555556
