"species","x","y","bio5","bio14","bio18"
"species",1,1,312.638888888889,31.9166666666667,380.583333333333
"species",2,2,293.638888888889,33.3888888888889,616.888888888889
"species",3,3,292.277777777778,24.6388888888889,452.944444444444
"species",4,4,308.361111111111,24.6111111111111,379.111111111111
"species",5,5,287.666666666667,34.25,497.083333333333
"species",6,6,274.583333333333,81.2916666666667,570.375
"species",7,7,312.638888888889,31.9166666666667,380.583333333333
"species",8,8,287.666666666667,34.25,497.083333333333
"species",9,9,300.730769230769,41.2307692307692,343.346153846154
"species",10,10,286.111111111111,9.52777777777778,590.055555555556
"species",11,11,257.305555555556,53.8055555555556,716.944444444444
"species",12,12,300.730769230769,41.2307692307692,343.346153846154
"species",13,13,287.666666666667,34.25,497.083333333333
"species",14,14,265.194444444444,23.0277777777778,718.166666666667
"species",15,15,282.361111111111,54.5,580.083333333333
"species",16,16,300.730769230769,41.2307692307692,343.346153846154
"species",17,17,300.730769230769,41.2307692307692,343.346153846154
"species",18,18,257.305555555556,53.8055555555556,716.944444444444
"species",19,19,288.416666666667,26.7222222222222,611.416666666667
"species",20,20,312.638888888889,31.9166666666667,380.583333333333
"species",21,21,312.638888888889,34.5833333333333,351.277777777778
"species",22,22,310.916666666667,18.0833333333333,534.222222222222
"species",23,23,300.730769230769,41.2307692307692,343.346153846154
"species",24,24,282.361111111111,54.5,580.083333333333
"species",25,25,265.194444444444,23.0277777777778,718.166666666667
"species",26,26,312.638888888889,31.9166666666667,380.583333333333
"species",27,27,300.730769230769,41.2307692307692,343.346153846154
"species",28,28,292.172413793103,66.0689655172414,730.827586206897
"species",29,29,293.638888888889,33.3888888888889,616.888888888889
"species",30,30,311.928571428571,49.75,241.071428571429
"species",31,31,312.638888888889,31.9166666666667,380.583333333333
"species",32,32,292.888888888889,64.3888888888889,306.111111111111
"species",33,33,292.277777777778,24.6388888888889,452.944444444444
"species",34,34,312.638888888889,31.9166666666667,380.583333333333
"species",35,35,300.730769230769,41.2307692307692,343.346153846154
"species",36,36,300.730769230769,41.2307692307692,343.346153846154
"species",37,37,300.730769230769,41.2307692307692,343.346153846154
"species",38,38,300.730769230769,41.2307692307692,343.346153846154
"species",39,39,308.361111111111,24.6111111111111,379.111111111111
"species",40,40,265.194444444444,23.0277777777778,718.166666666667
"species",41,41,300.730769230769,41.2307692307692,343.346153846154
"species",42,42,276.666666666667,12.8611111111111,693.5
"species",43,43,278.805555555556,14.0277777777778,576.722222222222
"species",44,44,301.888888888889,62.1388888888889,304.611111111111
"species",45,45,265.194444444444,23.0277777777778,718.166666666667
"species",46,46,293.638888888889,33.3888888888889,616.888888888889
"species",47,47,292.277777777778,24.6388888888889,452.944444444444
"species",48,48,292.277777777778,24.6388888888889,452.944444444444
"species",49,49,312.638888888889,31.9166666666667,380.583333333333
"species",50,50,293.638888888889,33.3888888888889,616.888888888889
"species",51,51,292.277777777778,24.6388888888889,452.944444444444
"species",52,52,312.638888888889,31.9166666666667,380.583333333333
"species",53,53,300.730769230769,41.2307692307692,343.346153846154
"species",54,54,293.638888888889,33.3888888888889,616.888888888889
"species",55,55,287.666666666667,34.25,497.083333333333
"species",56,56,278.555555555556,78.3333333333333,370.916666666667
"species",57,57,257.305555555556,53.8055555555556,716.944444444444
"species",58,58,291.222222222222,16.8888888888889,494.055555555556
"species",59,59,313.333333333333,62.4444444444444,489.555555555556
"species",60,60,300.730769230769,41.2307692307692,343.346153846154
"species",61,61,292.277777777778,24.6388888888889,452.944444444444
"species",62,62,293.638888888889,33.3888888888889,616.888888888889
"species",63,63,312.638888888889,31.9166666666667,380.583333333333
"species",64,64,310.916666666667,18.0833333333333,534.222222222222
"species",65,65,264.151515151515,53.6969696969697,733.757575757576
"species",66,66,282.361111111111,54.5,580.083333333333
"species",67,67,292.888888888889,64.3888888888889,306.111111111111
"species",68,68,292.172413793103,66.0689655172414,730.827586206897
"species",69,69,287.666666666667,34.25,497.083333333333
"species",70,70,287.222222222222,78.8611111111111,379.25
"species",71,71,293.638888888889,33.3888888888889,616.888888888889
"species",72,72,293.638888888889,33.3888888888889,616.888888888889
"species",73,73,312.638888888889,31.9166666666667,380.583333333333
"species",74,74,300.730769230769,41.2307692307692,343.346153846154
"species",75,75,312.638888888889,31.9166666666667,380.583333333333
"species",76,76,291.222222222222,16.8888888888889,494.055555555556
"species",77,77,257.305555555556,53.8055555555556,716.944444444444
"species",78,78,293.638888888889,33.3888888888889,616.888888888889
"species",79,79,292.277777777778,24.6388888888889,452.944444444444
"species",80,80,312.638888888889,31.9166666666667,380.583333333333
"species",81,81,257.305555555556,53.8055555555556,716.944444444444
"species",82,82,257.305555555556,53.8055555555556,716.944444444444
"species",83,83,257.305555555556,53.8055555555556,716.944444444444
"species",84,84,272,83.1944444444444,486.666666666667
"species",85,85,287.666666666667,34.25,497.083333333333
"species",86,86,287.666666666667,34.25,497.083333333333
"species",87,87,292.172413793103,66.0689655172414,730.827586206897
"species",88,88,293.638888888889,33.3888888888889,616.888888888889
"species",89,89,257.305555555556,53.8055555555556,716.944444444444
"species",90,90,312.638888888889,34.5833333333333,351.277777777778
"species",91,91,264.151515151515,53.6969696969697,733.757575757576
"species",92,92,312.638888888889,31.9166666666667,380.583333333333
"species",93,93,265.194444444444,23.0277777777778,718.166666666667
"species",94,94,292.172413793103,66.0689655172414,730.827586206897
"species",95,95,300.730769230769,41.2307692307692,343.346153846154
"species",96,96,312.638888888889,31.9166666666667,380.583333333333
"species",97,97,300.730769230769,41.2307692307692,343.346153846154
"species",98,98,257.305555555556,53.8055555555556,716.944444444444
"species",99,99,264.151515151515,53.6969696969697,733.757575757576
"species",100,100,312.638888888889,31.9166666666667,380.583333333333
"species",101,101,312.638888888889,34.5833333333333,351.277777777778
"species",102,102,300.730769230769,41.2307692307692,343.346153846154
"species",103,103,284.583333333333,19.8055555555556,622.388888888889
"species",104,104,301.888888888889,62.1388888888889,304.611111111111
"species",105,105,292.277777777778,24.6388888888889,452.944444444444
"species",106,106,264.151515151515,53.6969696969697,733.757575757576
"species",107,107,264.151515151515,53.6969696969697,733.757575757576
"species",108,108,313.333333333333,62.4444444444444,489.555555555556
"species",109,109,300.730769230769,41.2307692307692,343.346153846154
"species",110,110,312.638888888889,31.9166666666667,380.583333333333
"species",111,111,278.555555555556,78.3333333333333,370.916666666667
"species",112,112,292.277777777778,24.6388888888889,452.944444444444
"species",113,113,300.730769230769,41.2307692307692,343.346153846154
"species",114,114,287.666666666667,34.25,497.083333333333
"species",115,115,264.151515151515,53.6969696969697,733.757575757576
"species",116,116,274.583333333333,81.2916666666667,570.375
"species",117,117,312.638888888889,31.9166666666667,380.583333333333
"species",118,118,282.305555555556,11.5277777777778,629.5
"species",119,119,300.730769230769,41.2307692307692,343.346153846154
"species",120,120,265.194444444444,23.0277777777778,718.166666666667
"species",121,121,300.730769230769,41.2307692307692,343.346153846154
"species",122,122,282.361111111111,54.5,580.083333333333
"species",123,123,292.277777777778,24.6388888888889,452.944444444444
"species",124,124,300.730769230769,41.2307692307692,343.346153846154
"species",125,125,287.222222222222,78.8611111111111,379.25
"species",126,126,292.277777777778,24.6388888888889,452.944444444444
"species",127,127,312.638888888889,31.9166666666667,380.583333333333
"species",128,128,300.730769230769,41.2307692307692,343.346153846154
"species",129,129,293.638888888889,33.3888888888889,616.888888888889
"species",130,130,280.638888888889,23.4444444444444,601.305555555556
"species",131,131,306.515151515152,61.9090909090909,290.878787878788
"species",132,132,312.638888888889,31.9166666666667,380.583333333333
"species",133,133,292.277777777778,24.6388888888889,452.944444444444
"species",134,134,300.730769230769,41.2307692307692,343.346153846154
"species",135,135,300.730769230769,41.2307692307692,343.346153846154
"species",136,136,272,83.1944444444444,486.666666666667
"species",137,137,310.916666666667,18.0833333333333,534.222222222222
"species",138,138,312.638888888889,31.9166666666667,380.583333333333
"species",139,139,312.638888888889,31.9166666666667,380.583333333333
"species",140,140,292.888888888889,64.3888888888889,306.111111111111
"species",141,141,300.730769230769,41.2307692307692,343.346153846154
