"species","x","y","bio5","bio14","bio18"
"background",1,1,315.194444444444,26.3611111111111,553.166666666667
"background",2,2,333.388888888889,21.0277777777778,396.25
"background",3,3,322.694444444444,78.5,479.944444444444
"background",4,4,319.027777777778,60.8611111111111,550.583333333333
"background",5,5,297.583333333333,105.222222222222,560.111111111111
"background",6,6,345.888888888889,20.8611111111111,430.611111111111
"background",7,7,339.916666666667,1,108.638888888889
"background",8,8,323.777777777778,12.1388888888889,375.527777777778
"background",9,9,318.583333333333,19.4722222222222,214.583333333333
"background",10,10,330.388888888889,31.2777777777778,569.555555555556
"background",11,11,305.638888888889,104.027777777778,356.333333333333
"background",12,12,316.388888888889,20.3333333333333,415.416666666667
"background",13,13,326.388888888889,87.9444444444444,314.916666666667
"background",14,14,323.277777777778,26.6666666666667,158.75
"background",15,15,318.888888888889,2.61111111111111,194.222222222222
"background",16,16,315.777777777778,2.91666666666667,51.5555555555556
"background",17,17,282.305555555556,11.5277777777778,629.5
"background",18,18,326.055555555556,22.6666666666667,101.694444444444
"background",19,19,339.833333333333,31.4444444444444,507.388888888889
"background",20,20,324.138888888889,2.19444444444444,177.388888888889
"background",21,21,329.027777777778,61.7777777777778,225.638888888889
"background",22,22,316.75,11.0555555555556,539.861111111111
"background",23,23,274.583333333333,81.2916666666667,570.375
"background",24,24,340.888888888889,3.22222222222222,397.833333333333
"background",25,25,334.416666666667,14.5555555555556,275.138888888889
"background",26,26,315.944444444444,56.9166666666667,628.583333333333
"background",27,27,328.75,14.3888888888889,434.944444444444
"background",28,28,298,8.63888888888889,387.805555555556
"background",29,29,326.333333333333,58.25,233.166666666667
"background",30,30,330.5,72.5,286.75
"background",31,31,332.527777777778,54.9166666666667,204.972222222222
"background",32,32,282.805555555556,36.4444444444444,526.666666666667
"background",33,33,337.083333333333,0.25,188.805555555556
"background",34,34,314.944444444444,119.75,425.277777777778
"background",35,35,296.333333333333,7.47222222222222,628.027777777778
"background",36,36,327.388888888889,60.3888888888889,481.305555555556
"background",37,37,312.361111111111,199.083333333333,610.694444444444
"background",38,38,314.305555555556,12.5833333333333,147.027777777778
"background",39,39,324.166666666667,62.8055555555556,242.055555555556
"background",40,40,287.666666666667,34.25,497.083333333333
"background",41,41,295.583333333333,97.5,387.416666666667
"background",42,42,339.25,25.2777777777778,513.388888888889
"background",43,43,329.75,15.3055555555556,465.694444444444
"background",44,44,337.527777777778,2.13888888888889,76.0833333333333
"background",45,45,306.722222222222,129.5,411.194444444444
"background",46,46,292.138888888889,80.4722222222222,333.444444444444
"background",47,47,297.888888888889,57.1666666666667,452.055555555556
"background",48,48,329.861111111111,16.0833333333333,186.555555555556
"background",49,49,324.75,37.1111111111111,150.333333333333
"background",50,50,324.777777777778,30.3888888888889,556.694444444444
"background",51,51,342.361111111111,16.0277777777778,553.25
"background",52,52,287.222222222222,78.8611111111111,379.25
"background",53,53,325.583333333333,91.4166666666667,366.194444444444
"background",54,54,316.888888888889,57.8888888888889,581.888888888889
"background",55,55,266.444444444444,38.5277777777778,568.166666666667
"background",56,56,327.583333333333,67.2777777777778,283.333333333333
"background",57,57,339.472222222222,0.361111111111111,147.638888888889
"background",58,58,304.416666666667,4.91666666666667,339.416666666667
"background",59,59,312.638888888889,31.9166666666667,380.583333333333
"background",60,60,332.777777777778,44.5833333333333,156.805555555556
"background",61,61,315.111111111111,173.416666666667,561.694444444444
"background",62,62,318,13.6388888888889,399.611111111111
"background",63,63,339.222222222222,0.722222222222222,143.305555555556
"background",64,64,297.472222222222,104.388888888889,378.805555555556
"background",65,65,286.944444444444,30.6111111111111,279.416666666667
"background",66,66,306.611111111111,181.361111111111,843.861111111111
"background",67,67,297.333333333333,6.02777777777778,230.555555555556
"background",68,68,330.333333333333,14.6666666666667,351.305555555556
"background",69,69,293.861111111111,5,449.388888888889
"background",70,70,322.694444444444,45.0555555555556,559.25
"background",71,71,351.472222222222,6.63888888888889,110.138888888889
"background",72,72,286.111111111111,9.52777777777778,590.055555555556
"background",73,73,315.555555555556,3.38888888888889,67.6944444444444
"background",74,74,293.638888888889,33.3888888888889,616.888888888889
"background",75,75,290.833333333333,12.9444444444444,300.638888888889
"background",76,76,306.75,21.4722222222222,412.277777777778
"background",77,77,314.055555555556,10.4722222222222,366.083333333333
"background",78,78,335,28.0833333333333,301.611111111111
"background",79,79,254.833333333333,117.944444444444,462.166666666667
"background",80,80,326.111111111111,95.5,342.861111111111
"background",81,81,330,21.3611111111111,324.444444444444
"background",82,82,308.361111111111,24.6111111111111,379.111111111111
"background",83,83,257.305555555556,53.8055555555556,716.944444444444
"background",84,84,327.055555555556,54.0277777777778,203.027777777778
"background",85,85,342.861111111111,2.13888888888889,154.5
"background",86,86,327.527777777778,71.1111111111111,308.027777777778
"background",87,87,342.416666666667,20.1111111111111,555.25
"background",88,88,319.833333333333,66.4444444444444,284.444444444444
"background",89,89,334.444444444444,37.2777777777778,400.583333333333
"background",90,90,322.230769230769,13.6538461538462,101.884615384615
"background",91,91,284.611111111111,116.555555555556,442.944444444444
"background",92,92,317,1.44444444444444,197.75
"background",93,93,317.972222222222,25.7777777777778,225.916666666667
"background",94,94,324.694444444444,40.9444444444444,174.527777777778
"background",95,95,321.916666666667,72.6111111111111,618.083333333333
"background",96,96,320.833333333333,29.3333333333333,598.333333333333
"background",97,97,312.416666666667,6.5,757.666666666667
"background",98,98,310.166666666667,8.5,565.305555555556
"background",99,99,328.277777777778,10.8333333333333,118.805555555556
"background",100,100,318.5,127.916666666667,581.833333333333
"background",101,101,315.25,103.555555555556,575.138888888889
"background",102,102,321.444444444444,5.47222222222222,379.472222222222
"background",103,103,319.111111111111,177.555555555556,714.305555555556
"background",104,104,297.611111111111,21.9722222222222,258.25
"background",105,105,288.666666666667,13.1111111111111,147.527777777778
"background",106,106,320.472222222222,2.61111111111111,63.1944444444444
"background",107,107,320.222222222222,0.472222222222222,248.166666666667
"background",108,108,303.722222222222,21.3888888888889,570
"background",109,109,312.083333333333,176.777777777778,566.555555555556
"background",110,110,308.361111111111,18.6666666666667,228.805555555556
"background",111,111,264.151515151515,53.6969696969697,733.757575757576
"background",112,112,330.916666666667,23.4444444444444,124.444444444444
"background",113,113,335.416666666667,0.5,255.944444444444
"background",114,114,311.861111111111,9.25,405.555555555556
"background",115,115,326.083333333333,55.2222222222222,247.305555555556
"background",116,116,314.444444444444,96.7222222222222,623.916666666667
"background",117,117,324.555555555556,1.91666666666667,212.472222222222
"background",118,118,306.515151515152,61.9090909090909,290.878787878788
"background",119,119,309.527777777778,174.861111111111,586.916666666667
"background",120,120,327.333333333333,81.3055555555556,361.194444444444
"background",121,121,312.444444444444,112.166666666667,627.583333333333
"background",122,122,309.5,185.194444444444,657.333333333333
"background",123,123,297.555555555556,2.75,385.805555555556
"background",124,124,353.416666666667,6.5,117.555555555556
"background",125,125,349.25,4.27777777777778,306
"background",126,126,342.611111111111,22.6111111111111,534.138888888889
"background",127,127,349.388888888889,1.11111111111111,439.722222222222
"background",128,128,348,1.44444444444444,135.805555555556
"background",129,129,318.305555555556,5.41666666666667,218.805555555556
"background",130,130,319.694444444444,42.4722222222222,517.083333333333
"background",131,131,304.055555555556,13.0555555555556,396.277777777778
"background",132,132,282.361111111111,54.5,580.083333333333
"background",133,133,340.527777777778,0.583333333333333,227.583333333333
"background",134,134,325.088235294118,2.5,85.2058823529412
"background",135,135,316.888888888889,21.0277777777778,398.777777777778
"background",136,136,346.305555555556,7.36111111111111,249.472222222222
"background",137,137,314.583333333333,4.5,191.583333333333
"background",138,138,331.944444444444,8.55555555555556,334.805555555556
"background",139,139,293.833333333333,18.7777777777778,631.305555555556
"background",140,140,288.944444444444,125.027777777778,470.5
"background",141,141,314.25,89.3611111111111,633
"background",142,142,329.583333333333,26.5,162.444444444444
"background",143,143,310.444444444444,5.33333333333333,220.472222222222
"background",144,144,335.472222222222,55.9722222222222,202.833333333333
"background",145,145,305.111111111111,3.33333333333333,209.166666666667
"background",146,146,326.472222222222,3.88888888888889,68.5
"background",147,147,321.555555555556,102.5,439.777777777778
"background",148,148,325.305555555556,24.9444444444444,341.861111111111
