"species","x","y","bio5","bio14","bio18"
"background",1,1,327.916666666667,41.7777777777778,198.222222222222
"background",2,2,331.305555555556,2.36111111111111,420.861111111111
"background",3,3,331.916666666667,12.1388888888889,396.5
"background",4,4,334.833333333333,12.25,104.25
"background",5,5,321.027777777778,196.888888888889,666
"background",6,6,297.888888888889,57.1666666666667,452.055555555556
"background",7,7,334.277777777778,2.25,64.8333333333333
"background",8,8,332.972222222222,48.7222222222222,323.888888888889
"background",9,9,330.75,37.8611111111111,482.305555555556
"background",10,10,324.388888888889,89.7777777777778,356.972222222222
"background",11,11,336.5,3.58333333333333,65.4722222222222
"background",12,12,323.777777777778,12.1388888888889,375.527777777778
"background",13,13,315.25,103.555555555556,575.138888888889
"background",14,14,326.666666666667,36.0833333333333,146.444444444444
"background",15,15,327.361111111111,1.30555555555556,202.555555555556
"background",16,16,315.777777777778,4.41666666666667,193.527777777778
"background",17,17,309.972222222222,156.638888888889,620.027777777778
"background",18,18,309.527777777778,174.861111111111,586.916666666667
"background",19,19,265.833333333333,93.0833333333333,505.166666666667
"background",20,20,322.611111111111,60.6944444444444,284.166666666667
"background",21,21,329.694444444444,51.3055555555556,201.833333333333
"background",22,22,348.527777777778,5,360.972222222222
"background",23,23,290.583333333333,7.30555555555556,657.305555555556
"background",24,24,352.388888888889,2.63888888888889,521.583333333333
"background",25,25,339.833333333333,31.4444444444444,507.388888888889
"background",26,26,298.888888888889,12.3611111111111,485.222222222222
"background",27,27,325.472222222222,2.83333333333333,200.666666666667
"background",28,28,315.555555555556,3.38888888888889,67.6944444444444
"background",29,29,328.75,14.3888888888889,434.944444444444
"background",30,30,329.027777777778,6.22222222222222,418.166666666667
"background",31,31,340.777777777778,3.58333333333333,415.583333333333
"background",32,32,305.305555555556,212.194444444444,710.5
