"species","x","y","bio5","bio14","bio18"
"background",1,1,312.916666666667,64.7222222222222,483.972222222222
"background",2,2,303.083333333333,4.97222222222222,356.277777777778
"background",3,3,333.083333333333,11.9722222222222,271.222222222222
"background",4,4,321.083333333333,156.972222222222,505.75
"background",5,5,300.972222222222,5.97222222222222,189.138888888889
"background",6,6,318.138888888889,24.6388888888889,653
"background",7,7,323.527777777778,70.6666666666667,370.166666666667
"background",8,8,335.722222222222,24.9444444444444,491.916666666667
"background",9,9,336.944444444444,7.58333333333333,469.611111111111
"background",10,10,325.472222222222,2.83333333333333,200.666666666667
"background",11,11,312.638888888889,34.5833333333333,351.277777777778
"background",12,12,330.527777777778,45.75,193.388888888889
"background",13,13,323.833333333333,55.5,247.833333333333
"background",14,14,319.861111111111,36.25,142.027777777778
"background",15,15,339.611111111111,12.7222222222222,258.361111111111
"background",16,16,288.194444444444,80.6111111111111,361.027777777778
"background",17,17,329.305555555556,3.36111111111111,438.861111111111
"background",18,18,343.916666666667,11.9444444444444,336.416666666667
"background",19,19,311.194444444444,30.4166666666667,190.555555555556
"background",20,20,343.277777777778,8.08333333333333,75.9722222222222
"background",21,21,326.472222222222,3.88888888888889,68.5
"background",22,22,316.722222222222,0.388888888888889,305.888888888889
"background",23,23,326.416666666667,78.5,333.333333333333
"background",24,24,343.472222222222,0.583333333333333,152.277777777778
"background",25,25,288.944444444444,125.027777777778,470.5
"background",26,26,317.75,11.1666666666667,415.722222222222
"background",27,27,317,79.4722222222222,651.333333333333
"background",28,28,327.055555555556,54.0277777777778,203.027777777778
"background",29,29,322.527777777778,20.2777777777778,201.944444444444
"background",30,30,332.527777777778,54.9166666666667,204.972222222222
"background",31,31,340.666666666667,53.9166666666667,194.277777777778
"background",32,32,356.944444444444,11.1666666666667,348.444444444444
"background",33,33,318.694444444444,34.8055555555556,264.777777777778
"background",34,34,325.5,82.7777777777778,295.472222222222
"background",35,35,295.166666666667,126.5,536.222222222222
"background",36,36,351.194444444444,0.916666666666667,180
"background",37,37,342.416666666667,2.19444444444444,93.5555555555556
"background",38,38,315.777777777778,162.416666666667,541.194444444444
"background",39,39,327.694444444444,80.2222222222222,290.333333333333
"background",40,40,319.027777777778,60.8611111111111,550.583333333333
"background",41,41,320.111111111111,17.2777777777778,561.222222222222
"background",42,42,343.388888888889,0.527777777777778,182.861111111111
"background",43,43,317.333333333333,31.5833333333333,472.416666666667
"background",44,44,349.25,4.27777777777778,306
"background",45,45,305.638888888889,104.027777777778,356.333333333333
"background",46,46,277.944444444444,11.4722222222222,732.222222222222
"background",47,47,274.583333333333,81.2916666666667,570.375
"background",48,48,330.5,72.5,286.75
"background",49,49,327.527777777778,21.9444444444444,468.027777777778
"background",50,50,343.083333333333,0,170.027777777778
"background",51,51,347.361111111111,18.5277777777778,488.777777777778
"background",52,52,327.444444444444,79.1388888888889,261.527777777778
"background",53,53,308.277777777778,13.9722222222222,621.194444444444
"background",54,54,331.277777777778,2.80555555555556,166.833333333333
"background",55,55,332.555555555556,4.69444444444444,70.6111111111111
"background",56,56,320.027777777778,36.5,584.194444444444
"background",57,57,322.194444444444,0.972222222222222,262.861111111111
"background",58,58,287.666666666667,34.25,497.083333333333
"background",59,59,341.972222222222,8.47222222222222,284.444444444444
"background",60,60,306.515151515152,61.9090909090909,290.878787878788
"background",61,61,340.111111111111,7.69444444444444,345.777777777778
"background",62,62,322.444444444444,66.5833333333333,285.833333333333
"background",63,63,298.055555555556,119.388888888889,420.972222222222
"background",64,64,311.861111111111,9.25,405.555555555556
"background",65,65,321.166666666667,6.61111111111111,617.666666666667
"background",66,66,259.472222222222,104.944444444444,438.222222222222
"background",67,67,317.972222222222,25.7777777777778,225.916666666667
"background",68,68,333.027777777778,4.97222222222222,453.972222222222
"background",69,69,261.888888888889,74.3055555555556,502.972222222222
"background",70,70,349.388888888889,1.11111111111111,439.722222222222
"background",71,71,311.928571428571,49.75,241.071428571429
"background",72,72,312.972222222222,19.5277777777778,527.083333333333
"background",73,73,318.5,28.2222222222222,650.083333333333
"background",74,74,336.722222222222,26.2222222222222,552.888888888889
"background",75,75,309.5,185.194444444444,657.333333333333
"background",76,76,312.444444444444,112.166666666667,627.583333333333
"background",77,77,330.916666666667,23.4444444444444,124.444444444444
"background",78,78,312.416666666667,6.5,757.666666666667
"background",79,79,347.055555555556,8.72222222222222,311.75
"background",80,80,337.888888888889,4.05555555555556,410.722222222222
"background",81,81,346.305555555556,7.36111111111111,249.472222222222
"background",82,82,308.833333333333,16.9166666666667,196.222222222222
"background",83,83,321.444444444444,8.97222222222222,350.5
"background",84,84,352.388888888889,2.63888888888889,521.583333333333
"background",85,85,324.722222222222,108.555555555556,392.5
"background",86,86,312.638888888889,31.9166666666667,380.583333333333
"background",87,87,309.388888888889,23.2222222222222,174.277777777778
"background",88,88,315.194444444444,19.6666666666667,445.444444444444
"background",89,89,317.388888888889,41.5277777777778,555.055555555556
"background",90,90,315.888888888889,70.5833333333333,621.388888888889
"background",91,91,332.222222222222,69.0833333333333,301
"background",92,92,329.638888888889,19.7222222222222,142.222222222222
"background",93,93,321.111111111111,144.194444444444,471.611111111111
"background",94,94,295.111111111111,17.7222222222222,251.75
"background",95,95,338.833333333333,12.1388888888889,110.833333333333
"background",96,96,332.777777777778,44.5833333333333,156.805555555556
"background",97,97,302.138888888889,12.75,307.333333333333
"background",98,98,328.833333333333,5.11111111111111,445.222222222222
"background",99,99,258.805555555556,26.8611111111111,683.277777777778
"background",100,100,321.055555555556,1.47222222222222,162.527777777778
"background",101,101,339.25,25.2777777777778,513.388888888889
"background",102,102,310.916666666667,18.0833333333333,534.222222222222
"background",103,103,329.75,15.3055555555556,465.694444444444
"background",104,104,322.611111111111,60.6944444444444,284.166666666667
"background",105,105,339.388888888889,9.66666666666667,154.361111111111
"background",106,106,316.916666666667,64.75,589.361111111111
"background",107,107,304.416666666667,4.91666666666667,339.416666666667
"background",108,108,315.25,103.555555555556,575.138888888889
"background",109,109,326.083333333333,55.2222222222222,247.305555555556
"background",110,110,312.111111111111,148.472222222222,601.361111111111
"background",111,111,317.972222222222,54.9722222222222,583.25
"background",112,112,296.416666666667,28.1666666666667,262.777777777778
"background",113,113,308.388888888889,217.527777777778,738.444444444444
"background",114,114,327.916666666667,41.7777777777778,198.222222222222
"background",115,115,312.333333333333,2.52777777777778,311.25
"background",116,116,346.75,13.9444444444444,389.916666666667
"background",117,117,354.638888888889,9.36111111111111,75.4166666666667
"background",118,118,309.5,33.5277777777778,530.138888888889
"background",119,119,327.388888888889,60.3888888888889,481.305555555556
"background",120,120,326.361111111111,18.1111111111111,379.388888888889
"background",121,121,346.694444444444,0.472222222222222,230.777777777778
"background",122,122,331.916666666667,12.1388888888889,396.5
"background",123,123,317.222222222222,30.3055555555556,481.5
"background",124,124,334.416666666667,14.5555555555556,275.138888888889
"background",125,125,343.111111111111,13.25,75.1944444444444
"background",126,126,321.805555555556,54.5,266.5
"background",127,127,314.25,89.3611111111111,633
"background",128,128,332.5,69.6388888888889,240.666666666667
"background",129,129,328.277777777778,10.8333333333333,118.805555555556
"background",130,130,345.888888888889,20.8611111111111,430.611111111111
"background",131,131,331.416666666667,56.9722222222222,373.277777777778
"background",132,132,310.222222222222,1.52777777777778,233.583333333333
"background",133,133,303.444444444444,11,219.388888888889
"background",134,134,283.666666666667,87.5151515151515,294.090909090909
"background",135,135,311.388888888889,4.47222222222222,389.055555555556
"background",136,136,298.888888888889,12.3611111111111,485.222222222222
"background",137,137,327.222222222222,96.4722222222222,327.083333333333
"background",138,138,273.888888888889,61.8055555555556,487.805555555556
"background",139,139,306.722222222222,129.5,411.194444444444
"background",140,140,356.5,4.55555555555556,548.194444444444
"background",141,141,310.805555555556,57.6111111111111,439.138888888889
"background",142,142,313.130434782609,31,199.95652173913
"background",143,143,323.583333333333,50.8888888888889,250.305555555556
"background",144,144,297.472222222222,104.388888888889,378.805555555556
"background",145,145,324.75,44.7777777777778,200.972222222222
"background",146,146,325.888888888889,0.5,281.722222222222
"background",147,147,265.833333333333,93.0833333333333,505.166666666667
"background",148,148,307.388888888889,220.527777777778,795.277777777778
