"species","x","y","bio5","bio14","bio18"
"species",1,1,300.730769230769,41.2307692307692,343.346153846154
"species",2,2,312.638888888889,34.5833333333333,351.277777777778
"species",3,3,291.222222222222,16.8888888888889,494.055555555556
"species",4,4,278.555555555556,78.3333333333333,370.916666666667
"species",5,5,260.666666666667,24.5833333333333,718.055555555556
"species",6,6,312.638888888889,31.9166666666667,380.583333333333
"species",7,7,264.151515151515,53.6969696969697,733.757575757576
"species",8,8,292.172413793103,66.0689655172414,730.827586206897
"species",9,9,286.111111111111,9.52777777777778,590.055555555556
"species",10,10,276.666666666667,12.8611111111111,693.5
"species",11,11,292.277777777778,24.6388888888889,452.944444444444
"species",12,12,287.666666666667,34.25,497.083333333333
"species",13,13,292.277777777778,24.6388888888889,452.944444444444
"species",14,14,264.151515151515,53.6969696969697,733.757575757576
"species",15,15,312.638888888889,31.9166666666667,380.583333333333
"species",16,16,300.730769230769,41.2307692307692,343.346153846154
"species",17,17,287.222222222222,78.8611111111111,379.25
"species",18,18,265.194444444444,23.0277777777778,718.166666666667
"species",19,19,278.805555555556,14.0277777777778,576.722222222222
"species",20,20,293.638888888889,33.3888888888889,616.888888888889
"species",21,21,257.305555555556,53.8055555555556,716.944444444444
"species",22,22,312.638888888889,31.9166666666667,380.583333333333
"species",23,23,313.333333333333,62.4444444444444,489.555555555556
"species",24,24,287.666666666667,34.25,497.083333333333
"species",25,25,292.277777777778,24.6388888888889,452.944444444444
"species",26,26,292.277777777778,24.6388888888889,452.944444444444
"species",27,27,312.638888888889,31.9166666666667,380.583333333333
"species",28,28,257.305555555556,53.8055555555556,716.944444444444
"species",29,29,312.638888888889,31.9166666666667,380.583333333333
"species",30,30,278.805555555556,14.0277777777778,576.722222222222
"species",31,31,300.730769230769,41.2307692307692,343.346153846154
"species",32,32,287.222222222222,78.8611111111111,379.25
"species",33,33,300.730769230769,41.2307692307692,343.346153846154
"species",34,34,291.222222222222,16.8888888888889,494.055555555556
"species",35,35,293.638888888889,33.3888888888889,616.888888888889
"species",36,36,310.916666666667,18.0833333333333,534.222222222222
"species",37,37,292.888888888889,64.3888888888889,306.111111111111
"species",38,38,278.555555555556,78.3333333333333,370.916666666667
"species",39,39,257.305555555556,53.8055555555556,716.944444444444
"species",40,40,292.277777777778,24.6388888888889,452.944444444444
"species",41,41,288.416666666667,26.7222222222222,611.416666666667
"species",42,42,287.666666666667,34.25,497.083333333333
"species",43,43,300.730769230769,41.2307692307692,343.346153846154
"species",44,44,274.583333333333,81.2916666666667,570.375
"species",45,45,300.730769230769,41.2307692307692,343.346153846154
"species",46,46,300.730769230769,41.2307692307692,343.346153846154
"species",47,47,292.277777777778,24.6388888888889,452.944444444444
"species",48,48,292.888888888889,64.3888888888889,306.111111111111
"species",49,49,280.638888888889,23.4444444444444,601.305555555556
"species",50,50,291.222222222222,16.8888888888889,494.055555555556
"species",51,51,312.638888888889,31.9166666666667,380.583333333333
"species",52,52,257.305555555556,53.8055555555556,716.944444444444
"species",53,53,287.666666666667,34.25,497.083333333333
"species",54,54,257.305555555556,53.8055555555556,716.944444444444
"species",55,55,265.194444444444,23.0277777777778,718.166666666667
"species",56,56,265.194444444444,23.0277777777778,718.166666666667
"species",57,57,293.638888888889,33.3888888888889,616.888888888889
"species",58,58,293.638888888889,33.3888888888889,616.888888888889
"species",59,59,311.928571428571,49.75,241.071428571429
"species",60,60,293.638888888889,33.3888888888889,616.888888888889
"species",61,61,287.666666666667,34.25,497.083333333333
"species",62,62,293.638888888889,33.3888888888889,616.888888888889
"species",63,63,264.151515151515,53.6969696969697,733.757575757576
"species",64,64,300.730769230769,41.2307692307692,343.346153846154
"species",65,65,300.730769230769,41.2307692307692,343.346153846154
"species",66,66,293.638888888889,33.3888888888889,616.888888888889
"species",67,67,287.666666666667,34.25,497.083333333333
"species",68,68,312.638888888889,31.9166666666667,380.583333333333
"species",69,69,292.172413793103,66.0689655172414,730.827586206897
"species",70,70,300.730769230769,41.2307692307692,343.346153846154
"species",71,71,312.638888888889,31.9166666666667,380.583333333333
"species",72,72,300.730769230769,41.2307692307692,343.346153846154
"species",73,73,257.305555555556,53.8055555555556,716.944444444444
"species",74,74,300.730769230769,41.2307692307692,343.346153846154
"species",75,75,300.730769230769,41.2307692307692,343.346153846154
"species",76,76,312.638888888889,31.9166666666667,380.583333333333
"species",77,77,287.666666666667,34.25,497.083333333333
"species",78,78,292.277777777778,24.6388888888889,452.944444444444
"species",79,79,300.730769230769,41.2307692307692,343.346153846154
"species",80,80,300.730769230769,41.2307692307692,343.346153846154
"species",81,81,257.305555555556,53.8055555555556,716.944444444444
"species",82,82,282.305555555556,11.5277777777778,629.5
"species",83,83,265.194444444444,23.0277777777778,718.166666666667
"species",84,84,300.730769230769,41.2307692307692,343.346153846154
"species",85,85,282.361111111111,54.5,580.083333333333
"species",86,86,265.194444444444,23.0277777777778,718.166666666667
"species",87,87,289.333333333333,16.1111111111111,314.472222222222
"species",88,88,312.638888888889,34.5833333333333,351.277777777778
"species",89,89,282.805555555556,36.4444444444444,526.666666666667
"species",90,90,308.361111111111,24.6111111111111,379.111111111111
"species",91,91,312.638888888889,31.9166666666667,380.583333333333
"species",92,92,312.638888888889,31.9166666666667,380.583333333333
"species",93,93,300.730769230769,41.2307692307692,343.346153846154
"species",94,94,292.172413793103,66.0689655172414,730.827586206897
"species",95,95,312.638888888889,31.9166666666667,380.583333333333
"species",96,96,287.666666666667,34.25,497.083333333333
"species",97,97,312.638888888889,31.9166666666667,380.583333333333
"species",98,98,312.638888888889,31.9166666666667,380.583333333333
"species",99,99,308.361111111111,24.6111111111111,379.111111111111
"species",100,100,300.730769230769,41.2307692307692,343.346153846154
"species",101,101,257.305555555556,53.8055555555556,716.944444444444
"species",102,102,313.333333333333,62.4444444444444,489.555555555556
"species",103,103,282.361111111111,54.5,580.083333333333
"species",104,104,312.638888888889,31.9166666666667,380.583333333333
"species",105,105,293.638888888889,33.3888888888889,616.888888888889
"species",106,106,257.305555555556,53.8055555555556,716.944444444444
"species",107,107,300.730769230769,41.2307692307692,343.346153846154
"species",108,108,304.083333333333,13.5833333333333,493.027777777778
"species",109,109,292.172413793103,66.0689655172414,730.827586206897
"species",110,110,312.638888888889,31.9166666666667,380.583333333333
"species",111,111,300.730769230769,41.2307692307692,343.346153846154
"species",112,112,282.361111111111,54.5,580.083333333333
"species",113,113,287.666666666667,34.25,497.083333333333
"species",114,114,312.638888888889,31.9166666666667,380.583333333333
"species",115,115,284.583333333333,19.8055555555556,622.388888888889
"species",116,116,291.222222222222,16.8888888888889,494.055555555556
"species",117,117,312.638888888889,31.9166666666667,380.583333333333
"species",118,118,257.305555555556,53.8055555555556,716.944444444444
"species",119,119,291.222222222222,16.8888888888889,494.055555555556
"species",120,120,310.916666666667,18.0833333333333,534.222222222222
"species",121,121,272,83.1944444444444,486.666666666667
"species",122,122,265.194444444444,23.0277777777778,718.166666666667
"species",123,123,292.277777777778,24.6388888888889,452.944444444444
"species",124,124,312.638888888889,31.9166666666667,380.583333333333
"species",125,125,292.277777777778,24.6388888888889,452.944444444444
"species",126,126,312.638888888889,31.9166666666667,380.583333333333
"species",127,127,272,83.1944444444444,486.666666666667
"species",128,128,312.638888888889,34.5833333333333,351.277777777778
"species",129,129,264.151515151515,53.6969696969697,733.757575757576
"species",130,130,293.638888888889,33.3888888888889,616.888888888889
"species",131,131,292.172413793103,66.0689655172414,730.827586206897
"species",132,132,300.730769230769,41.2307692307692,343.346153846154
"species",133,133,300.730769230769,41.2307692307692,343.346153846154
"species",134,134,278.805555555556,14.0277777777778,576.722222222222
"species",135,135,312.638888888889,31.9166666666667,380.583333333333
"species",136,136,312.638888888889,31.9166666666667,380.583333333333
