"species","x","y","bio5","bio14","bio18"
"background",1,1,261.888888888889,74.3055555555556,502.972222222222
"background",2,2,349.777777777778,5.13888888888889,549.166666666667
"background",3,3,321.083333333333,7.97222222222222,267.666666666667
"background",4,4,315.083333333333,78.5,601.5
"background",5,5,330.055555555556,47.3888888888889,167.888888888889
"background",6,6,345.416666666667,2.77777777777778,461.222222222222
"background",7,7,331.916666666667,12.1388888888889,396.5
"background",8,8,287.777777777778,101.666666666667,417.666666666667
"background",9,9,346.611111111111,3.44444444444444,476
"background",10,10,304.416666666667,4.91666666666667,339.416666666667
"background",11,11,325.694444444444,75.3611111111111,347.611111111111
"background",12,12,336.305555555556,50.8611111111111,442.111111111111
"background",13,13,347.055555555556,8.72222222222222,311.75
"background",14,14,296.5,8.02777777777778,564.472222222222
"background",15,15,333.833333333333,7.72222222222222,251.472222222222
"background",16,16,297.583333333333,105.222222222222,560.111111111111
"background",17,17,336.361111111111,43.3333333333333,458.5
"background",18,18,356.194444444444,3.80555555555556,627.972222222222
"background",19,19,331.166666666667,68.3333333333333,229.611111111111
"background",20,20,291.777777777778,96.4444444444444,389.583333333333
"background",21,21,317.027777777778,0.638888888888889,214.527777777778
"background",22,22,308.277777777778,13.9722222222222,621.194444444444
"background",23,23,272,83.1944444444444,486.666666666667
"background",24,24,265.833333333333,93.0833333333333,505.166666666667
"background",25,25,321.916666666667,72.6111111111111,618.083333333333
"background",26,26,312.583333333333,79.6944444444444,384.75
"background",27,27,320.5,86.3333333333333,396.25
"background",28,28,298.972222222222,26.75,242.361111111111
"background",29,29,335.027777777778,9.94444444444444,464.444444444444
"background",30,30,343.472222222222,0.583333333333333,152.277777777778
"background",31,31,276.666666666667,12.8611111111111,693.5
"background",32,32,304.638888888889,2.52777777777778,484.138888888889
"background",33,33,336.472222222222,22.4722222222222,365.527777777778
"background",34,34,331.333333333333,6.16666666666667,238.583333333333
"background",35,35,330.055555555556,67.0277777777778,261.833333333333
"background",36,36,326.416666666667,78.5,333.333333333333
"background",37,37,331.277777777778,2.80555555555556,166.833333333333
"background",38,38,323,19.5833333333333,283.611111111111
"background",39,39,327.694444444444,80.2222222222222,290.333333333333
"background",40,40,330.5,1.52777777777778,89.0833333333333
"background",41,41,305.638888888889,104.027777777778,356.333333333333
"background",42,42,325.805555555556,2.80555555555556,159.611111111111
"background",43,43,340.527777777778,0.583333333333333,227.583333333333
"background",44,44,315.888888888889,70.5833333333333,621.388888888889
"background",45,45,334.611111111111,4.97222222222222,369.444444444444
"background",46,46,348.527777777778,5,360.972222222222
"background",47,47,320.555555555556,27.25,121.722222222222
"background",48,48,322.611111111111,60.6944444444444,284.166666666667
"background",49,49,274.75,74.0555555555556,467.888888888889
"background",50,50,277.944444444444,11.4722222222222,732.222222222222
"background",51,51,340.527777777778,7.27777777777778,118.305555555556
"background",52,52,332.972222222222,48.7222222222222,323.888888888889
"background",53,53,308.361111111111,24.6111111111111,379.111111111111
"background",54,54,316.722222222222,0.388888888888889,305.888888888889
"background",55,55,317.638888888889,33.9166666666667,155.277777777778
"background",56,56,328.777777777778,45.2777777777778,348.972222222222
"background",57,57,345.305555555556,2.27777777777778,438.222222222222
"background",58,58,312.448275862069,8,246.965517241379
"background",59,59,322.444444444444,66.5833333333333,285.833333333333
"background",60,60,339.416666666667,2.52777777777778,440.861111111111
"background",61,61,329.75,15.3055555555556,465.694444444444
"background",62,62,326.583333333333,20.5555555555556,137.694444444444
"background",63,63,301.257142857143,66.0285714285714,276.342857142857
"background",64,64,340.666666666667,8.36111111111111,90.5
"background",65,65,336.722222222222,26.2222222222222,552.888888888889
"background",66,66,315.527777777778,5.94444444444444,617.027777777778
"background",67,67,319.833333333333,66.4444444444444,284.444444444444
"background",68,68,315,134.972222222222,435.5
"background",69,69,324.694444444444,40.9444444444444,174.527777777778
"background",70,70,349.888888888889,5.61111111111111,283.333333333333
"background",71,71,318.333333333333,58.8611111111111,374.666666666667
"background",72,72,278.555555555556,78.3333333333333,370.916666666667
"background",73,73,305.305555555556,212.194444444444,710.5
"background",74,74,326.333333333333,58.25,233.166666666667
"background",75,75,322.888888888889,62.4722222222222,393.277777777778
"background",76,76,333.111111111111,26.4722222222222,313.805555555556
"background",77,77,317.805555555556,8.22222222222222,354.944444444444
"background",78,78,262.833333333333,122.444444444444,460.111111111111
"background",79,79,312.638888888889,34.5833333333333,351.277777777778
"background",80,80,314.25,89.3611111111111,633
"background",81,81,319.694444444444,42.4722222222222,517.083333333333
"background",82,82,351.111111111111,1.94444444444444,460.222222222222
"background",83,83,283.666666666667,87.5151515151515,294.090909090909
"background",84,84,323.583333333333,50.8888888888889,250.305555555556
"background",85,85,322.583333333333,142.527777777778,462.527777777778
"background",86,86,343.388888888889,0.527777777777778,182.861111111111
"background",87,87,310.25,2.83333333333333,90.8055555555556
"background",88,88,273.888888888889,61.8055555555556,487.805555555556
"background",89,89,334.444444444444,37.2777777777778,400.583333333333
"background",90,90,337.527777777778,0.0277777777777778,275.944444444444
"background",91,91,305.25,35.1666666666667,292.361111111111
"background",92,92,335.416666666667,0.5,255.944444444444
"background",93,93,312.638888888889,31.9166666666667,380.583333333333
"background",94,94,345.888888888889,20.8611111111111,430.611111111111
"background",95,95,333.027777777778,4.97222222222222,453.972222222222
"background",96,96,317.916666666667,52.1111111111111,566.722222222222
"background",97,97,343.916666666667,11.9444444444444,336.416666666667
"background",98,98,288.666666666667,13.1111111111111,147.527777777778
"background",99,99,292.172413793103,66.0689655172414,730.827586206897
"background",100,100,343.277777777778,8.08333333333333,75.9722222222222
"background",101,101,288.416666666667,26.7222222222222,611.416666666667
"background",102,102,313.277777777778,132.416666666667,643.944444444444
"background",103,103,339.666666666667,8.47222222222222,267.888888888889
"background",104,104,303.083333333333,4.97222222222222,356.277777777778
"background",105,105,317.638888888889,59.8888888888889,523.444444444444
"background",106,106,330.916666666667,23.4444444444444,124.444444444444
"background",107,107,344,3.86111111111111,242.888888888889
"background",108,108,321.055555555556,1.47222222222222,162.527777777778
"background",109,109,304.972222222222,73.8055555555556,288.111111111111
"background",110,110,343.388888888889,4.55555555555556,487.583333333333
"background",111,111,354.361111111111,6.58333333333333,608.444444444444
"background",112,112,290.138888888889,6.33333333333333,231.5
"background",113,113,311.194444444444,30.4166666666667,190.555555555556
"background",114,114,339.916666666667,28.3333333333333,468.722222222222
"background",115,115,325.444444444444,49.75,221.111111111111
"background",116,116,322.194444444444,0.972222222222222,262.861111111111
"background",117,117,310.444444444444,5.33333333333333,220.472222222222
"background",118,118,326.972222222222,85.25,286.5
"background",119,119,336.027777777778,14.5,67.6666666666667
"background",120,120,304.666666666667,13.2777777777778,642.222222222222
"background",121,121,327.333333333333,81.3055555555556,361.194444444444
"background",122,122,312.972222222222,19.5277777777778,527.083333333333
"background",123,123,347.888888888889,8.86111111111111,564.083333333333
"background",124,124,318.888888888889,2.61111111111111,194.222222222222
"background",125,125,335.333333333333,26.8333333333333,112.861111111111
"background",126,126,323.25,65.5833333333333,571.972222222222
"background",127,127,254.833333333333,117.944444444444,462.166666666667
"background",128,128,323.305555555556,120.944444444444,406.638888888889
"background",129,129,319.638888888889,23.3888888888889,655.805555555556
"background",130,130,336.305555555556,11.8888888888889,179.361111111111
"background",131,131,306.444444444444,34.5277777777778,197.138888888889
"background",132,132,305.555555555556,7.75,585.5
"background",133,133,313.666666666667,33.4722222222222,490
"background",134,134,347.361111111111,18.5277777777778,488.777777777778
"background",135,135,284.583333333333,19.8055555555556,622.388888888889
"background",136,136,318.583333333333,19.4722222222222,214.583333333333
"background",137,137,327.342857142857,18.6571428571429,104.828571428571
"background",138,138,334.277777777778,2.25,64.8333333333333
"background",139,139,307.416666666667,25.3055555555556,514.138888888889
"background",140,140,340.555555555556,8.83333333333333,361.722222222222
"background",141,141,329.638888888889,19.7222222222222,142.222222222222
"background",142,142,330.527777777778,45.75,193.388888888889
"background",143,143,293.833333333333,18.7777777777778,631.305555555556
"background",144,144,317.222222222222,30.3055555555556,481.5
"background",145,145,347.083333333333,3.05555555555556,414.111111111111
"background",146,146,332.5,69.6388888888889,240.666666666667
"background",147,147,325.088235294118,2.5,85.2058823529412
"background",148,148,323.833333333333,61.6944444444444,235.055555555556
