"species","x","y","bio5","bio14","bio18"
"background",1,1,346.611111111111,3.44444444444444,476
"background",2,2,265.833333333333,93.0833333333333,505.166666666667
"background",3,3,297.583333333333,105.222222222222,560.111111111111
"background",4,4,311.194444444444,30.4166666666667,190.555555555556
"background",5,5,331.916666666667,12.1388888888889,396.5
"background",6,6,316.722222222222,0.388888888888889,305.888888888889
"background",7,7,336.305555555556,11.8888888888889,179.361111111111
"background",8,8,304.972222222222,73.8055555555556,288.111111111111
"background",9,9,330.5,1.52777777777778,89.0833333333333
"background",10,10,344,3.86111111111111,242.888888888889
"background",11,11,254.833333333333,117.944444444444,462.166666666667
"background",12,12,329.138888888889,3.16666666666667,202.472222222222
"background",13,13,292.172413793103,66.0689655172414,730.827586206897
"background",14,14,317.638888888889,59.8888888888889,523.444444444444
"background",15,15,329.638888888889,19.7222222222222,142.222222222222
"background",16,16,327.694444444444,80.2222222222222,290.333333333333
"background",17,17,317.027777777778,2,142.583333333333
"background",18,18,332.416666666667,6.97222222222222,325.027777777778
"background",19,19,323,47.7777777777778,218.611111111111
"background",20,20,333.027777777778,4.97222222222222,453.972222222222
"background",21,21,332.972222222222,48.7222222222222,323.888888888889
"background",22,22,342.527777777778,9.61111111111111,536.861111111111
"background",23,23,327.333333333333,81.3055555555556,361.194444444444
"background",24,24,272,83.1944444444444,486.666666666667
"background",25,25,346.694444444444,0.472222222222222,230.777777777778
"background",26,26,310.25,2.83333333333333,90.8055555555556
"background",27,27,319.138888888889,161.388888888889,535.944444444444
"background",28,28,296.5,8.02777777777778,564.472222222222
"background",29,29,307,6.52777777777778,467.361111111111
"background",30,30,343.277777777778,8.08333333333333,75.9722222222222
"background",31,31,313.666666666667,22.5833333333333,563.555555555556
"background",32,32,347.888888888889,8.86111111111111,564.083333333333
"background",33,33,340.555555555556,8.83333333333333,361.722222222222
"background",34,34,308.361111111111,24.6111111111111,379.111111111111
"background",35,35,323.25,65.5833333333333,571.972222222222
"background",36,36,305.25,2.11111111111111,258.694444444444
"background",37,37,312.638888888889,34.5833333333333,351.277777777778
"background",38,38,330.916666666667,23.4444444444444,124.444444444444
"background",39,39,295.5,7.22222222222222,382.527777777778
"background",40,40,336.472222222222,22.4722222222222,365.527777777778
"background",41,41,328.75,14.3888888888889,434.944444444444
"background",42,42,315.527777777778,5.94444444444444,617.027777777778
"background",43,43,320.194444444444,43.5555555555556,232.416666666667
"background",44,44,328.638888888889,86.8055555555556,321.25
"background",45,45,356.194444444444,3.80555555555556,627.972222222222
"background",46,46,338.333333333333,30.3888888888889,347.527777777778
"background",47,47,336.722222222222,26.2222222222222,552.888888888889
"background",48,48,304.638888888889,2.52777777777778,484.138888888889
"background",49,49,323,19.5833333333333,283.611111111111
"background",50,50,340.666666666667,8.36111111111111,90.5
"background",51,51,262.833333333333,122.444444444444,460.111111111111
"background",52,52,324.694444444444,40.9444444444444,174.527777777778
"background",53,53,327.916666666667,41.7777777777778,198.222222222222
"background",54,54,349.777777777778,5.13888888888889,549.166666666667
"background",55,55,326.333333333333,58.25,233.166666666667
"background",56,56,323.583333333333,50.8888888888889,250.305555555556
"background",57,57,307.416666666667,25.3055555555556,514.138888888889
"background",58,58,284.583333333333,19.8055555555556,622.388888888889
"background",59,59,305.638888888889,104.027777777778,356.333333333333
"background",60,60,290.666666666667,41.9722222222222,506.472222222222
"background",61,61,317.916666666667,52.1111111111111,566.722222222222
"background",62,62,343.472222222222,0.583333333333333,152.277777777778
"background",63,63,331.166666666667,68.3333333333333,229.611111111111
"background",64,64,291.361111111111,57.7222222222222,493.916666666667
"background",65,65,342.666666666667,3.22222222222222,107.888888888889
"background",66,66,345.416666666667,2.77777777777778,461.222222222222
"background",67,67,340.527777777778,0.583333333333333,227.583333333333
"background",68,68,313.666666666667,33.4722222222222,490
"background",69,69,329.666666666667,89.0277777777778,278.527777777778
"background",70,70,317.638888888889,33.9166666666667,155.277777777778
"background",71,71,339.916666666667,28.3333333333333,468.722222222222
"background",72,72,336.527777777778,26.9722222222222,477.027777777778
"background",73,73,329.75,15.3055555555556,465.694444444444
"background",74,74,342.611111111111,22.6111111111111,534.138888888889
"background",75,75,291.944444444444,78.9444444444444,451.972222222222
"background",76,76,339.916666666667,1,108.638888888889
"background",77,77,340.527777777778,7.27777777777778,118.305555555556
"background",78,78,321.055555555556,1.47222222222222,162.527777777778
"background",79,79,312.583333333333,79.6944444444444,384.75
"background",80,80,325.088235294118,2.5,85.2058823529412
"background",81,81,314.25,89.3611111111111,633
"background",82,82,354.361111111111,6.58333333333333,608.444444444444
"background",83,83,320.888888888889,80.9166666666667,591.25
"background",84,84,332.555555555556,4.69444444444444,70.6111111111111
"background",85,85,308.277777777778,13.9722222222222,621.194444444444
"background",86,86,312.972222222222,19.5277777777778,527.083333333333
"background",87,87,306.444444444444,34.5277777777778,197.138888888889
"background",88,88,325.833333333333,43.0833333333333,197.583333333333
"background",89,89,325.694444444444,75.3611111111111,347.611111111111
"background",90,90,315.5,7.11111111111111,683.916666666667
"background",91,91,320.5,86.3333333333333,396.25
"background",92,92,334.444444444444,37.2777777777778,400.583333333333
"background",93,93,322.194444444444,0.972222222222222,262.861111111111
"background",94,94,328.777777777778,45.2777777777778,348.972222222222
"background",95,95,331.333333333333,6.16666666666667,238.583333333333
"background",96,96,347.055555555556,8.72222222222222,311.75
"background",97,97,298.972222222222,26.75,242.361111111111
"background",98,98,277.944444444444,11.4722222222222,732.222222222222
"background",99,99,312.638888888889,31.9166666666667,380.583333333333
"background",100,100,336.361111111111,43.3333333333333,458.5
"background",101,101,325.805555555556,2.80555555555556,159.611111111111
"background",102,102,347.194444444444,4.25,114.583333333333
"background",103,103,330.527777777778,45.75,193.388888888889
"background",104,104,333.111111111111,26.4722222222222,313.805555555556
"background",105,105,332.5,69.6388888888889,240.666666666667
"background",106,106,301.257142857143,66.0285714285714,276.342857142857
"background",107,107,321.166666666667,6.61111111111111,617.666666666667
"background",108,108,326.972222222222,85.25,286.5
"background",109,109,343.388888888889,0.527777777777778,182.861111111111
"background",110,110,343.916666666667,11.9444444444444,336.416666666667
"background",111,111,334.611111111111,4.97222222222222,369.444444444444
"background",112,112,322.444444444444,66.5833333333333,285.833333333333
"background",113,113,323.833333333333,61.6944444444444,235.055555555556
"background",114,114,315.888888888889,70.5833333333333,621.388888888889
"background",115,115,317.027777777778,0.638888888888889,214.527777777778
"background",116,116,349.888888888889,5.61111111111111,283.333333333333
"background",117,117,343.388888888889,4.55555555555556,487.583333333333
"background",118,118,335.333333333333,26.8333333333333,112.861111111111
"background",119,119,311.361111111111,27.2222222222222,502.111111111111
"background",120,120,315.194444444444,26.3611111111111,553.166666666667
"background",121,121,326.583333333333,20.5555555555556,137.694444444444
"background",122,122,330.055555555556,47.3888888888889,167.888888888889
"background",123,123,325.194444444444,25.6666666666667,497.111111111111
"background",124,124,337.527777777778,0.0277777777777778,275.944444444444
"background",125,125,304.416666666667,4.91666666666667,339.416666666667
"background",126,126,331.277777777778,2.80555555555556,166.833333333333
"background",127,127,322.611111111111,60.6944444444444,284.166666666667
"background",128,128,318.888888888889,2.61111111111111,194.222222222222
"background",129,129,347.361111111111,18.5277777777778,488.777777777778
"background",130,130,276.666666666667,12.8611111111111,693.5
"background",131,131,261.888888888889,74.3055555555556,502.972222222222
"background",132,132,290.138888888889,6.33333333333333,231.5
"background",133,133,309.388888888889,23.2222222222222,174.277777777778
"background",134,134,296.333333333333,7.47222222222222,628.027777777778
"background",135,135,320.555555555556,27.25,121.722222222222
"background",136,136,338.861111111111,5.77777777777778,141.166666666667
"background",137,137,335.027777777778,9.94444444444444,464.444444444444
"background",138,138,322.305555555556,105.444444444444,422.305555555556
"background",139,139,345.888888888889,20.8611111111111,430.611111111111
"background",140,140,323.305555555556,120.944444444444,406.638888888889
"background",141,141,319.833333333333,66.4444444444444,284.444444444444
"background",142,142,350.527777777778,2.5,289.75
"background",143,143,321.916666666667,72.6111111111111,618.083333333333
"background",144,144,318.583333333333,19.4722222222222,214.583333333333
"background",145,145,339.416666666667,2.52777777777778,440.861111111111
"background",146,146,310.444444444444,5.33333333333333,220.472222222222
"background",147,147,327.342857142857,18.6571428571429,104.828571428571
"background",148,148,313.277777777778,132.416666666667,643.944444444444
