"species","x","y","bio5","bio14","bio18"
"species",1,1,335.722222222222,24.9444444444444,491.916666666667
"species",2,2,300.730769230769,41.2307692307692,343.346153846154
"species",3,3,308.361111111111,24.6111111111111,379.111111111111
"species",4,4,293.638888888889,33.3888888888889,616.888888888889
"species",5,5,278.805555555556,14.0277777777778,576.722222222222
"species",6,6,257.305555555556,53.8055555555556,716.944444444444
"species",7,7,300.730769230769,41.2307692307692,343.346153846154
"species",8,8,306.515151515152,61.9090909090909,290.878787878788
"species",9,9,292.277777777778,24.6388888888889,452.944444444444
"species",10,10,300.730769230769,41.2307692307692,343.346153846154
"species",11,11,292.172413793103,66.0689655172414,730.827586206897
"species",12,12,300.730769230769,41.2307692307692,343.346153846154
"species",13,13,287.666666666667,34.25,497.083333333333
"species",14,14,282.361111111111,54.5,580.083333333333
"species",15,15,310.916666666667,18.0833333333333,534.222222222222
"species",16,16,312.638888888889,31.9166666666667,380.583333333333
"species",17,17,282.361111111111,54.5,580.083333333333
"species",18,18,257.305555555556,53.8055555555556,716.944444444444
"species",19,19,292.888888888889,64.3888888888889,306.111111111111
"species",20,20,292.172413793103,66.0689655172414,730.827586206897
"species",21,21,292.277777777778,24.6388888888889,452.944444444444
"species",22,22,312.638888888889,31.9166666666667,380.583333333333
"species",23,23,292.277777777778,24.6388888888889,452.944444444444
"species",24,24,312.638888888889,31.9166666666667,380.583333333333
"species",25,25,300.730769230769,41.2307692307692,343.346153846154
"species",26,26,300.730769230769,41.2307692307692,343.346153846154
"species",27,27,292.172413793103,66.0689655172414,730.827586206897
"species",28,28,312.638888888889,31.9166666666667,380.583333333333
"species",29,29,291.222222222222,16.8888888888889,494.055555555556
"species",30,30,272,83.1944444444444,486.666666666667
"species",31,31,300.730769230769,41.2307692307692,343.346153846154
"species",32,32,312.638888888889,31.9166666666667,380.583333333333
"species",33,33,287.222222222222,78.8611111111111,379.25
"species",34,34,300.730769230769,41.2307692307692,343.346153846154
"species",35,35,300.730769230769,41.2307692307692,343.346153846154
"species",36,36,284.583333333333,19.8055555555556,622.388888888889
"species",37,37,300.730769230769,41.2307692307692,343.346153846154
"species",38,38,257.305555555556,53.8055555555556,716.944444444444
"species",39,39,312.638888888889,31.9166666666667,380.583333333333
"species",40,40,312.638888888889,31.9166666666667,380.583333333333
"species",41,41,312.638888888889,34.5833333333333,351.277777777778
"species",42,42,310.916666666667,18.0833333333333,534.222222222222
"species",43,43,292.172413793103,66.0689655172414,730.827586206897
"species",44,44,265.194444444444,23.0277777777778,718.166666666667
"species",45,45,293.638888888889,33.3888888888889,616.888888888889
"species",46,46,300.730769230769,41.2307692307692,343.346153846154
"species",47,47,287.666666666667,34.25,497.083333333333
"species",48,48,265.194444444444,23.0277777777778,718.166666666667
"species",49,49,265.194444444444,23.0277777777778,718.166666666667
"species",50,50,292.277777777778,24.6388888888889,452.944444444444
"species",51,51,282.305555555556,11.5277777777778,629.5
"species",52,52,312.638888888889,31.9166666666667,380.583333333333
"species",53,53,292.172413793103,66.0689655172414,730.827586206897
"species",54,54,300.730769230769,41.2307692307692,343.346153846154
"species",55,55,292.277777777778,24.6388888888889,452.944444444444
"species",56,56,292.277777777778,24.6388888888889,452.944444444444
"species",57,57,300.730769230769,41.2307692307692,343.346153846154
"species",58,58,292.277777777778,24.6388888888889,452.944444444444
"species",59,59,265.194444444444,23.0277777777778,718.166666666667
"species",60,60,257.305555555556,53.8055555555556,716.944444444444
"species",61,61,287.666666666667,34.25,497.083333333333
"species",62,62,257.305555555556,53.8055555555556,716.944444444444
"species",63,63,312.638888888889,34.5833333333333,351.277777777778
"species",64,64,300.730769230769,41.2307692307692,343.346153846154
"species",65,65,292.172413793103,66.0689655172414,730.827586206897
"species",66,66,291.222222222222,16.8888888888889,494.055555555556
"species",67,67,312.638888888889,31.9166666666667,380.583333333333
"species",68,68,293.638888888889,33.3888888888889,616.888888888889
"species",69,69,288.416666666667,26.7222222222222,611.416666666667
"species",70,70,312.638888888889,31.9166666666667,380.583333333333
"species",71,71,274.583333333333,81.2916666666667,570.375
"species",72,72,313.333333333333,62.4444444444444,489.555555555556
"species",73,73,312.638888888889,31.9166666666667,380.583333333333
"species",74,74,257.305555555556,53.8055555555556,716.944444444444
"species",75,75,274.583333333333,81.2916666666667,570.375
"species",76,76,257.305555555556,53.8055555555556,716.944444444444
"species",77,77,265.194444444444,23.0277777777778,718.166666666667
"species",78,78,312.638888888889,31.9166666666667,380.583333333333
"species",79,79,292.277777777778,24.6388888888889,452.944444444444
"species",80,80,293.638888888889,33.3888888888889,616.888888888889
"species",81,81,312.638888888889,31.9166666666667,380.583333333333
"species",82,82,300.730769230769,41.2307692307692,343.346153846154
"species",83,83,257.305555555556,53.8055555555556,716.944444444444
"species",84,84,300.730769230769,41.2307692307692,343.346153846154
"species",85,85,293.638888888889,33.3888888888889,616.888888888889
"species",86,86,300.730769230769,41.2307692307692,343.346153846154
"species",87,87,300.730769230769,41.2307692307692,343.346153846154
"species",88,88,300.730769230769,41.2307692307692,343.346153846154
"species",89,89,300.730769230769,41.2307692307692,343.346153846154
"species",90,90,301.888888888889,62.1388888888889,304.611111111111
"species",91,91,260.666666666667,24.5833333333333,718.055555555556
"species",92,92,264.151515151515,53.6969696969697,733.757575757576
"species",93,93,312.638888888889,31.9166666666667,380.583333333333
"species",94,94,257.305555555556,53.8055555555556,716.944444444444
"species",95,95,301.888888888889,62.1388888888889,304.611111111111
"species",96,96,312.638888888889,31.9166666666667,380.583333333333
"species",97,97,265.194444444444,23.0277777777778,718.166666666667
"species",98,98,312.638888888889,31.9166666666667,380.583333333333
"species",99,99,292.172413793103,66.0689655172414,730.827586206897
"species",100,100,287.666666666667,34.25,497.083333333333
"species",101,101,312.638888888889,31.9166666666667,380.583333333333
"species",102,102,286.111111111111,9.52777777777778,590.055555555556
"species",103,103,311.928571428571,49.75,241.071428571429
"species",104,104,312.638888888889,31.9166666666667,380.583333333333
"species",105,105,278.805555555556,14.0277777777778,576.722222222222
"species",106,106,310.916666666667,18.0833333333333,534.222222222222
"species",107,107,312.638888888889,31.9166666666667,380.583333333333
"species",108,108,312.638888888889,31.9166666666667,380.583333333333
"species",109,109,291.222222222222,16.8888888888889,494.055555555556
"species",110,110,312.638888888889,31.9166666666667,380.583333333333
"species",111,111,286.111111111111,9.52777777777778,590.055555555556
"species",112,112,291.222222222222,16.8888888888889,494.055555555556
"species",113,113,312.638888888889,31.9166666666667,380.583333333333
"species",114,114,293.638888888889,33.3888888888889,616.888888888889
"species",115,115,292.277777777778,24.6388888888889,452.944444444444
"species",116,116,312.638888888889,31.9166666666667,380.583333333333
"species",117,117,292.277777777778,24.6388888888889,452.944444444444
"species",118,118,257.305555555556,53.8055555555556,716.944444444444
"species",119,119,276.666666666667,12.8611111111111,693.5
"species",120,120,300.730769230769,41.2307692307692,343.346153846154
"species",121,121,287.666666666667,34.25,497.083333333333
"species",122,122,287.666666666667,34.25,497.083333333333
"species",123,123,287.222222222222,78.8611111111111,379.25
"species",124,124,257.305555555556,53.8055555555556,716.944444444444
"species",125,125,264.151515151515,53.6969696969697,733.757575757576
"species",126,126,287.666666666667,34.25,497.083333333333
"species",127,127,265.194444444444,23.0277777777778,718.166666666667
"species",128,128,264.151515151515,53.6969696969697,733.757575757576
"species",129,129,257.305555555556,53.8055555555556,716.944444444444
"species",130,130,272,83.1944444444444,486.666666666667
"species",131,131,287.666666666667,34.25,497.083333333333
"species",132,132,312.638888888889,31.9166666666667,380.583333333333
"species",133,133,287.666666666667,34.25,497.083333333333
"species",134,134,287.222222222222,78.8611111111111,379.25
"species",135,135,300.730769230769,41.2307692307692,343.346153846154
"species",136,136,293.638888888889,33.3888888888889,616.888888888889
"species",137,137,276.666666666667,12.8611111111111,693.5
