"species","x","y","bio5","bio14","bio18"
"background",1,1,314.25,89.3611111111111,633
"background",2,2,295,4.88888888888889,279.194444444444
"background",3,3,346.305555555556,7.36111111111111,249.472222222222
"background",4,4,344.333333333333,2.16666666666667,406.5
"background",5,5,319.916666666667,54,545.722222222222
"background",6,6,327.388888888889,60.3888888888889,481.305555555556
"background",7,7,343.222222222222,5.05555555555556,144.25
"background",8,8,347.361111111111,18.5277777777778,488.777777777778
"background",9,9,330.5,72.5,286.75
"background",10,10,295.388888888889,32.1666666666667,581.194444444444
"background",11,11,260.388888888889,100.111111111111,492.861111111111
"background",12,12,324.583333333333,28.1388888888889,456.638888888889
"background",13,13,350.527777777778,2.5,289.75
"background",14,14,315.194444444444,26.3611111111111,553.166666666667
"background",15,15,324.166666666667,62.8055555555556,242.055555555556
"background",16,16,319.583333333333,71.3611111111111,564.944444444444
"background",17,17,333.333333333333,24.8888888888889,371.694444444444
"background",18,18,291.222222222222,16.8888888888889,494.055555555556
"background",19,19,282.305555555556,17.9444444444444,651.555555555556
"background",20,20,288.527777777778,80.3055555555556,547.138888888889
"background",21,21,334.888888888889,16.3611111111111,304.25
"background",22,22,279.555555555556,11.9722222222222,660.694444444444
"background",23,23,341.972222222222,8.47222222222222,284.444444444444
"background",24,24,315.083333333333,78.5,601.5
"background",25,25,314.75,3.91666666666667,230.527777777778
"background",26,26,330.527777777778,45.75,193.388888888889
"background",27,27,307.611111111111,214.861111111111,770.305555555556
"background",28,28,339.916666666667,28.3333333333333,468.722222222222
"background",29,29,326.777777777778,93.6111111111111,376
"background",30,30,331.305555555556,2.36111111111111,420.861111111111
"background",31,31,339.833333333333,31.4444444444444,507.388888888889
"background",32,32,326.972222222222,85.25,286.5
"background",33,33,288.194444444444,55.75,521.888888888889
"background",34,34,347.888888888889,8.86111111111111,564.083333333333
"background",35,35,324.555555555556,1.91666666666667,212.472222222222
"background",36,36,305.111111111111,3.33333333333333,209.166666666667
"background",37,37,322.694444444444,45.0555555555556,559.25
"background",38,38,306.222222222222,17.5277777777778,581.888888888889
"background",39,39,296.5,8.02777777777778,564.472222222222
"background",40,40,291.944444444444,78.9444444444444,451.972222222222
"background",41,41,303.444444444444,11,219.388888888889
"background",42,42,330.055555555556,47.3888888888889,167.888888888889
"background",43,43,329.444444444444,77.0833333333333,309.333333333333
"background",44,44,317.944444444444,105.305555555556,585.444444444444
"background",45,45,300.972222222222,5.97222222222222,189.138888888889
"background",46,46,323.777777777778,12.1388888888889,375.527777777778
"background",47,47,314.666666666667,7.02777777777778,325.055555555556
"background",48,48,315.5,7.11111111111111,683.916666666667
"background",49,49,321.722222222222,101.222222222222,405.333333333333
"background",50,50,317.527777777778,41.6111111111111,615.222222222222
"background",51,51,308.361111111111,7.94444444444444,434.416666666667
"background",52,52,317.027777777778,2,142.583333333333
"background",53,53,314.444444444444,2.61111111111111,89.9444444444444
"background",54,54,332.555555555556,4.69444444444444,70.6111111111111
"background",55,55,334.277777777778,2.25,64.8333333333333
"background",56,56,321.444444444444,8.97222222222222,350.5
"background",57,57,328.416666666667,207.305555555556,706.388888888889
"background",58,58,329.027777777778,84.8888888888889,270.5
"background",59,59,327.583333333333,67.2777777777778,283.333333333333
"background",60,60,328.75,14.3888888888889,434.944444444444
"background",61,61,338.138888888889,18.3333333333333,498.194444444444
"background",62,62,331.944444444444,12.6111111111111,398.5
"background",63,63,286.111111111111,9.52777777777778,590.055555555556
"background",64,64,326.694444444444,4.02777777777778,196.555555555556
"background",65,65,319.444444444444,1.16666666666667,161.777777777778
"background",66,66,349.777777777778,5.13888888888889,549.166666666667
"background",67,67,342.416666666667,20.1111111111111,555.25
"background",68,68,343.472222222222,0.583333333333333,152.277777777778
"background",69,69,325,9.36111111111111,573.611111111111
"background",70,70,320.722222222222,84.6111111111111,421.222222222222
"background",71,71,310.25,2.83333333333333,90.8055555555556
"background",72,72,308.861111111111,47.6111111111111,452.305555555556
"background",73,73,300.555555555556,4.27777777777778,253.25
"background",74,74,322.888888888889,62.4722222222222,393.277777777778
"background",75,75,354.166666666667,9.75,324.666666666667
"background",76,76,308.388888888889,217.527777777778,738.444444444444
"background",77,77,329.638888888889,19.7222222222222,142.222222222222
"background",78,78,277.944444444444,11.4722222222222,732.222222222222
"background",79,79,346.75,13.9444444444444,389.916666666667
"background",80,80,292.172413793103,66.0689655172414,730.827586206897
"background",81,81,293.861111111111,5,449.388888888889
"background",82,82,309.5,185.194444444444,657.333333333333
"background",83,83,315.777777777778,4.41666666666667,193.527777777778
"background",84,84,356.5,4.55555555555556,548.194444444444
"background",85,85,323.277777777778,26.6666666666667,158.75
"background",86,86,323.833333333333,55.5,247.833333333333
"background",87,87,321.638888888889,29.4444444444444,494.972222222222
"background",88,88,354.361111111111,6.58333333333333,608.444444444444
"background",89,89,352.5,4.44444444444444,248.055555555556
"background",90,90,324.388888888889,89.7777777777778,356.972222222222
"background",91,91,322.777777777778,138.222222222222,517.805555555556
"background",92,92,302.138888888889,12.75,307.333333333333
"background",93,93,275,13.9444444444444,633.583333333333
"background",94,94,317.972222222222,54.9722222222222,583.25
"background",95,95,310.166666666667,8.5,565.305555555556
"background",96,96,356.944444444444,11.1666666666667,348.444444444444
"background",97,97,306.583333333333,19.4444444444444,353.444444444444
"background",98,98,308.833333333333,16.9166666666667,196.222222222222
"background",99,99,350.722222222222,0.888888888888889,131.944444444444
"background",100,100,355.555555555556,6.13888888888889,340.5
"background",101,101,336.472222222222,22.4722222222222,365.527777777778
"background",102,102,324.25,19.0277777777778,91.1666666666667
"background",103,103,330.75,37.8611111111111,482.305555555556
"background",104,104,330.388888888889,31.2777777777778,569.555555555556
"background",105,105,329.694444444444,51.3055555555556,201.833333333333
"background",106,106,351.833333333333,9.25,370
"background",107,107,302.805555555556,21.6111111111111,157.333333333333
"background",108,108,323,47.7777777777778,218.611111111111
"background",109,109,321.166666666667,6.61111111111111,617.666666666667
"background",110,110,310.916666666667,18.0833333333333,534.222222222222
"background",111,111,278.555555555556,78.3333333333333,370.916666666667
"background",112,112,270.333333333333,124.638888888889,438.305555555556
"background",113,113,333.388888888889,2.11111111111111,195.75
"background",114,114,312.638888888889,31.9166666666667,380.583333333333
"background",115,115,311.928571428571,49.75,241.071428571429
"background",116,116,336.75,2.44444444444444,158.083333333333
"background",117,117,298.972222222222,26.75,242.361111111111
"background",118,118,336.361111111111,43.3333333333333,458.5
"background",119,119,347.055555555556,8.72222222222222,311.75
"background",120,120,317.638888888889,159.888888888889,576.277777777778
"background",121,121,324.555555555556,21.1111111111111,317.25
"background",122,122,343.388888888889,4.55555555555556,487.583333333333
"background",123,123,325.444444444444,49.75,221.111111111111
"background",124,124,345.888888888889,20.8611111111111,430.611111111111
"background",125,125,318.611111111111,59,287.638888888889
"background",126,126,303.5,11,664.527777777778
"background",127,127,284.944444444444,8.5,562.527777777778
"background",128,128,336.527777777778,11.4444444444444,599.138888888889
"background",129,129,331.416666666667,56.9722222222222,373.277777777778
"background",130,130,311.25,40,474.083333333333
"background",131,131,281.861111111111,81.5833333333333,523.333333333333
"background",132,132,343.916666666667,11.9444444444444,336.416666666667
"background",133,133,327.333333333333,81.3055555555556,361.194444444444
"background",134,134,342.916666666667,6.13888888888889,191.611111111111
"background",135,135,323.611111111111,118.388888888889,383.777777777778
"background",136,136,313.666666666667,28.1111111111111,437.055555555556
"background",137,137,289.333333333333,16.1111111111111,314.472222222222
"background",138,138,317,1.44444444444444,197.75
"background",139,139,282.722222222222,132.888888888889,558.611111111111
"background",140,140,329.722222222222,75.8888888888889,240.222222222222
"background",141,141,322.694444444444,78.5,479.944444444444
"background",142,142,323.305555555556,120.944444444444,406.638888888889
"background",143,143,319.111111111111,177.555555555556,714.305555555556
"background",144,144,310.222222222222,1.52777777777778,233.583333333333
"background",145,145,291.194444444444,30.7777777777778,217.694444444444
"background",146,146,295.5,7.22222222222222,382.527777777778
"background",147,147,319.222222222222,193.694444444444,717.916666666667
"background",148,148,317.75,11.1666666666667,415.722222222222
