"species","x","y","bio5","bio14","bio18"
"species",1,1,257.305555555556,53.8055555555556,716.944444444444
"species",2,2,312.638888888889,34.5833333333333,351.277777777778
"species",3,3,292.277777777778,24.6388888888889,452.944444444444
"species",4,4,257.305555555556,53.8055555555556,716.944444444444
"species",5,5,312.638888888889,34.5833333333333,351.277777777778
"species",6,6,274.583333333333,81.2916666666667,570.375
"species",7,7,282.305555555556,11.5277777777778,629.5
"species",8,8,292.277777777778,24.6388888888889,452.944444444444
"species",9,9,300.730769230769,41.2307692307692,343.346153846154
"species",10,10,282.361111111111,54.5,580.083333333333
"species",11,11,291.222222222222,16.8888888888889,494.055555555556
"species",12,12,287.666666666667,34.25,497.083333333333
"species",13,13,293.638888888889,33.3888888888889,616.888888888889
"species",14,14,312.638888888889,31.9166666666667,380.583333333333
"species",15,15,257.305555555556,53.8055555555556,716.944444444444
"species",16,16,265.194444444444,23.0277777777778,718.166666666667
"species",17,17,287.666666666667,34.25,497.083333333333
"species",18,18,291.222222222222,16.8888888888889,494.055555555556
"species",19,19,292.277777777778,24.6388888888889,452.944444444444
"species",20,20,293.638888888889,33.3888888888889,616.888888888889
"species",21,21,300.730769230769,41.2307692307692,343.346153846154
"species",22,22,301.888888888889,62.1388888888889,304.611111111111
"species",23,23,272,83.1944444444444,486.666666666667
"species",24,24,306.515151515152,61.9090909090909,290.878787878788
"species",25,25,291.222222222222,16.8888888888889,494.055555555556
"species",26,26,291.222222222222,16.8888888888889,494.055555555556
"species",27,27,257.305555555556,53.8055555555556,716.944444444444
"species",28,28,312.638888888889,31.9166666666667,380.583333333333
"species",29,29,287.666666666667,34.25,497.083333333333
"species",30,30,312.638888888889,31.9166666666667,380.583333333333
"species",31,31,278.555555555556,78.3333333333333,370.916666666667
"species",32,32,274.583333333333,81.2916666666667,570.375
"species",33,33,257.305555555556,53.8055555555556,716.944444444444
"species",34,34,265.194444444444,23.0277777777778,718.166666666667
"species",35,35,300.730769230769,41.2307692307692,343.346153846154
"species",36,36,293.638888888889,33.3888888888889,616.888888888889
"species",37,37,312.638888888889,31.9166666666667,380.583333333333
"species",38,38,312.638888888889,31.9166666666667,380.583333333333
"species",39,39,257.305555555556,53.8055555555556,716.944444444444
"species",40,40,300.730769230769,41.2307692307692,343.346153846154
"species",41,41,300.730769230769,41.2307692307692,343.346153846154
"species",42,42,287.222222222222,78.8611111111111,379.25
"species",43,43,288.416666666667,26.7222222222222,611.416666666667
"species",44,44,291.222222222222,16.8888888888889,494.055555555556
"species",45,45,312.638888888889,31.9166666666667,380.583333333333
"species",46,46,264.151515151515,53.6969696969697,733.757575757576
"species",47,47,312.638888888889,31.9166666666667,380.583333333333
"species",48,48,282.361111111111,54.5,580.083333333333
"species",49,49,292.277777777778,24.6388888888889,452.944444444444
"species",50,50,264.151515151515,53.6969696969697,733.757575757576
"species",51,51,300.730769230769,41.2307692307692,343.346153846154
"species",52,52,257.305555555556,53.8055555555556,716.944444444444
"species",53,53,293.638888888889,33.3888888888889,616.888888888889
"species",54,54,292.172413793103,66.0689655172414,730.827586206897
"species",55,55,257.305555555556,53.8055555555556,716.944444444444
"species",56,56,300.730769230769,41.2307692307692,343.346153846154
"species",57,57,257.305555555556,53.8055555555556,716.944444444444
"species",58,58,293.638888888889,33.3888888888889,616.888888888889
"species",59,59,300.730769230769,41.2307692307692,343.346153846154
"species",60,60,300.730769230769,41.2307692307692,343.346153846154
"species",61,61,264.151515151515,53.6969696969697,733.757575757576
"species",62,62,312.638888888889,31.9166666666667,380.583333333333
"species",63,63,266.444444444444,38.5277777777778,568.166666666667
"species",64,64,287.666666666667,34.25,497.083333333333
"species",65,65,265.194444444444,23.0277777777778,718.166666666667
"species",66,66,300.730769230769,41.2307692307692,343.346153846154
"species",67,67,278.555555555556,78.3333333333333,370.916666666667
"species",68,68,293.638888888889,33.3888888888889,616.888888888889
"species",69,69,300.730769230769,41.2307692307692,343.346153846154
"species",70,70,312.638888888889,34.5833333333333,351.277777777778
"species",71,71,292.277777777778,24.6388888888889,452.944444444444
"species",72,72,292.888888888889,64.3888888888889,306.111111111111
"species",73,73,293.638888888889,33.3888888888889,616.888888888889
"species",74,74,265.194444444444,23.0277777777778,718.166666666667
"species",75,75,292.277777777778,24.6388888888889,452.944444444444
"species",76,76,312.638888888889,31.9166666666667,380.583333333333
"species",77,77,293.638888888889,33.3888888888889,616.888888888889
"species",78,78,312.638888888889,31.9166666666667,380.583333333333
"species",79,79,293.638888888889,33.3888888888889,616.888888888889
"species",80,80,287.666666666667,34.25,497.083333333333
"species",81,81,264.151515151515,53.6969696969697,733.757575757576
"species",82,82,292.172413793103,66.0689655172414,730.827586206897
"species",83,83,276.666666666667,12.8611111111111,693.5
"species",84,84,312.638888888889,31.9166666666667,380.583333333333
"species",85,85,264.151515151515,53.6969696969697,733.757575757576
"species",86,86,300.730769230769,41.2307692307692,343.346153846154
"species",87,87,312.638888888889,31.9166666666667,380.583333333333
"species",88,88,312.638888888889,31.9166666666667,380.583333333333
"species",89,89,287.666666666667,34.25,497.083333333333
"species",90,90,257.305555555556,53.8055555555556,716.944444444444
"species",91,91,300.730769230769,41.2307692307692,343.346153846154
"species",92,92,289.333333333333,16.1111111111111,314.472222222222
"species",93,93,312.638888888889,31.9166666666667,380.583333333333
"species",94,94,265.194444444444,23.0277777777778,718.166666666667
"species",95,95,287.222222222222,78.8611111111111,379.25
"species",96,96,257.305555555556,53.8055555555556,716.944444444444
"species",97,97,335.722222222222,24.9444444444444,491.916666666667
"species",98,98,272,83.1944444444444,486.666666666667
"species",99,99,287.666666666667,34.25,497.083333333333
"species",100,100,300.730769230769,41.2307692307692,343.346153846154
"species",101,101,278.805555555556,14.0277777777778,576.722222222222
"species",102,102,312.638888888889,31.9166666666667,380.583333333333
"species",103,103,312.638888888889,31.9166666666667,380.583333333333
"species",104,104,312.638888888889,31.9166666666667,380.583333333333
"species",105,105,312.638888888889,31.9166666666667,380.583333333333
"species",106,106,311.928571428571,49.75,241.071428571429
"species",107,107,278.805555555556,14.0277777777778,576.722222222222
"species",108,108,300.730769230769,41.2307692307692,343.346153846154
"species",109,109,300.730769230769,41.2307692307692,343.346153846154
"species",110,110,293.638888888889,33.3888888888889,616.888888888889
"species",111,111,312.638888888889,31.9166666666667,380.583333333333
"species",112,112,301.888888888889,62.1388888888889,304.611111111111
"species",113,113,308.361111111111,24.6111111111111,379.111111111111
"species",114,114,265.194444444444,23.0277777777778,718.166666666667
"species",115,115,257.305555555556,53.8055555555556,716.944444444444
"species",116,116,300.730769230769,41.2307692307692,343.346153846154
"species",117,117,293.638888888889,33.3888888888889,616.888888888889
"species",118,118,291.222222222222,16.8888888888889,494.055555555556
"species",119,119,276.666666666667,12.8611111111111,693.5
"species",120,120,265.194444444444,23.0277777777778,718.166666666667
"species",121,121,313.333333333333,62.4444444444444,489.555555555556
"species",122,122,312.638888888889,31.9166666666667,380.583333333333
"species",123,123,312.638888888889,34.5833333333333,351.277777777778
"species",124,124,278.805555555556,14.0277777777778,576.722222222222
"species",125,125,304.083333333333,13.5833333333333,493.027777777778
"species",126,126,292.888888888889,64.3888888888889,306.111111111111
"species",127,127,312.638888888889,31.9166666666667,380.583333333333
"species",128,128,300.730769230769,41.2307692307692,343.346153846154
"species",129,129,312.638888888889,31.9166666666667,380.583333333333
"species",130,130,264.151515151515,53.6969696969697,733.757575757576
"species",131,131,300.730769230769,41.2307692307692,343.346153846154
"species",132,132,292.277777777778,24.6388888888889,452.944444444444
"species",133,133,264.151515151515,53.6969696969697,733.757575757576
"species",134,134,257.305555555556,53.8055555555556,716.944444444444
"species",135,135,282.805555555556,36.4444444444444,526.666666666667
"species",136,136,265.194444444444,23.0277777777778,718.166666666667
