"species","x","y","bio5","bio14","bio18"
"species",1,1,312.638888888889,31.9166666666667,380.583333333333
"species",2,2,292.277777777778,24.6388888888889,452.944444444444
"species",3,3,312.638888888889,31.9166666666667,380.583333333333
"species",4,4,312.638888888889,31.9166666666667,380.583333333333
"species",5,5,300.730769230769,41.2307692307692,343.346153846154
"species",6,6,278.805555555556,14.0277777777778,576.722222222222
"species",7,7,312.638888888889,31.9166666666667,380.583333333333
"species",8,8,265.194444444444,23.0277777777778,718.166666666667
"species",9,9,300.730769230769,41.2307692307692,343.346153846154
"species",10,10,312.638888888889,31.9166666666667,380.583333333333
"species",11,11,300.730769230769,41.2307692307692,343.346153846154
"species",12,12,287.666666666667,34.25,497.083333333333
"species",13,13,265.194444444444,23.0277777777778,718.166666666667
"species",14,14,335.722222222222,24.9444444444444,491.916666666667
"species",15,15,291.222222222222,16.8888888888889,494.055555555556
"species",16,16,257.305555555556,53.8055555555556,716.944444444444
"species",17,17,300.730769230769,41.2307692307692,343.346153846154
"species",18,18,300.730769230769,41.2307692307692,343.346153846154
"species",19,19,312.638888888889,31.9166666666667,380.583333333333
"species",20,20,310.916666666667,18.0833333333333,534.222222222222
"species",21,21,287.222222222222,78.8611111111111,379.25
"species",22,22,292.172413793103,66.0689655172414,730.827586206897
"species",23,23,312.638888888889,31.9166666666667,380.583333333333
"species",24,24,287.666666666667,34.25,497.083333333333
"species",25,25,308.361111111111,24.6111111111111,379.111111111111
"species",26,26,313.333333333333,62.4444444444444,489.555555555556
"species",27,27,265.194444444444,23.0277777777778,718.166666666667
"species",28,28,300.730769230769,41.2307692307692,343.346153846154
"species",29,29,278.805555555556,14.0277777777778,576.722222222222
"species",30,30,312.638888888889,31.9166666666667,380.583333333333
"species",31,31,292.277777777778,24.6388888888889,452.944444444444
"species",32,32,293.638888888889,33.3888888888889,616.888888888889
"species",33,33,287.666666666667,34.25,497.083333333333
"species",34,34,292.888888888889,64.3888888888889,306.111111111111
"species",35,35,312.638888888889,31.9166666666667,380.583333333333
"species",36,36,292.172413793103,66.0689655172414,730.827586206897
"species",37,37,264.151515151515,53.6969696969697,733.757575757576
"species",38,38,312.638888888889,31.9166666666667,380.583333333333
"species",39,39,300.730769230769,41.2307692307692,343.346153846154
"species",40,40,292.888888888889,64.3888888888889,306.111111111111
"species",41,41,282.361111111111,54.5,580.083333333333
"species",42,42,292.277777777778,24.6388888888889,452.944444444444
"species",43,43,313.333333333333,62.4444444444444,489.555555555556
"species",44,44,293.638888888889,33.3888888888889,616.888888888889
"species",45,45,286.111111111111,9.52777777777778,590.055555555556
"species",46,46,272,83.1944444444444,486.666666666667
"species",47,47,308.361111111111,24.6111111111111,379.111111111111
"species",48,48,312.638888888889,34.5833333333333,351.277777777778
"species",49,49,287.666666666667,34.25,497.083333333333
"species",50,50,306.515151515152,61.9090909090909,290.878787878788
"species",51,51,264.151515151515,53.6969696969697,733.757575757576
"species",52,52,312.638888888889,31.9166666666667,380.583333333333
"species",53,53,292.172413793103,66.0689655172414,730.827586206897
"species",54,54,274.583333333333,81.2916666666667,570.375
"species",55,55,291.222222222222,16.8888888888889,494.055555555556
"species",56,56,274.583333333333,81.2916666666667,570.375
"species",57,57,276.666666666667,12.8611111111111,693.5
"species",58,58,289.333333333333,16.1111111111111,314.472222222222
"species",59,59,312.638888888889,31.9166666666667,380.583333333333
"species",60,60,312.638888888889,31.9166666666667,380.583333333333
"species",61,61,312.638888888889,31.9166666666667,380.583333333333
"species",62,62,300.730769230769,41.2307692307692,343.346153846154
"species",63,63,287.666666666667,34.25,497.083333333333
"species",64,64,300.730769230769,41.2307692307692,343.346153846154
"species",65,65,293.638888888889,33.3888888888889,616.888888888889
"species",66,66,282.361111111111,54.5,580.083333333333
"species",67,67,292.172413793103,66.0689655172414,730.827586206897
"species",68,68,293.638888888889,33.3888888888889,616.888888888889
"species",69,69,282.805555555556,36.4444444444444,526.666666666667
"species",70,70,300.730769230769,41.2307692307692,343.346153846154
"species",71,71,300.730769230769,41.2307692307692,343.346153846154
"species",72,72,257.305555555556,53.8055555555556,716.944444444444
"species",73,73,292.277777777778,24.6388888888889,452.944444444444
"species",74,74,300.730769230769,41.2307692307692,343.346153846154
"species",75,75,257.305555555556,53.8055555555556,716.944444444444
"species",76,76,300.730769230769,41.2307692307692,343.346153846154
"species",77,77,291.222222222222,16.8888888888889,494.055555555556
"species",78,78,292.888888888889,64.3888888888889,306.111111111111
"species",79,79,292.277777777778,24.6388888888889,452.944444444444
"species",80,80,310.916666666667,18.0833333333333,534.222222222222
"species",81,81,300.730769230769,41.2307692307692,343.346153846154
"species",82,82,257.305555555556,53.8055555555556,716.944444444444
"species",83,83,300.730769230769,41.2307692307692,343.346153846154
"species",84,84,300.730769230769,41.2307692307692,343.346153846154
"species",85,85,312.638888888889,31.9166666666667,380.583333333333
"species",86,86,293.638888888889,33.3888888888889,616.888888888889
"species",87,87,291.222222222222,16.8888888888889,494.055555555556
"species",88,88,292.277777777778,24.6388888888889,452.944444444444
"species",89,89,312.638888888889,34.5833333333333,351.277777777778
"species",90,90,292.277777777778,24.6388888888889,452.944444444444
"species",91,91,293.638888888889,33.3888888888889,616.888888888889
"species",92,92,257.305555555556,53.8055555555556,716.944444444444
"species",93,93,265.194444444444,23.0277777777778,718.166666666667
"species",94,94,300.730769230769,41.2307692307692,343.346153846154
"species",95,95,291.222222222222,16.8888888888889,494.055555555556
"species",96,96,312.638888888889,31.9166666666667,380.583333333333
"species",97,97,264.151515151515,53.6969696969697,733.757575757576
"species",98,98,280.638888888889,23.4444444444444,601.305555555556
"species",99,99,292.172413793103,66.0689655172414,730.827586206897
"species",100,100,292.172413793103,66.0689655172414,730.827586206897
"species",101,101,312.638888888889,31.9166666666667,380.583333333333
"species",102,102,312.638888888889,31.9166666666667,380.583333333333
"species",103,103,287.666666666667,34.25,497.083333333333
"species",104,104,265.194444444444,23.0277777777778,718.166666666667
"species",105,105,264.151515151515,53.6969696969697,733.757575757576
"species",106,106,257.305555555556,53.8055555555556,716.944444444444
"species",107,107,293.638888888889,33.3888888888889,616.888888888889
"species",108,108,257.305555555556,53.8055555555556,716.944444444444
"species",109,109,272,83.1944444444444,486.666666666667
"species",110,110,292.277777777778,24.6388888888889,452.944444444444
"species",111,111,292.277777777778,24.6388888888889,452.944444444444
"species",112,112,312.638888888889,31.9166666666667,380.583333333333
"species",113,113,265.194444444444,23.0277777777778,718.166666666667
"species",114,114,257.305555555556,53.8055555555556,716.944444444444
"species",115,115,293.638888888889,33.3888888888889,616.888888888889
"species",116,116,300.730769230769,41.2307692307692,343.346153846154
"species",117,117,287.666666666667,34.25,497.083333333333
"species",118,118,287.666666666667,34.25,497.083333333333
"species",119,119,257.305555555556,53.8055555555556,716.944444444444
"species",120,120,311.928571428571,49.75,241.071428571429
"species",121,121,300.730769230769,41.2307692307692,343.346153846154
"species",122,122,312.638888888889,31.9166666666667,380.583333333333
"species",123,123,284.583333333333,19.8055555555556,622.388888888889
"species",124,124,300.730769230769,41.2307692307692,343.346153846154
"species",125,125,312.638888888889,31.9166666666667,380.583333333333
"species",126,126,292.277777777778,24.6388888888889,452.944444444444
"species",127,127,300.730769230769,41.2307692307692,343.346153846154
"species",128,128,257.305555555556,53.8055555555556,716.944444444444
"species",129,129,287.666666666667,34.25,497.083333333333
"species",130,130,257.305555555556,53.8055555555556,716.944444444444
"species",131,131,300.730769230769,41.2307692307692,343.346153846154
"species",132,132,300.730769230769,41.2307692307692,343.346153846154
"species",133,133,287.666666666667,34.25,497.083333333333
"species",134,134,282.305555555556,11.5277777777778,629.5
"species",135,135,312.638888888889,31.9166666666667,380.583333333333
"species",136,136,292.172413793103,66.0689655172414,730.827586206897
"species",137,137,312.638888888889,34.5833333333333,351.277777777778
