"species","x","y","bio5","bio14","bio18"
"background",1,1,309.527777777778,174.861111111111,586.916666666667
"background",2,2,348.527777777778,5,360.972222222222
"background",3,3,290.583333333333,7.30555555555556,657.305555555556
"background",4,4,330.75,37.8611111111111,482.305555555556
"background",5,5,340.777777777778,3.58333333333333,415.583333333333
"background",6,6,327.916666666667,41.7777777777778,198.222222222222
"background",7,7,287.777777777778,101.666666666667,417.666666666667
"background",8,8,298.888888888889,12.3611111111111,485.222222222222
"background",9,9,326.666666666667,36.0833333333333,146.444444444444
"background",10,10,265.833333333333,93.0833333333333,505.166666666667
"background",11,11,355.944444444444,9.72222222222222,382.972222222222
"background",12,12,329.5,81.25,294.25
"background",13,13,332.972222222222,48.7222222222222,323.888888888889
"background",14,14,332.416666666667,6.97222222222222,325.027777777778
"background",15,15,328.75,14.3888888888889,434.944444444444
"background",16,16,311.25,40,474.083333333333
"background",17,17,323.833333333333,55.5,247.833333333333
"background",18,18,341.444444444444,4.05555555555556,369.861111111111
"background",19,19,331.916666666667,12.1388888888889,396.5
"background",20,20,329.027777777778,6.22222222222222,418.166666666667
"background",21,21,334.277777777778,2.25,64.8333333333333
"background",22,22,309.972222222222,156.638888888889,620.027777777778
"background",23,23,330,21.3611111111111,324.444444444444
"background",24,24,327.361111111111,1.30555555555556,202.555555555556
"background",25,25,352.388888888889,2.63888888888889,521.583333333333
"background",26,26,329.694444444444,51.3055555555556,201.833333333333
"background",27,27,336.5,3.58333333333333,65.4722222222222
"background",28,28,350.388888888889,10.5833333333333,343.638888888889
"background",29,29,320.027777777778,7.38888888888889,374.5
"background",30,30,339.833333333333,31.4444444444444,507.388888888889
"background",31,31,334.833333333333,12.25,104.25
"background",32,32,322.611111111111,60.6944444444444,284.166666666667
