"species","x","y","bio5","bio14","bio18"
"background",1,1,337.888888888889,4.05555555555556,410.722222222222
"background",2,2,351.194444444444,0.916666666666667,180
"background",3,3,300.75,35.1111111111111,543.111111111111
"background",4,4,318.444444444444,0.694444444444444,191.305555555556
"background",5,5,323.611111111111,118.388888888889,383.777777777778
"background",6,6,318.666666666667,7.52777777777778,469.722222222222
"background",7,7,345.333333333333,3.25,184.25
"background",8,8,297.555555555556,2.75,385.805555555556
"background",9,9,327.75,46.4166666666667,250.833333333333
"background",10,10,351.833333333333,9.25,370
"background",11,11,333.638888888889,17.4166666666667,133.75
"background",12,12,331.944444444444,12.6111111111111,398.5
"background",13,13,321.111111111111,144.194444444444,471.611111111111
"background",14,14,317.75,11.1666666666667,415.722222222222
"background",15,15,336.888888888889,13.3611111111111,57.5
"background",16,16,318.138888888889,24.6388888888889,653
