"species","x","y","bio5","bio14","bio18"
"background",1,1,333.194444444444,16,206.416666666667
"background",2,2,306.611111111111,181.361111111111,843.861111111111
"background",3,3,347.888888888889,8.86111111111111,564.083333333333
"background",4,4,320.5,86.3333333333333,396.25
"background",5,5,330.472222222222,75.5277777777778,273.583333333333
"background",6,6,335.027777777778,9.94444444444444,464.444444444444
"background",7,7,334.416666666667,82.4722222222222,259.555555555556
"background",8,8,330.388888888889,31.2777777777778,569.555555555556
"background",9,9,320.027777777778,36.5,584.194444444444
"background",10,10,310.916666666667,18.0833333333333,534.222222222222
"background",11,11,347.388888888889,2.86111111111111,139.416666666667
"background",12,12,313.666666666667,102.472222222222,366.944444444444
"background",13,13,322.230769230769,13.6538461538462,101.884615384615
"background",14,14,298.972222222222,26.75,242.361111111111
"background",15,15,322.694444444444,78.5,479.944444444444
"background",16,16,336.5,3.58333333333333,65.4722222222222
"background",17,17,277.944444444444,11.4722222222222,732.222222222222
"background",18,18,291.944444444444,78.9444444444444,451.972222222222
"background",19,19,306.75,21.4722222222222,412.277777777778
"background",20,20,302.138888888889,12.75,307.333333333333
"background",21,21,310.805555555556,57.6111111111111,439.138888888889
"background",22,22,328.777777777778,45.2777777777778,348.972222222222
"background",23,23,312.111111111111,148.472222222222,601.361111111111
"background",24,24,321.027777777778,196.888888888889,666
"background",25,25,272,83.1944444444444,486.666666666667
"background",26,26,319.861111111111,36.25,142.027777777778
"background",27,27,308.388888888889,217.527777777778,738.444444444444
"background",28,28,338.333333333333,30.3888888888889,347.527777777778
"background",29,29,310.166666666667,8.5,565.305555555556
"background",30,30,312.448275862069,8,246.965517241379
"background",31,31,317.861111111111,13.8611111111111,194.888888888889
"background",32,32,327.25,33.9722222222222,223.333333333333
"background",33,33,310.25,2.83333333333333,90.8055555555556
"background",34,34,303.444444444444,11,219.388888888889
"background",35,35,327.527777777778,21.9444444444444,468.027777777778
"background",36,36,327.75,56.9166666666667,327.555555555556
"background",37,37,293.861111111111,5,449.388888888889
"background",38,38,313.666666666667,33.4722222222222,490
"background",39,39,308.833333333333,16.9166666666667,196.222222222222
"background",40,40,309.5,185.194444444444,657.333333333333
"background",41,41,312.083333333333,37.3333333333333,305.888888888889
"background",42,42,348.25,4.30555555555556,505.111111111111
"background",43,43,321.916666666667,46.6944444444444,232.416666666667
"background",44,44,318.777777777778,45.0555555555556,620.361111111111
"background",45,45,280.638888888889,23.4444444444444,601.305555555556
"background",46,46,350.527777777778,2.5,289.75
"background",47,47,320.75,59.6111111111111,562
"background",48,48,339.222222222222,0.722222222222222,143.305555555556
"background",49,49,332.527777777778,54.9166666666667,204.972222222222
"background",50,50,270.444444444444,78.5,473.694444444444
"background",51,51,314.444444444444,96.7222222222222,623.916666666667
"background",52,52,328.833333333333,5.11111111111111,445.222222222222
"background",53,53,292.138888888889,80.4722222222222,333.444444444444
"background",54,54,324.694444444444,40.9444444444444,174.527777777778
"background",55,55,291.777777777778,96.4444444444444,389.583333333333
"background",56,56,300.638888888889,123.611111111111,429.5
"background",57,57,349.861111111111,12.8333333333333,351.583333333333
"background",58,58,307.416666666667,25.3055555555556,514.138888888889
"background",59,59,305.111111111111,3.33333333333333,209.166666666667
"background",60,60,323.305555555556,120.944444444444,406.638888888889
"background",61,61,327.027777777778,79.1944444444444,267.111111111111
"background",62,62,313.333333333333,62.4444444444444,489.555555555556
"background",63,63,348.277777777778,2.5,472.027777777778
"background",64,64,330.055555555556,67.0277777777778,261.833333333333
"background",65,65,317.916666666667,52.1111111111111,566.722222222222
"background",66,66,328.611111111111,3.63888888888889,437.083333333333
"background",67,67,278.555555555556,78.3333333333333,370.916666666667
"background",68,68,288.194444444444,55.75,521.888888888889
"background",69,69,334.611111111111,4.97222222222222,369.444444444444
"background",70,70,334.611111111111,19.8333333333333,200.111111111111
"background",71,71,310.222222222222,1.52777777777778,233.583333333333
"background",72,72,305.305555555556,212.194444444444,710.5
"background",73,73,326.611111111111,46.0277777777778,230.638888888889
"background",74,74,281.444444444444,103.277777777778,537.916666666667
"background",75,75,351.472222222222,6.63888888888889,110.138888888889
"background",76,76,278.805555555556,14.0277777777778,576.722222222222
"background",77,77,309.388888888889,23.2222222222222,174.277777777778
"background",78,78,329.527777777778,0.0833333333333333,240.805555555556
"background",79,79,335.416666666667,0.5,255.944444444444
"background",80,80,318.611111111111,59,287.638888888889
"background",81,81,326.416666666667,78.5,333.333333333333
"background",82,82,336.527777777778,11.4444444444444,599.138888888889
"background",83,83,314.444444444444,2.61111111111111,89.9444444444444
"background",84,84,316.305555555556,26.5833333333333,489.166666666667
"background",85,85,319.583333333333,71.3611111111111,564.944444444444
"background",86,86,290.583333333333,7.30555555555556,657.305555555556
"background",87,87,317.5,62.8611111111111,571.555555555556
"background",88,88,326.472222222222,3.88888888888889,68.5
"background",89,89,339.916666666667,28.3333333333333,468.722222222222
"background",90,90,314.75,3.91666666666667,230.527777777778
"background",91,91,344.444444444444,1.75,484.472222222222
"background",92,92,320.472222222222,2.61111111111111,63.1944444444444
"background",93,93,303.194444444444,77.2777777777778,495.638888888889
"background",94,94,325.472222222222,2.83333333333333,200.666666666667
"background",95,95,329.75,15.3055555555556,465.694444444444
"background",96,96,325.592592592593,7.7037037037037,32.1481481481481
"background",97,97,343.277777777778,8.08333333333333,75.9722222222222
"background",98,98,284.611111111111,116.555555555556,442.944444444444
"background",99,99,336.944444444444,7.58333333333333,469.611111111111
"background",100,100,319.361111111111,32.0277777777778,528.222222222222
"background",101,101,312.583333333333,79.6944444444444,384.75
"background",102,102,308.861111111111,47.6111111111111,452.305555555556
"background",103,103,314.388888888889,34.0277777777778,167.222222222222
"background",104,104,305.055555555556,13,486.805555555556
"background",105,105,321.5,3.69444444444444,354.916666666667
"background",106,106,325.444444444444,49.75,221.111111111111
"background",107,107,315.166666666667,99.5833333333333,658.388888888889
"background",108,108,340.666666666667,53.9166666666667,194.277777777778
"background",109,109,345.305555555556,2.27777777777778,438.222222222222
"background",110,110,331.944444444444,30,133.555555555556
"background",111,111,342.861111111111,2.13888888888889,154.5
"background",112,112,297.583333333333,105.222222222222,560.111111111111
"background",113,113,317.638888888889,33.9166666666667,155.277777777778
"background",114,114,329.027777777778,61.7777777777778,225.638888888889
"background",115,115,330.083333333333,1.77777777777778,166.027777777778
"background",116,116,328.916666666667,16.5,129.472222222222
"background",117,117,329.416666666667,9.58333333333333,262.916666666667
"background",118,118,304.416666666667,4.91666666666667,339.416666666667
"background",119,119,257.305555555556,53.8055555555556,716.944444444444
"background",120,120,326.333333333333,64.75,266.5
"background",121,121,311.055555555556,13.0555555555556,187.055555555556
"background",122,122,312.083333333333,176.777777777778,566.555555555556
"background",123,123,332.777777777778,44.5833333333333,156.805555555556
"background",124,124,341.111111111111,17.1111111111111,470.944444444444
"background",125,125,259.472222222222,104.944444444444,438.222222222222
"background",126,126,337.527777777778,2.13888888888889,76.0833333333333
"background",127,127,319.944444444444,78.0277777777778,355.361111111111
"background",128,128,344,3.86111111111111,242.888888888889
"background",129,129,329.027777777778,84.8888888888889,270.5
"background",130,130,326.777777777778,93.6111111111111,376
"background",131,131,303.805555555556,4.97222222222222,222.444444444444
"background",132,132,306.722222222222,129.5,411.194444444444
"background",133,133,346.75,13.9444444444444,389.916666666667
"background",134,134,339.416666666667,2.52777777777778,440.861111111111
"background",135,135,314.055555555556,10.4722222222222,366.083333333333
"background",136,136,349.972222222222,9.22222222222222,81.9722222222222
"background",137,137,324.138888888889,38.4166666666667,155.138888888889
"background",138,138,341.805555555556,0,252.722222222222
"background",139,139,347.305555555556,12.75,345.222222222222
"background",140,140,327.333333333333,81.3055555555556,361.194444444444
"background",141,141,344.111111111111,2.47222222222222,173.5
"background",142,142,341.694444444444,8.19444444444444,74.8333333333333
"background",143,143,282.305555555556,17.9444444444444,651.555555555556
"background",144,144,314.944444444444,119.75,425.277777777778
"background",145,145,331.277777777778,14.5833333333333,313.388888888889
"background",146,146,303.194444444444,122.722222222222,441.5
"background",147,147,320.722222222222,84.6111111111111,421.222222222222
"background",148,148,322.777777777778,138.222222222222,517.805555555556
