"species","x","y","bio5","bio14","bio18"
"species",1,1,278.805555555556,14.0277777777778,576.722222222222
"species",2,2,300.730769230769,41.2307692307692,343.346153846154
"species",3,3,312.638888888889,31.9166666666667,380.583333333333
"species",4,4,300.730769230769,41.2307692307692,343.346153846154
"species",5,5,264.151515151515,53.6969696969697,733.757575757576
"species",6,6,312.638888888889,31.9166666666667,380.583333333333
"species",7,7,292.172413793103,66.0689655172414,730.827586206897
"species",8,8,292.888888888889,64.3888888888889,306.111111111111
"species",9,9,312.638888888889,31.9166666666667,380.583333333333
"species",10,10,265.194444444444,23.0277777777778,718.166666666667
"species",11,11,282.361111111111,54.5,580.083333333333
"species",12,12,274.583333333333,81.2916666666667,570.375
"species",13,13,257.305555555556,53.8055555555556,716.944444444444
"species",14,14,276.666666666667,12.8611111111111,693.5
"species",15,15,257.305555555556,53.8055555555556,716.944444444444
"species",16,16,264.151515151515,53.6969696969697,733.757575757576
"species",17,17,264.151515151515,53.6969696969697,733.757575757576
"species",18,18,300.730769230769,41.2307692307692,343.346153846154
"species",19,19,276.666666666667,12.8611111111111,693.5
"species",20,20,293.638888888889,33.3888888888889,616.888888888889
"species",21,21,292.277777777778,24.6388888888889,452.944444444444
"species",22,22,292.172413793103,66.0689655172414,730.827586206897
"species",23,23,257.305555555556,53.8055555555556,716.944444444444
"species",24,24,300.730769230769,41.2307692307692,343.346153846154
"species",25,25,312.638888888889,31.9166666666667,380.583333333333
"species",26,26,291.222222222222,16.8888888888889,494.055555555556
"species",27,27,300.730769230769,41.2307692307692,343.346153846154
"species",28,28,293.638888888889,33.3888888888889,616.888888888889
"species",29,29,287.666666666667,34.25,497.083333333333
"species",30,30,292.277777777778,24.6388888888889,452.944444444444
"species",31,31,312.638888888889,34.5833333333333,351.277777777778
"species",32,32,291.222222222222,16.8888888888889,494.055555555556
"species",33,33,278.555555555556,78.3333333333333,370.916666666667
"species",34,34,308.361111111111,24.6111111111111,379.111111111111
"species",35,35,265.194444444444,23.0277777777778,718.166666666667
"species",36,36,291.222222222222,16.8888888888889,494.055555555556
"species",37,37,300.730769230769,41.2307692307692,343.346153846154
"species",38,38,292.277777777778,24.6388888888889,452.944444444444
"species",39,39,278.805555555556,14.0277777777778,576.722222222222
"species",40,40,310.916666666667,18.0833333333333,534.222222222222
"species",41,41,287.666666666667,34.25,497.083333333333
"species",42,42,292.172413793103,66.0689655172414,730.827586206897
"species",43,43,292.277777777778,24.6388888888889,452.944444444444
"species",44,44,265.194444444444,23.0277777777778,718.166666666667
"species",45,45,300.730769230769,41.2307692307692,343.346153846154
"species",46,46,300.730769230769,41.2307692307692,343.346153846154
"species",47,47,300.730769230769,41.2307692307692,343.346153846154
"species",48,48,312.638888888889,31.9166666666667,380.583333333333
"species",49,49,287.666666666667,34.25,497.083333333333
"species",50,50,292.172413793103,66.0689655172414,730.827586206897
"species",51,51,312.638888888889,31.9166666666667,380.583333333333
"species",52,52,312.638888888889,31.9166666666667,380.583333333333
"species",53,53,274.583333333333,81.2916666666667,570.375
"species",54,54,312.638888888889,31.9166666666667,380.583333333333
"species",55,55,287.666666666667,34.25,497.083333333333
"species",56,56,310.916666666667,18.0833333333333,534.222222222222
"species",57,57,292.277777777778,24.6388888888889,452.944444444444
"species",58,58,292.277777777778,24.6388888888889,452.944444444444
"species",59,59,293.638888888889,33.3888888888889,616.888888888889
"species",60,60,312.638888888889,31.9166666666667,380.583333333333
"species",61,61,288.416666666667,26.7222222222222,611.416666666667
"species",62,62,287.666666666667,34.25,497.083333333333
"species",63,63,291.222222222222,16.8888888888889,494.055555555556
"species",64,64,278.805555555556,14.0277777777778,576.722222222222
"species",65,65,292.888888888889,64.3888888888889,306.111111111111
"species",66,66,292.172413793103,66.0689655172414,730.827586206897
"species",67,67,287.666666666667,34.25,497.083333333333
"species",68,68,292.277777777778,24.6388888888889,452.944444444444
"species",69,69,287.666666666667,34.25,497.083333333333
"species",70,70,312.638888888889,31.9166666666667,380.583333333333
"species",71,71,293.638888888889,33.3888888888889,616.888888888889
"species",72,72,312.638888888889,31.9166666666667,380.583333333333
"species",73,73,278.555555555556,78.3333333333333,370.916666666667
"species",74,74,312.638888888889,31.9166666666667,380.583333333333
"species",75,75,293.638888888889,33.3888888888889,616.888888888889
"species",76,76,310.916666666667,18.0833333333333,534.222222222222
"species",77,77,292.277777777778,24.6388888888889,452.944444444444
"species",78,78,300.730769230769,41.2307692307692,343.346153846154
"species",79,79,292.277777777778,24.6388888888889,452.944444444444
"species",80,80,312.638888888889,31.9166666666667,380.583333333333
"species",81,81,312.638888888889,31.9166666666667,380.583333333333
"species",82,82,300.730769230769,41.2307692307692,343.346153846154
"species",83,83,312.638888888889,31.9166666666667,380.583333333333
"species",84,84,313.333333333333,62.4444444444444,489.555555555556
"species",85,85,257.305555555556,53.8055555555556,716.944444444444
"species",86,86,292.888888888889,64.3888888888889,306.111111111111
"species",87,87,291.222222222222,16.8888888888889,494.055555555556
"species",88,88,284.583333333333,19.8055555555556,622.388888888889
"species",89,89,287.222222222222,78.8611111111111,379.25
"species",90,90,257.305555555556,53.8055555555556,716.944444444444
"species",91,91,312.638888888889,31.9166666666667,380.583333333333
"species",92,92,272,83.1944444444444,486.666666666667
"species",93,93,265.194444444444,23.0277777777778,718.166666666667
"species",94,94,287.666666666667,34.25,497.083333333333
"species",95,95,308.361111111111,24.6111111111111,379.111111111111
"species",96,96,292.277777777778,24.6388888888889,452.944444444444
"species",97,97,257.305555555556,53.8055555555556,716.944444444444
"species",98,98,292.277777777778,24.6388888888889,452.944444444444
"species",99,99,300.730769230769,41.2307692307692,343.346153846154
"species",100,100,301.888888888889,62.1388888888889,304.611111111111
"species",101,101,264.151515151515,53.6969696969697,733.757575757576
"species",102,102,287.666666666667,34.25,497.083333333333
"species",103,103,312.638888888889,31.9166666666667,380.583333333333
"species",104,104,265.194444444444,23.0277777777778,718.166666666667
"species",105,105,312.638888888889,31.9166666666667,380.583333333333
"species",106,106,257.305555555556,53.8055555555556,716.944444444444
"species",107,107,264.151515151515,53.6969696969697,733.757575757576
"species",108,108,257.305555555556,53.8055555555556,716.944444444444
"species",109,109,300.730769230769,41.2307692307692,343.346153846154
"species",110,110,311.928571428571,49.75,241.071428571429
"species",111,111,257.305555555556,53.8055555555556,716.944444444444
"species",112,112,312.638888888889,31.9166666666667,380.583333333333
"species",113,113,287.222222222222,78.8611111111111,379.25
"species",114,114,312.638888888889,31.9166666666667,380.583333333333
"species",115,115,292.172413793103,66.0689655172414,730.827586206897
"species",116,116,264.151515151515,53.6969696969697,733.757575757576
"species",117,117,287.222222222222,78.8611111111111,379.25
"species",118,118,312.638888888889,31.9166666666667,380.583333333333
"species",119,119,300.730769230769,41.2307692307692,343.346153846154
"species",120,120,300.730769230769,41.2307692307692,343.346153846154
"species",121,121,291.222222222222,16.8888888888889,494.055555555556
"species",122,122,300.730769230769,41.2307692307692,343.346153846154
"species",123,123,282.361111111111,54.5,580.083333333333
"species",124,124,291.222222222222,16.8888888888889,494.055555555556
"species",125,125,272,83.1944444444444,486.666666666667
"species",126,126,292.172413793103,66.0689655172414,730.827586206897
"species",127,127,312.638888888889,34.5833333333333,351.277777777778
"species",128,128,312.638888888889,31.9166666666667,380.583333333333
"species",129,129,312.638888888889,31.9166666666667,380.583333333333
"species",130,130,282.361111111111,54.5,580.083333333333
"species",131,131,265.194444444444,23.0277777777778,718.166666666667
"species",132,132,264.151515151515,53.6969696969697,733.757575757576
"species",133,133,292.277777777778,24.6388888888889,452.944444444444
"species",134,134,264.151515151515,53.6969696969697,733.757575757576
"species",135,135,293.638888888889,33.3888888888889,616.888888888889
"species",136,136,293.638888888889,33.3888888888889,616.888888888889
"species",137,137,286.111111111111,9.52777777777778,590.055555555556
"species",138,138,335.722222222222,24.9444444444444,491.916666666667
