"species","x","y","bio5","bio14","bio18"
"species",1,1,308.361111111111,24.6111111111111,379.111111111111
"species",2,2,300.730769230769,41.2307692307692,343.346153846154
"species",3,3,335.722222222222,24.9444444444444,491.916666666667
"species",4,4,282.305555555556,11.5277777777778,629.5
"species",5,5,282.805555555556,36.4444444444444,526.666666666667
"species",6,6,280.638888888889,23.4444444444444,601.305555555556
"species",7,7,288.416666666667,26.7222222222222,611.416666666667
"species",8,8,264.151515151515,53.6969696969697,733.757575757576
"species",9,9,293.638888888889,33.3888888888889,616.888888888889
"species",10,10,278.555555555556,78.3333333333333,370.916666666667
"species",11,11,311.928571428571,49.75,241.071428571429
"species",12,12,301.888888888889,62.1388888888889,304.611111111111
"species",13,13,306.515151515152,61.9090909090909,290.878787878788
"species",14,14,291.222222222222,16.8888888888889,494.055555555556
"species",15,15,278.805555555556,14.0277777777778,576.722222222222
"species",16,16,292.172413793103,66.0689655172414,730.827586206897
"species",17,17,292.277777777778,24.6388888888889,452.944444444444
"species",18,18,276.666666666667,12.8611111111111,693.5
"species",19,19,257.305555555556,53.8055555555556,716.944444444444
"species",20,20,312.638888888889,34.5833333333333,351.277777777778
"species",21,21,265.194444444444,23.0277777777778,718.166666666667
"species",22,22,286.111111111111,9.52777777777778,590.055555555556
"species",23,23,287.222222222222,78.8611111111111,379.25
"species",24,24,310.916666666667,18.0833333333333,534.222222222222
"species",25,25,274.583333333333,81.2916666666667,570.375
