"species","x","y","bio5","bio14","bio18"
"background",1,1,305.305555555556,212.194444444444,710.5
"background",2,2,318.583333333333,19.4722222222222,214.583333333333
"background",3,3,300.555555555556,4.27777777777778,253.25
"background",4,4,319.861111111111,36.25,142.027777777778
"background",5,5,314.305555555556,12.5833333333333,147.027777777778
"background",6,6,319.138888888889,161.388888888889,535.944444444444
"background",7,7,341.111111111111,1.63888888888889,88.2777777777778
"background",8,8,323.527777777778,64.1944444444444,579.027777777778
"background",9,9,314.666666666667,7.02777777777778,325.055555555556
"background",10,10,330.527777777778,45.75,193.388888888889
"background",11,11,322.305555555556,105.444444444444,422.305555555556
"background",12,12,337.25,4.16666666666667,305.055555555556
"background",13,13,303.722222222222,21.3888888888889,570
"background",14,14,312.638888888889,31.9166666666667,380.583333333333
"background",15,15,356.583333333333,4.63888888888889,581.222222222222
"background",16,16,329.694444444444,51.3055555555556,201.833333333333
"background",17,17,327.027777777778,79.1944444444444,267.111111111111
"background",18,18,288.194444444444,55.75,521.888888888889
"background",19,19,329.444444444444,77.0833333333333,309.333333333333
"background",20,20,329.416666666667,9.58333333333333,262.916666666667
"background",21,21,327.694444444444,5.22222222222222,473.5
"background",22,22,306.611111111111,181.361111111111,843.861111111111
"background",23,23,348.527777777778,5,360.972222222222
"background",24,24,348.25,4.30555555555556,505.111111111111
"background",25,25,320.194444444444,43.5555555555556,232.416666666667
"background",26,26,281.861111111111,81.5833333333333,523.333333333333
"background",27,27,317.805555555556,8.22222222222222,354.944444444444
"background",28,28,346.694444444444,0.472222222222222,230.777777777778
"background",29,29,321.166666666667,6.61111111111111,617.666666666667
"background",30,30,324.722222222222,108.555555555556,392.5
"background",31,31,329.666666666667,89.0277777777778,278.527777777778
"background",32,32,339.666666666667,8.47222222222222,267.888888888889
"background",33,33,298.972222222222,26.75,242.361111111111
"background",34,34,329.722222222222,75.8888888888889,240.222222222222
"background",35,35,337.416666666667,3.58333333333333,229.25
"background",36,36,332.555555555556,4.69444444444444,70.6111111111111
"background",37,37,330.333333333333,20.3333333333333,348.611111111111
"background",38,38,304.416666666667,4.91666666666667,339.416666666667
"background",39,39,348.277777777778,2.5,472.027777777778
"background",40,40,309.833333333333,211.25,650.777777777778
"background",41,41,324.138888888889,2.19444444444444,177.388888888889
"background",42,42,342.416666666667,2.19444444444444,93.5555555555556
"background",43,43,324.75,37.1111111111111,150.333333333333
"background",44,44,321.111111111111,144.194444444444,471.611111111111
"background",45,45,345.888888888889,20.8611111111111,430.611111111111
"background",46,46,338.333333333333,30.3888888888889,347.527777777778
"background",47,47,307.388888888889,220.527777777778,795.277777777778
"background",48,48,295.5,7.22222222222222,382.527777777778
"background",49,49,332.972222222222,48.7222222222222,323.888888888889
"background",50,50,330.472222222222,75.5277777777778,273.583333333333
