"species","x","y","bio5","bio14","bio18"
"species",1,1,310.916666666667,18.0833333333333,534.222222222222
"species",2,2,292.888888888889,64.3888888888889,306.111111111111
"species",3,3,312.638888888889,34.5833333333333,351.277777777778
"species",4,4,306.515151515152,61.9090909090909,290.878787878788
"species",5,5,286.111111111111,9.52777777777778,590.055555555556
"species",6,6,292.277777777778,24.6388888888889,452.944444444444
"species",7,7,266.444444444444,38.5277777777778,568.166666666667
"species",8,8,291.222222222222,16.8888888888889,494.055555555556
"species",9,9,304.083333333333,13.5833333333333,493.027777777778
"species",10,10,265.194444444444,23.0277777777778,718.166666666667
"species",11,11,308.361111111111,24.6111111111111,379.111111111111
"species",12,12,276.666666666667,12.8611111111111,693.5
"species",13,13,278.555555555556,78.3333333333333,370.916666666667
"species",14,14,311.928571428571,49.75,241.071428571429
"species",15,15,282.361111111111,54.5,580.083333333333
"species",16,16,293.638888888889,33.3888888888889,616.888888888889
"species",17,17,284.583333333333,19.8055555555556,622.388888888889
"species",18,18,292.172413793103,66.0689655172414,730.827586206897
"species",19,19,260.666666666667,24.5833333333333,718.055555555556
"species",20,20,280.638888888889,23.4444444444444,601.305555555556
"species",21,21,278.805555555556,14.0277777777778,576.722222222222
"species",22,22,264.151515151515,53.6969696969697,733.757575757576
"species",23,23,257.305555555556,53.8055555555556,716.944444444444
"species",24,24,313.333333333333,62.4444444444444,489.555555555556
"species",25,25,282.305555555556,11.5277777777778,629.5
