"species","x","y","bio5","bio14","bio18"
"background",1,1,303.444444444444,11,219.388888888889
"background",2,2,333.611111111111,3.16666666666667,430.333333333333
"background",3,3,343.888888888889,8.69444444444444,469.444444444444
"background",4,4,322.777777777778,138.222222222222,517.805555555556
"background",5,5,309.527777777778,174.861111111111,586.916666666667
"background",6,6,340.888888888889,3.22222222222222,397.833333333333
"background",7,7,335.583333333333,4.08333333333333,233.388888888889
"background",8,8,317,79.4722222222222,651.333333333333
"background",9,9,318,13.6388888888889,399.611111111111
"background",10,10,326.472222222222,3.88888888888889,68.5
"background",11,11,342.527777777778,9.61111111111111,536.861111111111
"background",12,12,355.555555555556,6.13888888888889,340.5
"background",13,13,319.694444444444,42.4722222222222,517.083333333333
"background",14,14,332.277777777778,15.5555555555556,575.638888888889
"background",15,15,325.555555555556,110.444444444444,380.805555555556
"background",16,16,292.888888888889,8.77777777777778,407.027777777778
"background",17,17,324.972222222222,28.4444444444444,446.5
"background",18,18,260.388888888889,100.111111111111,492.861111111111
"background",19,19,317.75,11.1666666666667,415.722222222222
"background",20,20,266.444444444444,38.5277777777778,568.166666666667
"background",21,21,340.055555555556,13.4166666666667,340.722222222222
"background",22,22,316.805555555556,9.80555555555556,691.972222222222
"background",23,23,329.666666666667,89.0277777777778,278.527777777778
"background",24,24,272,117.083333333333,455.222222222222
"background",25,25,313.666666666667,28.1111111111111,437.055555555556
