"species","x","y","bio5","bio14","bio18"
"species",1,1,282.361111111111,54.5,580.083333333333
"species",2,2,265.194444444444,23.0277777777778,718.166666666667
"species",3,3,280.638888888889,23.4444444444444,601.305555555556
"species",4,4,312.638888888889,34.5833333333333,351.277777777778
"species",5,5,278.555555555556,78.3333333333333,370.916666666667
"species",6,6,292.172413793103,66.0689655172414,730.827586206897
"species",7,7,312.638888888889,31.9166666666667,380.583333333333
"species",8,8,287.222222222222,78.8611111111111,379.25
"species",9,9,300.730769230769,41.2307692307692,343.346153846154
"species",10,10,289.333333333333,16.1111111111111,314.472222222222
"species",11,11,276.666666666667,12.8611111111111,693.5
"species",12,12,291.222222222222,16.8888888888889,494.055555555556
"species",13,13,264.151515151515,53.6969696969697,733.757575757576
"species",14,14,282.805555555556,36.4444444444444,526.666666666667
"species",15,15,292.888888888889,64.3888888888889,306.111111111111
"species",16,16,286.111111111111,9.52777777777778,590.055555555556
"species",17,17,288.416666666667,26.7222222222222,611.416666666667
"species",18,18,306.515151515152,61.9090909090909,290.878787878788
"species",19,19,274.583333333333,81.2916666666667,570.375
"species",20,20,287.666666666667,34.25,497.083333333333
"species",21,21,335.722222222222,24.9444444444444,491.916666666667
"species",22,22,272,83.1944444444444,486.666666666667
"species",23,23,304.083333333333,13.5833333333333,493.027777777778
"species",24,24,313.333333333333,62.4444444444444,489.555555555556
"species",25,25,257.305555555556,53.8055555555556,716.944444444444
