"species","x","y","bio5","bio14","bio18"
"species",1,1,257.305555555556,53.8055555555556,716.944444444444
"species",2,2,264.151515151515,53.6969696969697,733.757575757576
"species",3,3,287.666666666667,34.25,497.083333333333
"species",4,4,312.638888888889,31.9166666666667,380.583333333333
"species",5,5,300.730769230769,41.2307692307692,343.346153846154
"species",6,6,282.805555555556,36.4444444444444,526.666666666667
"species",7,7,257.305555555556,53.8055555555556,716.944444444444
"species",8,8,293.638888888889,33.3888888888889,616.888888888889
"species",9,9,278.555555555556,78.3333333333333,370.916666666667
"species",10,10,312.638888888889,31.9166666666667,380.583333333333
"species",11,11,300.730769230769,41.2307692307692,343.346153846154
"species",12,12,286.111111111111,9.52777777777778,590.055555555556
"species",13,13,312.638888888889,31.9166666666667,380.583333333333
"species",14,14,264.151515151515,53.6969696969697,733.757575757576
"species",15,15,312.638888888889,34.5833333333333,351.277777777778
"species",16,16,287.222222222222,78.8611111111111,379.25
"species",17,17,292.277777777778,24.6388888888889,452.944444444444
"species",18,18,300.730769230769,41.2307692307692,343.346153846154
"species",19,19,300.730769230769,41.2307692307692,343.346153846154
"species",20,20,312.638888888889,31.9166666666667,380.583333333333
"species",21,21,264.151515151515,53.6969696969697,733.757575757576
"species",22,22,293.638888888889,33.3888888888889,616.888888888889
"species",23,23,288.416666666667,26.7222222222222,611.416666666667
"species",24,24,293.638888888889,33.3888888888889,616.888888888889
"species",25,25,310.916666666667,18.0833333333333,534.222222222222
"species",26,26,308.361111111111,24.6111111111111,379.111111111111
"species",27,27,301.888888888889,62.1388888888889,304.611111111111
"species",28,28,287.222222222222,78.8611111111111,379.25
"species",29,29,257.305555555556,53.8055555555556,716.944444444444
"species",30,30,292.172413793103,66.0689655172414,730.827586206897
"species",31,31,300.730769230769,41.2307692307692,343.346153846154
"species",32,32,292.888888888889,64.3888888888889,306.111111111111
"species",33,33,300.730769230769,41.2307692307692,343.346153846154
"species",34,34,312.638888888889,31.9166666666667,380.583333333333
"species",35,35,257.305555555556,53.8055555555556,716.944444444444
"species",36,36,292.277777777778,24.6388888888889,452.944444444444
"species",37,37,265.194444444444,23.0277777777778,718.166666666667
"species",38,38,287.666666666667,34.25,497.083333333333
"species",39,39,293.638888888889,33.3888888888889,616.888888888889
"species",40,40,312.638888888889,31.9166666666667,380.583333333333
"species",41,41,257.305555555556,53.8055555555556,716.944444444444
"species",42,42,291.222222222222,16.8888888888889,494.055555555556
"species",43,43,292.277777777778,24.6388888888889,452.944444444444
"species",44,44,312.638888888889,31.9166666666667,380.583333333333
"species",45,45,293.638888888889,33.3888888888889,616.888888888889
"species",46,46,301.888888888889,62.1388888888889,304.611111111111
"species",47,47,292.172413793103,66.0689655172414,730.827586206897
"species",48,48,300.730769230769,41.2307692307692,343.346153846154
"species",49,49,282.361111111111,54.5,580.083333333333
"species",50,50,291.222222222222,16.8888888888889,494.055555555556
"species",51,51,282.361111111111,54.5,580.083333333333
"species",52,52,300.730769230769,41.2307692307692,343.346153846154
"species",53,53,265.194444444444,23.0277777777778,718.166666666667
"species",54,54,335.722222222222,24.9444444444444,491.916666666667
"species",55,55,287.666666666667,34.25,497.083333333333
"species",56,56,312.638888888889,31.9166666666667,380.583333333333
"species",57,57,291.222222222222,16.8888888888889,494.055555555556
"species",58,58,300.730769230769,41.2307692307692,343.346153846154
"species",59,59,306.515151515152,61.9090909090909,290.878787878788
"species",60,60,282.361111111111,54.5,580.083333333333
"species",61,61,300.730769230769,41.2307692307692,343.346153846154
"species",62,62,266.444444444444,38.5277777777778,568.166666666667
"species",63,63,276.666666666667,12.8611111111111,693.5
"species",64,64,287.666666666667,34.25,497.083333333333
"species",65,65,312.638888888889,31.9166666666667,380.583333333333
"species",66,66,300.730769230769,41.2307692307692,343.346153846154
"species",67,67,287.666666666667,34.25,497.083333333333
"species",68,68,264.151515151515,53.6969696969697,733.757575757576
"species",69,69,313.333333333333,62.4444444444444,489.555555555556
"species",70,70,300.730769230769,41.2307692307692,343.346153846154
"species",71,71,257.305555555556,53.8055555555556,716.944444444444
"species",72,72,292.277777777778,24.6388888888889,452.944444444444
"species",73,73,312.638888888889,31.9166666666667,380.583333333333
"species",74,74,300.730769230769,41.2307692307692,343.346153846154
"species",75,75,282.361111111111,54.5,580.083333333333
"species",76,76,264.151515151515,53.6969696969697,733.757575757576
"species",77,77,312.638888888889,31.9166666666667,380.583333333333
"species",78,78,312.638888888889,31.9166666666667,380.583333333333
"species",79,79,312.638888888889,31.9166666666667,380.583333333333
"species",80,80,292.172413793103,66.0689655172414,730.827586206897
"species",81,81,257.305555555556,53.8055555555556,716.944444444444
"species",82,82,292.172413793103,66.0689655172414,730.827586206897
"species",83,83,287.666666666667,34.25,497.083333333333
"species",84,84,310.916666666667,18.0833333333333,534.222222222222
"species",85,85,300.730769230769,41.2307692307692,343.346153846154
"species",86,86,278.805555555556,14.0277777777778,576.722222222222
"species",87,87,312.638888888889,31.9166666666667,380.583333333333
"species",88,88,312.638888888889,31.9166666666667,380.583333333333
"species",89,89,257.305555555556,53.8055555555556,716.944444444444
"species",90,90,292.172413793103,66.0689655172414,730.827586206897
"species",91,91,312.638888888889,31.9166666666667,380.583333333333
"species",92,92,257.305555555556,53.8055555555556,716.944444444444
"species",93,93,292.172413793103,66.0689655172414,730.827586206897
"species",94,94,312.638888888889,31.9166666666667,380.583333333333
"species",95,95,312.638888888889,31.9166666666667,380.583333333333
"species",96,96,300.730769230769,41.2307692307692,343.346153846154
"species",97,97,300.730769230769,41.2307692307692,343.346153846154
"species",98,98,308.361111111111,24.6111111111111,379.111111111111
"species",99,99,265.194444444444,23.0277777777778,718.166666666667
"species",100,100,300.730769230769,41.2307692307692,343.346153846154
"species",101,101,312.638888888889,31.9166666666667,380.583333333333
"species",102,102,287.666666666667,34.25,497.083333333333
"species",103,103,272,83.1944444444444,486.666666666667
"species",104,104,300.730769230769,41.2307692307692,343.346153846154
"species",105,105,292.277777777778,24.6388888888889,452.944444444444
"species",106,106,300.730769230769,41.2307692307692,343.346153846154
"species",107,107,292.277777777778,24.6388888888889,452.944444444444
"species",108,108,312.638888888889,31.9166666666667,380.583333333333
"species",109,109,292.277777777778,24.6388888888889,452.944444444444
"species",110,110,265.194444444444,23.0277777777778,718.166666666667
"species",111,111,312.638888888889,31.9166666666667,380.583333333333
"species",112,112,312.638888888889,31.9166666666667,380.583333333333
"species",113,113,313.333333333333,62.4444444444444,489.555555555556
"species",114,114,257.305555555556,53.8055555555556,716.944444444444
"species",115,115,312.638888888889,31.9166666666667,380.583333333333
"species",116,116,310.916666666667,18.0833333333333,534.222222222222
"species",117,117,312.638888888889,31.9166666666667,380.583333333333
"species",118,118,312.638888888889,31.9166666666667,380.583333333333
"species",119,119,291.222222222222,16.8888888888889,494.055555555556
"species",120,120,265.194444444444,23.0277777777778,718.166666666667
"species",121,121,287.666666666667,34.25,497.083333333333
"species",122,122,292.277777777778,24.6388888888889,452.944444444444
"species",123,123,300.730769230769,41.2307692307692,343.346153846154
"species",124,124,312.638888888889,31.9166666666667,380.583333333333
"species",125,125,292.172413793103,66.0689655172414,730.827586206897
"species",126,126,287.666666666667,34.25,497.083333333333
"species",127,127,293.638888888889,33.3888888888889,616.888888888889
"species",128,128,293.638888888889,33.3888888888889,616.888888888889
"species",129,129,293.638888888889,33.3888888888889,616.888888888889
"species",130,130,292.277777777778,24.6388888888889,452.944444444444
"species",131,131,264.151515151515,53.6969696969697,733.757575757576
"species",132,132,257.305555555556,53.8055555555556,716.944444444444
"species",133,133,276.666666666667,12.8611111111111,693.5
"species",134,134,265.194444444444,23.0277777777778,718.166666666667
"species",135,135,287.666666666667,34.25,497.083333333333
"species",136,136,292.277777777778,24.6388888888889,452.944444444444
"species",137,137,257.305555555556,53.8055555555556,716.944444444444
"species",138,138,292.277777777778,24.6388888888889,452.944444444444
"species",139,139,300.730769230769,41.2307692307692,343.346153846154
"species",140,140,293.638888888889,33.3888888888889,616.888888888889
