"species","x","y","bio4","bio14","bio2"
"species",1,1,1508.44444444444,34.5833333333333,102.888888888889
"species",2,2,1401.19444444444,62.1388888888889,84.5555555555556
"species",3,3,2125,33.3888888888889,101.972222222222
"species",4,4,1424.07142857143,49.75,85.7857142857143
"species",5,5,1256.88888888889,78.3333333333333,68.5
"species",6,6,1121.55555555556,78.8611111111111,69.1111111111111
"species",7,7,2256.86111111111,24.5833333333333,122.75
"species",8,8,2267.66666666667,53.8055555555556,96.9444444444444
"species",9,9,2055.83333333333,16.8888888888889,124.25
"species",10,10,2984.44444444444,83.1944444444444,105.361111111111
"species",11,11,1877.11111111111,24.6388888888889,119.25
"species",12,12,1408.42424242424,61.9090909090909,81.7575757575758
"species",13,13,2318.30555555556,23.4444444444444,116
"species",14,14,2425.63888888889,36.4444444444444,116.194444444444
"species",15,15,1921.22222222222,9.52777777777778,118.777777777778
"species",16,16,1706.84615384615,41.2307692307692,91.6538461538462
"species",17,17,2226.94444444444,18.0833333333333,121.055555555556
"species",18,18,1913.16666666667,11.5277777777778,126.25
"species",19,19,2844.625,81.2916666666667,78.7083333333333
"species",20,20,2170.55555555556,19.8055555555556,131.222222222222
"species",21,21,2252.0303030303,53.6969696969697,95.6666666666667
"species",22,22,2368.19444444444,38.5277777777778,106.527777777778
"species",23,23,2025.75,34.25,91.3888888888889
"species",24,24,1278.30555555556,64.3888888888889,78.5
