"species","x","y","bio5","bio14","bio18"
"background",1,1,312.361111111111,199.083333333333,610.694444444444
"background",2,2,315.25,103.555555555556,575.138888888889
"background",3,3,314.305555555556,12.5833333333333,147.027777777778
"background",4,4,318,13.6388888888889,399.611111111111
"background",5,5,284.583333333333,19.8055555555556,622.388888888889
"background",6,6,303.722222222222,21.3888888888889,570
"background",7,7,286.111111111111,9.52777777777778,590.055555555556
"background",8,8,314.25,89.3611111111111,633
"background",9,9,330.388888888889,31.2777777777778,569.555555555556
"background",10,10,324.555555555556,1.91666666666667,212.472222222222
"background",11,11,312.694444444444,13.5833333333333,436.138888888889
"background",12,12,284.944444444444,8.5,562.527777777778
"background",13,13,314.055555555556,10.4722222222222,366.083333333333
"background",14,14,332,4.16666666666667,418.888888888889
"background",15,15,304.416666666667,4.91666666666667,339.416666666667
"background",16,16,323.277777777778,26.6666666666667,158.75
"background",17,17,332.555555555556,4.69444444444444,70.6111111111111
"background",18,18,257.305555555556,53.8055555555556,716.944444444444
"background",19,19,297.472222222222,104.388888888889,378.805555555556
"background",20,20,324.138888888889,2.19444444444444,177.388888888889
"background",21,21,292.138888888889,80.4722222222222,333.444444444444
"background",22,22,337.527777777778,2.13888888888889,76.0833333333333
"background",23,23,343.222222222222,5.05555555555556,144.25
"background",24,24,316.388888888889,20.3333333333333,415.416666666667
"background",25,25,324.09375,8.5625,39.90625
"background",26,26,304.055555555556,13.0555555555556,396.277777777778
"background",27,27,342.416666666667,20.1111111111111,555.25
"background",28,28,343.083333333333,0,170.027777777778
"background",29,29,308.361111111111,24.6111111111111,379.111111111111
"background",30,30,282.305555555556,11.5277777777778,629.5
"background",31,31,334.416666666667,14.5555555555556,275.138888888889
"background",32,32,319.111111111111,177.555555555556,714.305555555556
"background",33,33,293.638888888889,33.3888888888889,616.888888888889
"background",34,34,297.555555555556,2.75,385.805555555556
"background",35,35,318.777777777778,45.0555555555556,620.361111111111
"background",36,36,339.25,25.2777777777778,513.388888888889
"background",37,37,325.088235294118,2.5,85.2058823529412
"background",38,38,290.833333333333,12.9444444444444,300.638888888889
"background",39,39,333.388888888889,21.0277777777778,396.25
"background",40,40,283.972222222222,20.4166666666667,643.305555555556
"background",41,41,297.611111111111,21.9722222222222,258.25
"background",42,42,286.944444444444,30.6111111111111,279.416666666667
"background",43,43,337,13.9722222222222,350.305555555556
"background",44,44,326.055555555556,22.6666666666667,101.694444444444
"background",45,45,305.638888888889,104.027777777778,356.333333333333
"background",46,46,310.444444444444,5.33333333333333,220.472222222222
"background",47,47,318.888888888889,2.61111111111111,194.222222222222
"background",48,48,305.111111111111,3.33333333333333,209.166666666667
"background",49,49,330.5,72.5,286.75
"background",50,50,332.527777777778,54.9166666666667,204.972222222222
"background",51,51,325.305555555556,24.9444444444444,341.861111111111
"background",52,52,317.638888888889,159.888888888889,576.277777777778
"background",53,53,312.416666666667,6.5,757.666666666667
"background",54,54,312.083333333333,176.777777777778,566.555555555556
"background",55,55,351.833333333333,9.25,370
"background",56,56,306.611111111111,181.361111111111,843.861111111111
"background",57,57,322.833333333333,85.2777777777778,389.166666666667
"background",58,58,327.583333333333,67.2777777777778,283.333333333333
"background",59,59,325.583333333333,91.4166666666667,366.194444444444
"background",60,60,315.944444444444,56.9166666666667,628.583333333333
"background",61,61,306.75,21.4722222222222,412.277777777778
"background",62,62,314.444444444444,2.61111111111111,89.9444444444444
"background",63,63,335.472222222222,55.9722222222222,202.833333333333
"background",64,64,351.472222222222,6.63888888888889,110.138888888889
"background",65,65,339.916666666667,1,108.638888888889
"background",66,66,264.151515151515,53.6969696969697,733.757575757576
"background",67,67,340.555555555556,8.83333333333333,361.722222222222
"background",68,68,337.888888888889,4.05555555555556,410.722222222222
"background",69,69,322.111111111111,8.83333333333333,397.75
"background",70,70,318.5,127.916666666667,581.833333333333
"background",71,71,330.527777777778,45.75,193.388888888889
"background",72,72,309.527777777778,174.861111111111,586.916666666667
"background",73,73,334.444444444444,37.2777777777778,400.583333333333
"background",74,74,339.472222222222,0.361111111111111,147.638888888889
"background",75,75,295.111111111111,17.7222222222222,251.75
"background",76,76,311.861111111111,9.25,405.555555555556
"background",77,77,355.555555555556,6.13888888888889,340.5
"background",78,78,319.027777777778,60.8611111111111,550.583333333333
"background",79,79,332.972222222222,48.7222222222222,323.888888888889
"background",80,80,314.75,3.91666666666667,230.527777777778
"background",81,81,315.111111111111,173.416666666667,561.694444444444
"background",82,82,306.722222222222,129.5,411.194444444444
"background",83,83,304.972222222222,73.8055555555556,288.111111111111
"background",84,84,281.083333333333,18.1111111111111,245.972222222222
"background",85,85,282.361111111111,54.5,580.083333333333
"background",86,86,326.472222222222,3.88888888888889,68.5
"background",87,87,323.833333333333,55.5,247.833333333333
"background",88,88,327.388888888889,60.3888888888889,481.305555555556
"background",89,89,309.5,185.194444444444,657.333333333333
"background",90,90,340.888888888889,3.22222222222222,397.833333333333
"background",91,91,330,21.3611111111111,324.444444444444
"background",92,92,335.416666666667,0.5,255.944444444444
"background",93,93,331.944444444444,8.55555555555556,334.805555555556
"background",94,94,297.333333333333,6.02777777777778,230.555555555556
"background",95,95,337.083333333333,0.25,188.805555555556
"background",96,96,313.666666666667,33.4722222222222,490
"background",97,97,324.166666666667,62.8055555555556,242.055555555556
"background",98,98,328.472222222222,17.5,105
"background",99,99,287.666666666667,34.25,497.083333333333
"background",100,100,342.611111111111,22.6111111111111,534.138888888889
"background",101,101,293.861111111111,5,449.388888888889
"background",102,102,332.777777777778,44.5833333333333,156.805555555556
"background",103,103,266.444444444444,38.5277777777778,568.166666666667
"background",104,104,330.916666666667,23.4444444444444,124.444444444444
"background",105,105,319.916666666667,54,545.722222222222
"background",106,106,318.305555555556,5.41666666666667,218.805555555556
"background",107,107,297.583333333333,105.222222222222,560.111111111111
"background",108,108,318.583333333333,19.4722222222222,214.583333333333
"background",109,109,287.222222222222,78.8611111111111,379.25
"background",110,110,312.444444444444,112.166666666667,627.583333333333
"background",111,111,344.444444444444,1.75,484.472222222222
"background",112,112,322.230769230769,13.6538461538462,101.884615384615
"background",113,113,319.861111111111,36.25,142.027777777778
"background",114,114,323.777777777778,12.1388888888889,375.527777777778
"background",115,115,351.194444444444,0.916666666666667,180
"background",116,116,315.555555555556,3.38888888888889,67.6944444444444
"background",117,117,326.083333333333,55.2222222222222,247.305555555556
"background",118,118,307.388888888889,220.527777777778,795.277777777778
"background",119,119,317.972222222222,25.7777777777778,225.916666666667
"background",120,120,327.527777777778,21.9444444444444,468.027777777778
"background",121,121,315.277777777778,8.19444444444444,297.833333333333
"background",122,122,321.555555555556,102.5,439.777777777778
"background",123,123,313.666666666667,22.5833333333333,563.555555555556
"background",124,124,329.583333333333,26.5,162.444444444444
"background",125,125,353.416666666667,6.5,117.555555555556
"background",126,126,329.055555555556,27.25,132.222222222222
"background",127,127,314.583333333333,4.5,191.583333333333
"background",128,128,322.611111111111,60.6944444444444,284.166666666667
"background",129,129,295.416666666667,3.30555555555556,158.583333333333
"background",130,130,320.833333333333,29.3333333333333,598.333333333333
"background",131,131,293.833333333333,18.7777777777778,631.305555555556
"background",132,132,312.638888888889,31.9166666666667,380.583333333333
"background",133,133,316.75,11.0555555555556,539.861111111111
"background",134,134,254.833333333333,117.944444444444,462.166666666667
"background",135,135,349.388888888889,1.11111111111111,439.722222222222
"background",136,136,318.611111111111,59,287.638888888889
"background",137,137,288.666666666667,13.1111111111111,147.527777777778
"background",138,138,328.277777777778,10.8333333333333,118.805555555556
"background",139,139,326.388888888889,87.9444444444444,314.916666666667
"background",140,140,322.694444444444,45.0555555555556,559.25
"background",141,141,316.888888888889,57.8888888888889,581.888888888889
"background",142,142,327.527777777778,71.1111111111111,308.027777777778
"background",143,143,329.027777777778,61.7777777777778,225.638888888889
"background",144,144,329.75,15.3055555555556,465.694444444444
"background",145,145,346.305555555556,7.36111111111111,249.472222222222
"background",146,146,306.515151515152,61.9090909090909,290.878787878788
"background",147,147,324.694444444444,40.9444444444444,174.527777777778
"background",148,148,342.361111111111,16.0277777777778,553.25
