"species","x","y","bio5","bio14","bio18"
"species",1,1,292.172413793103,66.0689655172414,730.827586206897
"species",2,2,266.444444444444,38.5277777777778,568.166666666667
"species",3,3,292.277777777778,24.6388888888889,452.944444444444
"species",4,4,264.151515151515,53.6969696969697,733.757575757576
"species",5,5,257.305555555556,53.8055555555556,716.944444444444
"species",6,6,301.888888888889,62.1388888888889,304.611111111111
"species",7,7,292.172413793103,66.0689655172414,730.827586206897
"species",8,8,257.305555555556,53.8055555555556,716.944444444444
"species",9,9,287.222222222222,78.8611111111111,379.25
"species",10,10,282.305555555556,11.5277777777778,629.5
"species",11,11,282.361111111111,54.5,580.083333333333
"species",12,12,300.730769230769,41.2307692307692,343.346153846154
"species",13,13,287.666666666667,34.25,497.083333333333
"species",14,14,282.361111111111,54.5,580.083333333333
"species",15,15,292.172413793103,66.0689655172414,730.827586206897
"species",16,16,293.638888888889,33.3888888888889,616.888888888889
"species",17,17,272,83.1944444444444,486.666666666667
"species",18,18,265.194444444444,23.0277777777778,718.166666666667
"species",19,19,292.277777777778,24.6388888888889,452.944444444444
"species",20,20,265.194444444444,23.0277777777778,718.166666666667
"species",21,21,312.638888888889,31.9166666666667,380.583333333333
"species",22,22,287.222222222222,78.8611111111111,379.25
"species",23,23,264.151515151515,53.6969696969697,733.757575757576
"species",24,24,312.638888888889,31.9166666666667,380.583333333333
"species",25,25,300.730769230769,41.2307692307692,343.346153846154
"species",26,26,292.277777777778,24.6388888888889,452.944444444444
"species",27,27,292.277777777778,24.6388888888889,452.944444444444
"species",28,28,272,83.1944444444444,486.666666666667
"species",29,29,312.638888888889,34.5833333333333,351.277777777778
"species",30,30,287.666666666667,34.25,497.083333333333
"species",31,31,300.730769230769,41.2307692307692,343.346153846154
"species",32,32,310.916666666667,18.0833333333333,534.222222222222
"species",33,33,280.638888888889,23.4444444444444,601.305555555556
"species",34,34,264.151515151515,53.6969696969697,733.757575757576
"species",35,35,300.730769230769,41.2307692307692,343.346153846154
"species",36,36,257.305555555556,53.8055555555556,716.944444444444
"species",37,37,311.928571428571,49.75,241.071428571429
"species",38,38,312.638888888889,34.5833333333333,351.277777777778
"species",39,39,312.638888888889,31.9166666666667,380.583333333333
"species",40,40,291.222222222222,16.8888888888889,494.055555555556
"species",41,41,300.730769230769,41.2307692307692,343.346153846154
"species",42,42,287.666666666667,34.25,497.083333333333
"species",43,43,265.194444444444,23.0277777777778,718.166666666667
"species",44,44,292.277777777778,24.6388888888889,452.944444444444
"species",45,45,282.361111111111,54.5,580.083333333333
"species",46,46,293.638888888889,33.3888888888889,616.888888888889
"species",47,47,312.638888888889,31.9166666666667,380.583333333333
"species",48,48,293.638888888889,33.3888888888889,616.888888888889
"species",49,49,257.305555555556,53.8055555555556,716.944444444444
"species",50,50,291.222222222222,16.8888888888889,494.055555555556
"species",51,51,257.305555555556,53.8055555555556,716.944444444444
"species",52,52,257.305555555556,53.8055555555556,716.944444444444
"species",53,53,287.666666666667,34.25,497.083333333333
"species",54,54,265.194444444444,23.0277777777778,718.166666666667
"species",55,55,300.730769230769,41.2307692307692,343.346153846154
"species",56,56,312.638888888889,31.9166666666667,380.583333333333
"species",57,57,312.638888888889,34.5833333333333,351.277777777778
"species",58,58,300.730769230769,41.2307692307692,343.346153846154
"species",59,59,292.172413793103,66.0689655172414,730.827586206897
"species",60,60,278.805555555556,14.0277777777778,576.722222222222
"species",61,61,312.638888888889,31.9166666666667,380.583333333333
"species",62,62,265.194444444444,23.0277777777778,718.166666666667
"species",63,63,312.638888888889,31.9166666666667,380.583333333333
"species",64,64,274.583333333333,81.2916666666667,570.375
"species",65,65,257.305555555556,53.8055555555556,716.944444444444
"species",66,66,288.416666666667,26.7222222222222,611.416666666667
"species",67,67,312.638888888889,31.9166666666667,380.583333333333
"species",68,68,306.515151515152,61.9090909090909,290.878787878788
"species",69,69,286.111111111111,9.52777777777778,590.055555555556
"species",70,70,292.277777777778,24.6388888888889,452.944444444444
"species",71,71,301.888888888889,62.1388888888889,304.611111111111
"species",72,72,292.277777777778,24.6388888888889,452.944444444444
"species",73,73,312.638888888889,31.9166666666667,380.583333333333
"species",74,74,293.638888888889,33.3888888888889,616.888888888889
"species",75,75,274.583333333333,81.2916666666667,570.375
"species",76,76,300.730769230769,41.2307692307692,343.346153846154
"species",77,77,312.638888888889,31.9166666666667,380.583333333333
"species",78,78,292.888888888889,64.3888888888889,306.111111111111
"species",79,79,287.666666666667,34.25,497.083333333333
"species",80,80,292.172413793103,66.0689655172414,730.827586206897
"species",81,81,292.277777777778,24.6388888888889,452.944444444444
"species",82,82,287.222222222222,78.8611111111111,379.25
"species",83,83,284.583333333333,19.8055555555556,622.388888888889
"species",84,84,276.666666666667,12.8611111111111,693.5
"species",85,85,257.305555555556,53.8055555555556,716.944444444444
"species",86,86,300.730769230769,41.2307692307692,343.346153846154
"species",87,87,278.805555555556,14.0277777777778,576.722222222222
"species",88,88,293.638888888889,33.3888888888889,616.888888888889
"species",89,89,312.638888888889,31.9166666666667,380.583333333333
"species",90,90,308.361111111111,24.6111111111111,379.111111111111
"species",91,91,293.638888888889,33.3888888888889,616.888888888889
"species",92,92,282.361111111111,54.5,580.083333333333
"species",93,93,312.638888888889,31.9166666666667,380.583333333333
"species",94,94,260.666666666667,24.5833333333333,718.055555555556
"species",95,95,292.172413793103,66.0689655172414,730.827586206897
"species",96,96,312.638888888889,31.9166666666667,380.583333333333
"species",97,97,291.222222222222,16.8888888888889,494.055555555556
"species",98,98,264.151515151515,53.6969696969697,733.757575757576
"species",99,99,278.805555555556,14.0277777777778,576.722222222222
"species",100,100,264.151515151515,53.6969696969697,733.757575757576
"species",101,101,264.151515151515,53.6969696969697,733.757575757576
"species",102,102,312.638888888889,31.9166666666667,380.583333333333
"species",103,103,300.730769230769,41.2307692307692,343.346153846154
"species",104,104,278.555555555556,78.3333333333333,370.916666666667
"species",105,105,293.638888888889,33.3888888888889,616.888888888889
"species",106,106,312.638888888889,31.9166666666667,380.583333333333
"species",107,107,292.888888888889,64.3888888888889,306.111111111111
"species",108,108,300.730769230769,41.2307692307692,343.346153846154
"species",109,109,312.638888888889,31.9166666666667,380.583333333333
"species",110,110,300.730769230769,41.2307692307692,343.346153846154
"species",111,111,276.666666666667,12.8611111111111,693.5
"species",112,112,300.730769230769,41.2307692307692,343.346153846154
"species",113,113,257.305555555556,53.8055555555556,716.944444444444
"species",114,114,293.638888888889,33.3888888888889,616.888888888889
"species",115,115,310.916666666667,18.0833333333333,534.222222222222
"species",116,116,310.916666666667,18.0833333333333,534.222222222222
"species",117,117,312.638888888889,31.9166666666667,380.583333333333
"species",118,118,312.638888888889,31.9166666666667,380.583333333333
"species",119,119,292.277777777778,24.6388888888889,452.944444444444
"species",120,120,287.666666666667,34.25,497.083333333333
"species",121,121,287.666666666667,34.25,497.083333333333
"species",122,122,300.730769230769,41.2307692307692,343.346153846154
"species",123,123,292.277777777778,24.6388888888889,452.944444444444
"species",124,124,300.730769230769,41.2307692307692,343.346153846154
"species",125,125,312.638888888889,31.9166666666667,380.583333333333
"species",126,126,292.277777777778,24.6388888888889,452.944444444444
"species",127,127,291.222222222222,16.8888888888889,494.055555555556
"species",128,128,257.305555555556,53.8055555555556,716.944444444444
"species",129,129,265.194444444444,23.0277777777778,718.166666666667
"species",130,130,257.305555555556,53.8055555555556,716.944444444444
"species",131,131,300.730769230769,41.2307692307692,343.346153846154
"species",132,132,265.194444444444,23.0277777777778,718.166666666667
"species",133,133,291.222222222222,16.8888888888889,494.055555555556
"species",134,134,300.730769230769,41.2307692307692,343.346153846154
"species",135,135,300.730769230769,41.2307692307692,343.346153846154
"species",136,136,312.638888888889,31.9166666666667,380.583333333333
"species",137,137,289.333333333333,16.1111111111111,314.472222222222
