"species","x","y","bio5","bio14","bio18"
"background",1,1,332.277777777778,15.5555555555556,575.638888888889
"background",2,2,329.666666666667,89.0277777777778,278.527777777778
"background",3,3,318,13.6388888888889,399.611111111111
"background",4,4,317,79.4722222222222,651.333333333333
"background",5,5,317.75,11.1666666666667,415.722222222222
"background",6,6,340.888888888889,3.22222222222222,397.833333333333
"background",7,7,340.055555555556,13.4166666666667,340.722222222222
"background",8,8,333.611111111111,3.16666666666667,430.333333333333
"background",9,9,322.777777777778,138.222222222222,517.805555555556
"background",10,10,328.583333333333,33.6388888888889,130.138888888889
"background",11,11,272,117.083333333333,455.222222222222
"background",12,12,313.666666666667,28.1111111111111,437.055555555556
"background",13,13,260.388888888889,100.111111111111,492.861111111111
"background",14,14,309.527777777778,174.861111111111,586.916666666667
"background",15,15,325.555555555556,110.444444444444,380.805555555556
"background",16,16,316.805555555556,9.80555555555556,691.972222222222
"background",17,17,318.583333333333,19.4722222222222,214.583333333333
"background",18,18,313.361111111111,26.7777777777778,512.222222222222
"background",19,19,335.583333333333,4.08333333333333,233.388888888889
"background",20,20,292.888888888889,8.77777777777778,407.027777777778
"background",21,21,346.111111111111,3.38888888888889,216.111111111111
"background",22,22,355.555555555556,6.13888888888889,340.5
"background",23,23,266.444444444444,38.5277777777778,568.166666666667
"background",24,24,322.194444444444,0.972222222222222,262.861111111111
"background",25,25,319.694444444444,42.4722222222222,517.083333333333
