"species","x","y","bio5","bio14","bio18"
"species",1,1,272,83.1944444444444,486.666666666667
"species",2,2,280.638888888889,23.4444444444444,601.305555555556
"species",3,3,310.916666666667,18.0833333333333,534.222222222222
"species",4,4,289.333333333333,16.1111111111111,314.472222222222
"species",5,5,312.638888888889,31.9166666666667,380.583333333333
"species",6,6,312.638888888889,31.9166666666667,380.583333333333
"species",7,7,264.151515151515,53.6969696969697,733.757575757576
"species",8,8,287.666666666667,34.25,497.083333333333
"species",9,9,292.888888888889,64.3888888888889,306.111111111111
"species",10,10,312.638888888889,34.5833333333333,351.277777777778
"species",11,11,278.805555555556,14.0277777777778,576.722222222222
"species",12,12,311.928571428571,49.75,241.071428571429
"species",13,13,304.083333333333,13.5833333333333,493.027777777778
"species",14,14,266.444444444444,38.5277777777778,568.166666666667
"species",15,15,278.555555555556,78.3333333333333,370.916666666667
"species",16,16,276.666666666667,12.8611111111111,693.5
"species",17,17,301.888888888889,62.1388888888889,304.611111111111
"species",18,18,301.888888888889,62.1388888888889,304.611111111111
"species",19,19,265.194444444444,23.0277777777778,718.166666666667
"species",20,20,310.916666666667,18.0833333333333,534.222222222222
"species",21,21,311.928571428571,49.75,241.071428571429
"species",22,22,289.333333333333,16.1111111111111,314.472222222222
"species",23,23,274.583333333333,81.2916666666667,570.375
"species",24,24,291.222222222222,16.8888888888889,494.055555555556
"species",25,25,282.805555555556,36.4444444444444,526.666666666667
"species",26,26,304.083333333333,13.5833333333333,493.027777777778
"species",27,27,284.583333333333,19.8055555555556,622.388888888889
"species",28,28,264.151515151515,53.6969696969697,733.757575757576
"species",29,29,282.305555555556,11.5277777777778,629.5
"species",30,30,312.638888888889,34.5833333333333,351.277777777778
"species",31,31,278.805555555556,14.0277777777778,576.722222222222
"species",32,32,280.638888888889,23.4444444444444,601.305555555556
"species",33,33,286.111111111111,9.52777777777778,590.055555555556
"species",34,34,293.638888888889,33.3888888888889,616.888888888889
"species",35,35,282.305555555556,11.5277777777778,629.5
"species",36,36,306.515151515152,61.9090909090909,290.878787878788
"species",37,37,308.361111111111,24.6111111111111,379.111111111111
"species",38,38,335.722222222222,24.9444444444444,491.916666666667
"species",39,39,292.277777777778,24.6388888888889,452.944444444444
"species",40,40,287.222222222222,78.8611111111111,379.25
"species",41,41,308.361111111111,24.6111111111111,379.111111111111
"species",42,42,306.515151515152,61.9090909090909,290.878787878788
"species",43,43,291.222222222222,16.8888888888889,494.055555555556
"species",44,44,287.666666666667,34.25,497.083333333333
"species",45,45,300.730769230769,41.2307692307692,343.346153846154
"species",46,46,276.666666666667,12.8611111111111,693.5
"species",47,47,300.730769230769,41.2307692307692,343.346153846154
"species",48,48,282.805555555556,36.4444444444444,526.666666666667
"species",49,49,272,83.1944444444444,486.666666666667
"species",50,50,278.555555555556,78.3333333333333,370.916666666667
