"species","x","y","bio5","bio14","bio18"
"background",1,1,292.277777777778,24.6388888888889,452.944444444444
"background",2,2,325.194444444444,25.6666666666667,497.111111111111
"background",3,3,309.5,185.194444444444,657.333333333333
"background",4,4,303.5,11,664.527777777778
"background",5,5,313.666666666667,28.1111111111111,437.055555555556
"background",6,6,343.888888888889,8.69444444444444,469.444444444444
"background",7,7,344.027777777778,2.41666666666667,163.638888888889
"background",8,8,326.777777777778,93.6111111111111,376
"background",9,9,317.944444444444,105.305555555556,585.444444444444
"background",10,10,320.861111111111,5.83333333333333,113.972222222222
"background",11,11,324.972222222222,28.4444444444444,446.5
"background",12,12,301.257142857143,66.0285714285714,276.342857142857
"background",13,13,329.777777777778,43.75,369.222222222222
"background",14,14,262.833333333333,122.444444444444,460.111111111111
"background",15,15,314.25,89.3611111111111,633
"background",16,16,328.583333333333,33.6388888888889,130.138888888889
"background",17,17,291.222222222222,16.8888888888889,494.055555555556
"background",18,18,272,117.083333333333,455.222222222222
"background",19,19,318.333333333333,58.8611111111111,374.666666666667
"background",20,20,344.416666666667,1.5,175.861111111111
"background",21,21,290.666666666667,41.9722222222222,506.472222222222
"background",22,22,333.333333333333,24.8888888888889,371.694444444444
"background",23,23,298,8.63888888888889,387.805555555556
"background",24,24,336.75,2.44444444444444,158.083333333333
"background",25,25,319.111111111111,177.555555555556,714.305555555556
"background",26,26,329.416666666667,9.58333333333333,262.916666666667
"background",27,27,341.805555555556,0,252.722222222222
"background",28,28,320.027777777778,36.5,584.194444444444
"background",29,29,340.666666666667,8.36111111111111,90.5
"background",30,30,333.083333333333,11.8888888888889,488.916666666667
"background",31,31,326.083333333333,55.2222222222222,247.305555555556
"background",32,32,340.527777777778,7.27777777777778,118.305555555556
"background",33,33,265.833333333333,93.0833333333333,505.166666666667
"background",34,34,317,1.44444444444444,197.75
"background",35,35,318.666666666667,7.52777777777778,469.722222222222
"background",36,36,286.944444444444,30.6111111111111,279.416666666667
"background",37,37,324.138888888889,38.4166666666667,155.138888888889
"background",38,38,306.75,21.4722222222222,412.277777777778
"background",39,39,348.194444444444,1.61111111111111,409.916666666667
"background",40,40,322.611111111111,60.6944444444444,284.166666666667
"background",41,41,319.916666666667,54,545.722222222222
"background",42,42,313.666666666667,33.4722222222222,490
"background",43,43,306.583333333333,19.4444444444444,353.444444444444
"background",44,44,328.833333333333,5.11111111111111,445.222222222222
"background",45,45,325.777777777778,109.416666666667,397.944444444444
"background",46,46,333.388888888889,21.0277777777778,396.25
"background",47,47,349.888888888889,5.61111111111111,283.333333333333
"background",48,48,326.333333333333,64.75,266.5
"background",49,49,349.388888888889,1.11111111111111,439.722222222222
"background",50,50,318.611111111111,59,287.638888888889
"background",51,51,326.333333333333,58.25,233.166666666667
"background",52,52,317.638888888889,159.888888888889,576.277777777778
"background",53,53,336.944444444444,7.58333333333333,469.611111111111
"background",54,54,349.861111111111,12.8333333333333,351.583333333333
"background",55,55,328.25,74.75,263.222222222222
"background",56,56,315.944444444444,56.9166666666667,628.583333333333
"background",57,57,305.638888888889,104.027777777778,356.333333333333
"background",58,58,317.638888888889,59.8888888888889,523.444444444444
"background",59,59,333.027777777778,4.97222222222222,453.972222222222
"background",60,60,315.5,26.6388888888889,228.5
"background",61,61,305.305555555556,212.194444444444,710.5
"background",62,62,320.027777777778,7.38888888888889,374.5
"background",63,63,278.805555555556,14.0277777777778,576.722222222222
"background",64,64,343.388888888889,4.55555555555556,487.583333333333
"background",65,65,324.75,44.7777777777778,200.972222222222
"background",66,66,326.888888888889,52.9722222222222,537.777777777778
"background",67,67,309.083333333333,143.388888888889,691.944444444444
"background",68,68,312.722222222222,6.30555555555556,446.972222222222
"background",69,69,327.027777777778,79.1944444444444,267.111111111111
"background",70,70,332.277777777778,15.5555555555556,575.638888888889
"background",71,71,291.361111111111,57.7222222222222,493.916666666667
"background",72,72,314.416666666667,109.111111111111,400.777777777778
"background",73,73,270.444444444444,78.5,473.694444444444
"background",74,74,304.666666666667,13.2777777777778,642.222222222222
"background",75,75,319.861111111111,36.25,142.027777777778
"background",76,76,260.666666666667,24.5833333333333,718.055555555556
"background",77,77,319.027777777778,60.8611111111111,550.583333333333
"background",78,78,328.638888888889,86.8055555555556,321.25
"background",79,79,332.416666666667,6.97222222222222,325.027777777778
"background",80,80,326.111111111111,95.5,342.861111111111
"background",81,81,318.305555555556,5.41666666666667,218.805555555556
"background",82,82,317.805555555556,8.22222222222222,354.944444444444
"background",83,83,349.777777777778,5.13888888888889,549.166666666667
"background",84,84,331.416666666667,56.9722222222222,373.277777777778
"background",85,85,344.055555555556,17.4166666666667,383.75
"background",86,86,350.527777777778,2.5,289.75
"background",87,87,356.5,4.55555555555556,548.194444444444
"background",88,88,320.305555555556,53.9444444444444,245.611111111111
"background",89,89,313.277777777778,132.416666666667,643.944444444444
"background",90,90,330.527777777778,45.75,193.388888888889
"background",91,91,342.666666666667,3.22222222222222,107.888888888889
"background",92,92,309.527777777778,174.861111111111,586.916666666667
"background",93,93,341.444444444444,4.05555555555556,369.861111111111
"background",94,94,290.875,96.8125,362.46875
"background",95,95,325.833333333333,43.0833333333333,197.583333333333
"background",96,96,323.611111111111,118.388888888889,383.777777777778
"background",97,97,346.111111111111,3.38888888888889,216.111111111111
"background",98,98,323.305555555556,120.944444444444,406.638888888889
"background",99,99,282.305555555556,11.5277777777778,629.5
"background",100,100,319.944444444444,78.0277777777778,355.361111111111
"background",101,101,318.583333333333,19.4722222222222,214.583333333333
"background",102,102,323.833333333333,61.6944444444444,235.055555555556
"background",103,103,330.5,1.52777777777778,89.0833333333333
"background",104,104,336.361111111111,43.3333333333333,458.5
"background",105,105,313.611111111111,12.0555555555556,429.416666666667
"background",106,106,329.861111111111,16.0833333333333,186.555555555556
"background",107,107,356.583333333333,4.63888888888889,581.222222222222
"background",108,108,312.694444444444,13.5833333333333,436.138888888889
"background",109,109,312.972222222222,19.5277777777778,527.083333333333
"background",110,110,323,47.7777777777778,218.611111111111
"background",111,111,335.333333333333,26.8333333333333,112.861111111111
"background",112,112,312.111111111111,148.472222222222,601.361111111111
"background",113,113,326.055555555556,22.6666666666667,101.694444444444
"background",114,114,254.833333333333,117.944444444444,462.166666666667
"background",115,115,306.444444444444,34.5277777777778,197.138888888889
"background",116,116,335.027777777778,9.94444444444444,464.444444444444
"background",117,117,345.305555555556,2.27777777777778,438.222222222222
"background",118,118,323.25,65.5833333333333,571.972222222222
"background",119,119,318.138888888889,24.6388888888889,653
"background",120,120,328.111111111111,41.0277777777778,179.305555555556
"background",121,121,276.666666666667,12.8611111111111,693.5
"background",122,122,347.305555555556,12.75,345.222222222222
"background",123,123,287.777777777778,101.666666666667,417.666666666667
"background",124,124,334.611111111111,4.97222222222222,369.444444444444
"background",125,125,293.638888888889,33.3888888888889,616.888888888889
"background",126,126,310.805555555556,57.6111111111111,439.138888888889
"background",127,127,305.25,35.1666666666667,292.361111111111
"background",128,128,318.444444444444,0.694444444444444,191.305555555556
"background",129,129,336.888888888889,13.3611111111111,57.5
"background",130,130,333.388888888889,2.11111111111111,195.75
"background",131,131,304.333333333333,5.41666666666667,567.194444444444
"background",132,132,322.694444444444,78.5,479.944444444444
"background",133,133,329.527777777778,0.0833333333333333,240.805555555556
"background",134,134,318.777777777778,45.0555555555556,620.361111111111
"background",135,135,329.583333333333,26.5,162.444444444444
"background",136,136,328.416666666667,207.305555555556,706.388888888889
"background",137,137,322.888888888889,62.4722222222222,393.277777777778
"background",138,138,260.388888888889,100.111111111111,492.861111111111
"background",139,139,320.888888888889,80.9166666666667,591.25
"background",140,140,318.166666666667,97.6388888888889,650.055555555556
"background",141,141,328.694444444444,45.5555555555556,225.166666666667
"background",142,142,320.5,86.3333333333333,396.25
"background",143,143,344.222222222222,18.3055555555556,505.222222222222
"background",144,144,339.222222222222,0.722222222222222,143.305555555556
"background",145,145,277.944444444444,11.4722222222222,732.222222222222
"background",146,146,327.055555555556,54.0277777777778,203.027777777778
"background",147,147,286.888888888889,14.5277777777778,613.583333333333
"background",148,148,314.583333333333,27.5,134.638888888889
