"species","x","y","bio5","bio14","bio18"
"species",1,1,282.805555555556,36.4444444444444,526.666666666667
"species",2,2,288.416666666667,26.7222222222222,611.416666666667
"species",3,3,280.638888888889,23.4444444444444,601.305555555556
"species",4,4,257.305555555556,53.8055555555556,716.944444444444
"species",5,5,287.666666666667,34.25,497.083333333333
"species",6,6,272,83.1944444444444,486.666666666667
"species",7,7,287.222222222222,78.8611111111111,379.25
"species",8,8,306.515151515152,61.9090909090909,290.878787878788
"species",9,9,292.172413793103,66.0689655172414,730.827586206897
"species",10,10,284.583333333333,19.8055555555556,622.388888888889
"species",11,11,284.583333333333,19.8055555555556,622.388888888889
"species",12,12,286.111111111111,9.52777777777778,590.055555555556
"species",13,13,282.805555555556,36.4444444444444,526.666666666667
"species",14,14,292.888888888889,64.3888888888889,306.111111111111
"species",15,15,278.555555555556,78.3333333333333,370.916666666667
"species",16,16,272,83.1944444444444,486.666666666667
"species",17,17,257.305555555556,53.8055555555556,716.944444444444
"species",18,18,300.730769230769,41.2307692307692,343.346153846154
"species",19,19,308.361111111111,24.6111111111111,379.111111111111
"species",20,20,287.666666666667,34.25,497.083333333333
"species",21,21,289.333333333333,16.1111111111111,314.472222222222
"species",22,22,292.277777777778,24.6388888888889,452.944444444444
"species",23,23,265.194444444444,23.0277777777778,718.166666666667
"species",24,24,287.222222222222,78.8611111111111,379.25
"species",25,25,265.194444444444,23.0277777777778,718.166666666667
"species",26,26,292.888888888889,64.3888888888889,306.111111111111
"species",27,27,300.730769230769,41.2307692307692,343.346153846154
"species",28,28,306.515151515152,61.9090909090909,290.878787878788
"species",29,29,310.916666666667,18.0833333333333,534.222222222222
"species",30,30,312.638888888889,34.5833333333333,351.277777777778
"species",31,31,312.638888888889,34.5833333333333,351.277777777778
"species",32,32,280.638888888889,23.4444444444444,601.305555555556
