"species","x","y","bio5","bio14","bio18"
"background",1,1,306.888888888889,9.33333333333333,440.111111111111
"background",2,2,320.222222222222,0.472222222222222,248.166666666667
"background",3,3,279.555555555556,11.9722222222222,660.694444444444
"background",4,4,320.472222222222,2.61111111111111,63.1944444444444
"background",5,5,347.361111111111,18.5277777777778,488.777777777778
"background",6,6,320.194444444444,174.361111111111,594.361111111111
"background",7,7,331.916666666667,12.1388888888889,396.5
"background",8,8,323,19.5833333333333,283.611111111111
"background",9,9,328.916666666667,16.5,129.472222222222
"background",10,10,261.888888888889,74.3055555555556,502.972222222222
"background",11,11,316.916666666667,64.75,589.361111111111
"background",12,12,320.722222222222,84.6111111111111,421.222222222222
"background",13,13,321.444444444444,8.97222222222222,350.5
"background",14,14,329.861111111111,16.0833333333333,186.555555555556
"background",15,15,291.194444444444,30.7777777777778,217.694444444444
"background",16,16,272,83.1944444444444,486.666666666667
