"species","x","y","bio5","bio14","bio18"
"species",1,1,282.805555555556,36.4444444444444,526.666666666667
"species",2,2,287.666666666667,34.25,497.083333333333
"species",3,3,306.515151515152,61.9090909090909,290.878787878788
"species",4,4,280.638888888889,23.4444444444444,601.305555555556
"species",5,5,284.583333333333,19.8055555555556,622.388888888889
"species",6,6,289.333333333333,16.1111111111111,314.472222222222
"species",7,7,308.361111111111,24.6111111111111,379.111111111111
"species",8,8,312.638888888889,34.5833333333333,351.277777777778
"species",9,9,287.222222222222,78.8611111111111,379.25
"species",10,10,257.305555555556,53.8055555555556,716.944444444444
"species",11,11,264.151515151515,53.6969696969697,733.757575757576
"species",12,12,292.888888888889,64.3888888888889,306.111111111111
"species",13,13,300.730769230769,41.2307692307692,343.346153846154
"species",14,14,278.555555555556,78.3333333333333,370.916666666667
"species",15,15,288.416666666667,26.7222222222222,611.416666666667
"species",16,16,335.722222222222,24.9444444444444,491.916666666667
