"species","x","y","bio5","bio14","bio18"
"background",1,1,260.388888888889,100.111111111111,492.861111111111
"background",2,2,343.888888888889,8.69444444444444,469.444444444444
"background",3,3,305.638888888889,104.027777777778,356.333333333333
"background",4,4,343.388888888889,4.55555555555556,487.583333333333
"background",5,5,332.416666666667,5.05555555555556,227.222222222222
"background",6,6,326.333333333333,64.75,266.5
"background",7,7,282.722222222222,132.888888888889,558.611111111111
"background",8,8,344.222222222222,18.3055555555556,505.222222222222
"background",9,9,328.638888888889,86.8055555555556,321.25
"background",10,10,329.416666666667,9.58333333333333,262.916666666667
"background",11,11,320.027777777778,36.5,584.194444444444
"background",12,12,317.75,11.1666666666667,415.722222222222
"background",13,13,317.5,62.8611111111111,571.555555555556
"background",14,14,297.611111111111,21.9722222222222,258.25
"background",15,15,339.916666666667,28.3333333333333,468.722222222222
"background",16,16,332.416666666667,6.97222222222222,325.027777777778
"background",17,17,340.527777777778,7.27777777777778,118.305555555556
"background",18,18,315.833333333333,91.3055555555556,480.444444444444
"background",19,19,344.444444444444,1.75,484.472222222222
"background",20,20,334.694444444444,26.1388888888889,420.055555555556
"background",21,21,317,1.44444444444444,197.75
"background",22,22,328.25,74.75,263.222222222222
"background",23,23,312.722222222222,6.30555555555556,446.972222222222
"background",24,24,319.638888888889,23.3888888888889,655.805555555556
"background",25,25,324.75,44.7777777777778,200.972222222222
"background",26,26,290.666666666667,41.9722222222222,506.472222222222
"background",27,27,291.361111111111,57.7222222222222,493.916666666667
"background",28,28,304.972222222222,73.8055555555556,288.111111111111
"background",29,29,331.944444444444,12.6111111111111,398.5
"background",30,30,336.944444444444,7.58333333333333,469.611111111111
"background",31,31,323.833333333333,61.6944444444444,235.055555555556
"background",32,32,309.527777777778,174.861111111111,586.916666666667
"background",33,33,315.5,26.6388888888889,228.5
"background",34,34,326.361111111111,18.1111111111111,379.388888888889
"background",35,35,327.342857142857,18.6571428571429,104.828571428571
"background",36,36,330.916666666667,23.4444444444444,124.444444444444
"background",37,37,312.333333333333,2.52777777777778,311.25
"background",38,38,282.305555555556,11.5277777777778,629.5
"background",39,39,325.833333333333,43.0833333333333,197.583333333333
"background",40,40,334.611111111111,4.97222222222222,369.444444444444
"background",41,41,317.972222222222,54.9722222222222,583.25
"background",42,42,304.333333333333,5.41666666666667,567.194444444444
"background",43,43,328.416666666667,207.305555555556,706.388888888889
"background",44,44,276.666666666667,12.8611111111111,693.5
"background",45,45,286.888888888889,14.5277777777778,613.583333333333
"background",46,46,341.444444444444,4.05555555555556,369.861111111111
"background",47,47,319.111111111111,177.555555555556,714.305555555556
"background",48,48,322.694444444444,78.5,479.944444444444
"background",49,49,328.583333333333,33.6388888888889,130.138888888889
"background",50,50,328.833333333333,5.11111111111111,445.222222222222
"background",51,51,318.583333333333,19.4722222222222,214.583333333333
"background",52,52,316.194444444444,36.3055555555556,493.388888888889
"background",53,53,343.083333333333,0,170.027777777778
"background",54,54,325.194444444444,25.6666666666667,497.111111111111
"background",55,55,349.861111111111,12.8333333333333,351.583333333333
"background",56,56,319.027777777778,60.8611111111111,550.583333333333
"background",57,57,306.75,21.4722222222222,412.277777777778
"background",58,58,318.611111111111,59,287.638888888889
"background",59,59,314.25,89.3611111111111,633
"background",60,60,298,8.63888888888889,387.805555555556
"background",61,61,320.027777777778,7.38888888888889,374.5
"background",62,62,344.416666666667,1.5,175.861111111111
"background",63,63,327.055555555556,54.0277777777778,203.027777777778
"background",64,64,319.944444444444,78.0277777777778,355.361111111111
"background",65,65,323.305555555556,120.944444444444,406.638888888889
"background",66,66,318.444444444444,0.694444444444444,191.305555555556
"background",67,67,342.666666666667,3.22222222222222,107.888888888889
"background",68,68,324.138888888889,38.4166666666667,155.138888888889
"background",69,69,318.777777777778,45.0555555555556,620.361111111111
"background",70,70,323.25,65.5833333333333,571.972222222222
"background",71,71,303.5,11,664.527777777778
"background",72,72,333.027777777778,4.97222222222222,453.972222222222
"background",73,73,304.666666666667,13.2777777777778,642.222222222222
"background",74,74,333.388888888889,21.0277777777778,396.25
"background",75,75,307.388888888889,220.527777777778,795.277777777778
"background",76,76,324.694444444444,40.9444444444444,174.527777777778
"background",77,77,290.875,96.8125,362.46875
"background",78,78,301.257142857143,66.0285714285714,276.342857142857
"background",79,79,313.333333333333,62.4444444444444,489.555555555556
"background",80,80,272,83.1944444444444,486.666666666667
"background",81,81,341.805555555556,0,252.722222222222
"background",82,82,320.861111111111,5.83333333333333,113.972222222222
"background",83,83,305.25,35.1666666666667,292.361111111111
"background",84,84,313.666666666667,33.4722222222222,490
"background",85,85,265.833333333333,93.0833333333333,505.166666666667
"background",86,86,332.277777777778,15.5555555555556,575.638888888889
"background",87,87,335.722222222222,24.9444444444444,491.916666666667
"background",88,88,349.388888888889,1.11111111111111,439.722222222222
"background",89,89,312.972222222222,19.5277777777778,527.083333333333
"background",90,90,335.027777777778,9.94444444444444,464.444444444444
"background",91,91,272,117.083333333333,455.222222222222
"background",92,92,320.555555555556,27.25,121.722222222222
"background",93,93,336.75,2.44444444444444,158.083333333333
"background",94,94,326.777777777778,93.6111111111111,376
"background",95,95,349.972222222222,9.22222222222222,81.9722222222222
"background",96,96,326.611111111111,46.0277777777778,230.638888888889
"background",97,97,334.888888888889,16.3611111111111,304.25
"background",98,98,286.944444444444,30.6111111111111,279.416666666667
"background",99,99,326.111111111111,95.5,342.861111111111
"background",100,100,277.944444444444,11.4722222222222,732.222222222222
"background",101,101,288.666666666667,13.1111111111111,147.527777777778
"background",102,102,310.805555555556,57.6111111111111,439.138888888889
"background",103,103,326.083333333333,55.2222222222222,247.305555555556
"background",104,104,330.222222222222,26.1111111111111,309.083333333333
"background",105,105,327.916666666667,41.7777777777778,198.222222222222
"background",106,106,344.027777777778,2.41666666666667,163.638888888889
"background",107,107,346.111111111111,3.38888888888889,216.111111111111
"background",108,108,306.611111111111,181.361111111111,843.861111111111
"background",109,109,318.138888888889,24.6388888888889,653
"background",110,110,326.333333333333,58.25,233.166666666667
"background",111,111,330.5,1.52777777777778,89.0833333333333
"background",112,112,326.972222222222,85.25,286.5
"background",113,113,274.75,74.0555555555556,467.888888888889
"background",114,114,311.25,40,474.083333333333
"background",115,115,322.111111111111,8.83333333333333,397.75
"background",116,116,306.583333333333,19.4444444444444,353.444444444444
"background",117,117,327.583333333333,67.2777777777778,283.333333333333
"background",118,118,342.416666666667,2.19444444444444,93.5555555555556
"background",119,119,333.388888888889,2.11111111111111,195.75
"background",120,120,335.333333333333,26.8333333333333,112.861111111111
"background",121,121,312.694444444444,13.5833333333333,436.138888888889
"background",122,122,329.583333333333,26.5,162.444444444444
"background",123,123,329.777777777778,43.75,369.222222222222
"background",124,124,304.055555555556,13.0555555555556,396.277777777778
"background",125,125,313.611111111111,12.0555555555556,429.416666666667
"background",126,126,326.416666666667,78.5,333.333333333333
"background",127,127,356.5,4.55555555555556,548.194444444444
"background",128,128,348.194444444444,1.61111111111111,409.916666666667
"background",129,129,319.916666666667,54,545.722222222222
"background",130,130,313.277777777778,132.416666666667,643.944444444444
"background",131,131,262.833333333333,122.444444444444,460.111111111111
"background",132,132,331.416666666667,56.9722222222222,373.277777777778
"background",133,133,336.888888888889,13.3611111111111,57.5
"background",134,134,329.694444444444,51.3055555555556,201.833333333333
"background",135,135,337.527777777778,2.13888888888889,76.0833333333333
"background",136,136,278.805555555556,14.0277777777778,576.722222222222
"background",137,137,347.305555555556,12.75,345.222222222222
"background",138,138,317.805555555556,8.22222222222222,354.944444444444
"background",139,139,325.861111111111,22.8055555555556,107.472222222222
"background",140,140,340.666666666667,53.9166666666667,194.277777777778
"background",141,141,328.75,14.3888888888889,434.944444444444
"background",142,142,332.527777777778,54.9166666666667,204.972222222222
"background",143,143,339.833333333333,31.4444444444444,507.388888888889
"background",144,144,315.888888888889,70.5833333333333,621.388888888889
"background",145,145,318.166666666667,97.6388888888889,650.055555555556
"background",146,146,333.333333333333,24.8888888888889,371.694444444444
"background",147,147,287.777777777778,101.666666666667,417.666666666667
"background",148,148,293.638888888889,33.3888888888889,616.888888888889
