"species","x","y","bio5","bio14","bio18"
"species",1,1,292.277777777778,24.6388888888889,452.944444444444
"species",2,2,292.172413793103,66.0689655172414,730.827586206897
"species",3,3,292.172413793103,66.0689655172414,730.827586206897
"species",4,4,312.638888888889,31.9166666666667,380.583333333333
"species",5,5,293.638888888889,33.3888888888889,616.888888888889
"species",6,6,274.583333333333,81.2916666666667,570.375
"species",7,7,282.361111111111,54.5,580.083333333333
"species",8,8,300.730769230769,41.2307692307692,343.346153846154
"species",9,9,286.111111111111,9.52777777777778,590.055555555556
"species",10,10,266.444444444444,38.5277777777778,568.166666666667
"species",11,11,293.638888888889,33.3888888888889,616.888888888889
"species",12,12,272,83.1944444444444,486.666666666667
"species",13,13,292.277777777778,24.6388888888889,452.944444444444
"species",14,14,312.638888888889,31.9166666666667,380.583333333333
"species",15,15,264.151515151515,53.6969696969697,733.757575757576
"species",16,16,312.638888888889,31.9166666666667,380.583333333333
"species",17,17,257.305555555556,53.8055555555556,716.944444444444
"species",18,18,300.730769230769,41.2307692307692,343.346153846154
"species",19,19,312.638888888889,31.9166666666667,380.583333333333
"species",20,20,265.194444444444,23.0277777777778,718.166666666667
"species",21,21,292.277777777778,24.6388888888889,452.944444444444
"species",22,22,284.583333333333,19.8055555555556,622.388888888889
"species",23,23,291.222222222222,16.8888888888889,494.055555555556
"species",24,24,287.666666666667,34.25,497.083333333333
"species",25,25,265.194444444444,23.0277777777778,718.166666666667
"species",26,26,264.151515151515,53.6969696969697,733.757575757576
"species",27,27,300.730769230769,41.2307692307692,343.346153846154
"species",28,28,300.730769230769,41.2307692307692,343.346153846154
"species",29,29,280.638888888889,23.4444444444444,601.305555555556
"species",30,30,257.305555555556,53.8055555555556,716.944444444444
"species",31,31,292.172413793103,66.0689655172414,730.827586206897
"species",32,32,293.638888888889,33.3888888888889,616.888888888889
"species",33,33,260.666666666667,24.5833333333333,718.055555555556
"species",34,34,313.333333333333,62.4444444444444,489.555555555556
"species",35,35,274.583333333333,81.2916666666667,570.375
"species",36,36,257.305555555556,53.8055555555556,716.944444444444
"species",37,37,257.305555555556,53.8055555555556,716.944444444444
"species",38,38,287.666666666667,34.25,497.083333333333
"species",39,39,287.666666666667,34.25,497.083333333333
"species",40,40,287.222222222222,78.8611111111111,379.25
"species",41,41,312.638888888889,31.9166666666667,380.583333333333
"species",42,42,300.730769230769,41.2307692307692,343.346153846154
"species",43,43,278.805555555556,14.0277777777778,576.722222222222
"species",44,44,312.638888888889,31.9166666666667,380.583333333333
"species",45,45,276.666666666667,12.8611111111111,693.5
"species",46,46,300.730769230769,41.2307692307692,343.346153846154
"species",47,47,257.305555555556,53.8055555555556,716.944444444444
"species",48,48,292.277777777778,24.6388888888889,452.944444444444
"species",49,49,272,83.1944444444444,486.666666666667
"species",50,50,312.638888888889,31.9166666666667,380.583333333333
"species",51,51,278.555555555556,78.3333333333333,370.916666666667
"species",52,52,278.555555555556,78.3333333333333,370.916666666667
"species",53,53,287.666666666667,34.25,497.083333333333
"species",54,54,291.222222222222,16.8888888888889,494.055555555556
"species",55,55,312.638888888889,34.5833333333333,351.277777777778
"species",56,56,291.222222222222,16.8888888888889,494.055555555556
"species",57,57,287.222222222222,78.8611111111111,379.25
"species",58,58,300.730769230769,41.2307692307692,343.346153846154
"species",59,59,265.194444444444,23.0277777777778,718.166666666667
"species",60,60,312.638888888889,31.9166666666667,380.583333333333
"species",61,61,312.638888888889,34.5833333333333,351.277777777778
"species",62,62,282.305555555556,11.5277777777778,629.5
"species",63,63,310.916666666667,18.0833333333333,534.222222222222
"species",64,64,300.730769230769,41.2307692307692,343.346153846154
"species",65,65,312.638888888889,31.9166666666667,380.583333333333
"species",66,66,313.333333333333,62.4444444444444,489.555555555556
"species",67,67,287.666666666667,34.25,497.083333333333
"species",68,68,300.730769230769,41.2307692307692,343.346153846154
"species",69,69,300.730769230769,41.2307692307692,343.346153846154
"species",70,70,292.172413793103,66.0689655172414,730.827586206897
"species",71,71,312.638888888889,31.9166666666667,380.583333333333
"species",72,72,291.222222222222,16.8888888888889,494.055555555556
"species",73,73,292.277777777778,24.6388888888889,452.944444444444
"species",74,74,312.638888888889,31.9166666666667,380.583333333333
"species",75,75,308.361111111111,24.6111111111111,379.111111111111
"species",76,76,293.638888888889,33.3888888888889,616.888888888889
"species",77,77,293.638888888889,33.3888888888889,616.888888888889
"species",78,78,292.277777777778,24.6388888888889,452.944444444444
"species",79,79,278.805555555556,14.0277777777778,576.722222222222
"species",80,80,265.194444444444,23.0277777777778,718.166666666667
"species",81,81,287.666666666667,34.25,497.083333333333
"species",82,82,293.638888888889,33.3888888888889,616.888888888889
"species",83,83,257.305555555556,53.8055555555556,716.944444444444
"species",84,84,292.277777777778,24.6388888888889,452.944444444444
"species",85,85,335.722222222222,24.9444444444444,491.916666666667
"species",86,86,292.277777777778,24.6388888888889,452.944444444444
"species",87,87,257.305555555556,53.8055555555556,716.944444444444
"species",88,88,278.805555555556,14.0277777777778,576.722222222222
"species",89,89,312.638888888889,31.9166666666667,380.583333333333
"species",90,90,282.361111111111,54.5,580.083333333333
"species",91,91,312.638888888889,31.9166666666667,380.583333333333
"species",92,92,287.666666666667,34.25,497.083333333333
"species",93,93,300.730769230769,41.2307692307692,343.346153846154
"species",94,94,300.730769230769,41.2307692307692,343.346153846154
"species",95,95,288.416666666667,26.7222222222222,611.416666666667
"species",96,96,292.172413793103,66.0689655172414,730.827586206897
"species",97,97,312.638888888889,31.9166666666667,380.583333333333
"species",98,98,257.305555555556,53.8055555555556,716.944444444444
"species",99,99,282.805555555556,36.4444444444444,526.666666666667
"species",100,100,312.638888888889,31.9166666666667,380.583333333333
"species",101,101,292.172413793103,66.0689655172414,730.827586206897
"species",102,102,300.730769230769,41.2307692307692,343.346153846154
"species",103,103,291.222222222222,16.8888888888889,494.055555555556
"species",104,104,287.666666666667,34.25,497.083333333333
"species",105,105,291.222222222222,16.8888888888889,494.055555555556
"species",106,106,300.730769230769,41.2307692307692,343.346153846154
"species",107,107,287.666666666667,34.25,497.083333333333
"species",108,108,312.638888888889,31.9166666666667,380.583333333333
"species",109,109,292.277777777778,24.6388888888889,452.944444444444
"species",110,110,300.730769230769,41.2307692307692,343.346153846154
"species",111,111,301.888888888889,62.1388888888889,304.611111111111
"species",112,112,293.638888888889,33.3888888888889,616.888888888889
"species",113,113,301.888888888889,62.1388888888889,304.611111111111
"species",114,114,292.172413793103,66.0689655172414,730.827586206897
"species",115,115,300.730769230769,41.2307692307692,343.346153846154
"species",116,116,293.638888888889,33.3888888888889,616.888888888889
"species",117,117,300.730769230769,41.2307692307692,343.346153846154
"species",118,118,264.151515151515,53.6969696969697,733.757575757576
"species",119,119,312.638888888889,31.9166666666667,380.583333333333
"species",120,120,312.638888888889,31.9166666666667,380.583333333333
"species",121,121,265.194444444444,23.0277777777778,718.166666666667
"species",122,122,265.194444444444,23.0277777777778,718.166666666667
"species",123,123,264.151515151515,53.6969696969697,733.757575757576
"species",124,124,312.638888888889,31.9166666666667,380.583333333333
"species",125,125,264.151515151515,53.6969696969697,733.757575757576
"species",126,126,286.111111111111,9.52777777777778,590.055555555556
"species",127,127,264.151515151515,53.6969696969697,733.757575757576
"species",128,128,293.638888888889,33.3888888888889,616.888888888889
"species",129,129,276.666666666667,12.8611111111111,693.5
"species",130,130,265.194444444444,23.0277777777778,718.166666666667
"species",131,131,289.333333333333,16.1111111111111,314.472222222222
"species",132,132,257.305555555556,53.8055555555556,716.944444444444
"species",133,133,257.305555555556,53.8055555555556,716.944444444444
"species",134,134,310.916666666667,18.0833333333333,534.222222222222
"species",135,135,292.277777777778,24.6388888888889,452.944444444444
"species",136,136,300.730769230769,41.2307692307692,343.346153846154
"species",137,137,264.151515151515,53.6969696969697,733.757575757576
"species",138,138,304.083333333333,13.5833333333333,493.027777777778
"species",139,139,312.638888888889,31.9166666666667,380.583333333333
"species",140,140,292.277777777778,24.6388888888889,452.944444444444
