"species","x","y","bio5","bio14","bio18"
"background",1,1,321.111111111111,144.194444444444,471.611111111111
"background",2,2,340.111111111111,7.69444444444444,345.777777777778
"background",3,3,332.555555555556,4.69444444444444,70.6111111111111
"background",4,4,324.722222222222,108.555555555556,392.5
"background",5,5,307.388888888889,220.527777777778,795.277777777778
"background",6,6,339.25,25.2777777777778,513.388888888889
"background",7,7,326.472222222222,3.88888888888889,68.5
"background",8,8,310.916666666667,18.0833333333333,534.222222222222
"background",9,9,322.611111111111,60.6944444444444,284.166666666667
"background",10,10,334.416666666667,14.5555555555556,275.138888888889
"background",11,11,315.777777777778,162.416666666667,541.194444444444
"background",12,12,303,28.1666666666667,161.472222222222
"background",13,13,327.444444444444,79.1388888888889,261.527777777778
"background",14,14,324.611111111111,109.361111111111,349.944444444444
"background",15,15,295.166666666667,126.5,536.222222222222
"background",16,16,300.730769230769,41.2307692307692,343.346153846154
"background",17,17,349.25,4.27777777777778,306
"background",18,18,287.666666666667,34.25,497.083333333333
"background",19,19,308.277777777778,13.9722222222222,621.194444444444
"background",20,20,324.694444444444,40.9444444444444,174.527777777778
"background",21,21,317.027777777778,2,142.583333333333
"background",22,22,339.916666666667,28.3333333333333,468.722222222222
"background",23,23,324.555555555556,1.91666666666667,212.472222222222
"background",24,24,320.305555555556,53.9444444444444,245.611111111111
"background",25,25,327.916666666667,41.7777777777778,198.222222222222
"background",26,26,298.888888888889,12.3611111111111,485.222222222222
"background",27,27,332.527777777778,54.9166666666667,204.972222222222
"background",28,28,336.944444444444,7.58333333333333,469.611111111111
"background",29,29,315.5,7.11111111111111,683.916666666667
"background",30,30,296.416666666667,28.1666666666667,262.777777777778
"background",31,31,327.222222222222,96.4722222222222,327.083333333333
"background",32,32,330.5,72.5,286.75
"background",33,33,318.5,127.916666666667,581.833333333333
"background",34,34,311.388888888889,4.47222222222222,389.055555555556
"background",35,35,340.666666666667,53.9166666666667,194.277777777778
"background",36,36,311.194444444444,30.4166666666667,190.555555555556
"background",37,37,341.972222222222,8.47222222222222,284.444444444444
"background",38,38,327.361111111111,1.30555555555556,202.555555555556
"background",39,39,306.222222222222,17.5277777777778,581.888888888889
"background",40,40,327.75,46.4166666666667,250.833333333333
"background",41,41,320.777777777778,6.5,353.25
"background",42,42,324.25,19.0277777777778,91.1666666666667
"background",43,43,308.833333333333,16.9166666666667,196.222222222222
"background",44,44,317.972222222222,54.9722222222222,583.25
"background",45,45,313.666666666667,22.5833333333333,563.555555555556
"background",46,46,300.972222222222,5.97222222222222,189.138888888889
"background",47,47,342.861111111111,2.13888888888889,154.5
"background",48,48,321.083333333333,156.972222222222,505.75
"background",49,49,326.361111111111,18.1111111111111,379.388888888889
"background",50,50,324.138888888889,2.19444444444444,177.388888888889
"background",51,51,291.222222222222,16.8888888888889,494.055555555556
"background",52,52,273.888888888889,61.8055555555556,487.805555555556
"background",53,53,310.805555555556,57.6111111111111,439.138888888889
"background",54,54,323.583333333333,50.8888888888889,250.305555555556
"background",55,55,330.916666666667,23.4444444444444,124.444444444444
"background",56,56,333.083333333333,11.9722222222222,271.222222222222
"background",57,57,304.416666666667,4.91666666666667,339.416666666667
"background",58,58,312.444444444444,112.166666666667,627.583333333333
"background",59,59,347.055555555556,8.72222222222222,311.75
"background",60,60,327.694444444444,80.2222222222222,290.333333333333
"background",61,61,320.194444444444,174.361111111111,594.361111111111
"background",62,62,297.472222222222,104.388888888889,378.805555555556
"background",63,63,327.083333333333,49.0555555555556,191.694444444444
"background",64,64,321.055555555556,1.47222222222222,162.527777777778
"background",65,65,354.638888888889,9.36111111111111,75.4166666666667
"background",66,66,312.361111111111,199.083333333333,610.694444444444
"background",67,67,350.527777777778,2.5,289.75
"background",68,68,339.611111111111,12.7222222222222,258.361111111111
"background",69,69,318.694444444444,34.8055555555556,264.777777777778
"background",70,70,315.888888888889,70.5833333333333,621.388888888889
"background",71,71,306.722222222222,129.5,411.194444444444
"background",72,72,351.138888888889,3.5,466.027777777778
"background",73,73,317.972222222222,25.7777777777778,225.916666666667
"background",74,74,265.833333333333,93.0833333333333,505.166666666667
"background",75,75,343.916666666667,11.9444444444444,336.416666666667
"background",76,76,303.083333333333,4.97222222222222,356.277777777778
"background",77,77,356.5,4.55555555555556,548.194444444444
"background",78,78,261.888888888889,74.3055555555556,502.972222222222
"background",79,79,349.777777777778,5.13888888888889,549.166666666667
"background",80,80,319.361111111111,32.0277777777778,528.222222222222
"background",81,81,318.138888888889,24.6388888888889,653
"background",82,82,317,79.4722222222222,651.333333333333
"background",83,83,312.638888888889,34.5833333333333,351.277777777778
"background",84,84,338.833333333333,12.1388888888889,110.833333333333
"background",85,85,332.5,69.6388888888889,240.666666666667
"background",86,86,346.694444444444,0.472222222222222,230.777777777778
"background",87,87,309.388888888889,23.2222222222222,174.277777777778
"background",88,88,288.944444444444,125.027777777778,470.5
"background",89,89,319.027777777778,60.8611111111111,550.583333333333
"background",90,90,318.611111111111,59,287.638888888889
"background",91,91,351.194444444444,0.916666666666667,180
"background",92,92,317.333333333333,31.5833333333333,472.416666666667
"background",93,93,303.444444444444,11,219.388888888889
"background",94,94,325.888888888889,0.5,281.722222222222
"background",95,95,310.222222222222,1.52777777777778,233.583333333333
"background",96,96,332.972222222222,48.7222222222222,323.888888888889
"background",97,97,335.722222222222,24.9444444444444,491.916666666667
"background",98,98,343.888888888889,8.69444444444444,469.444444444444
"background",99,99,326.416666666667,78.5,333.333333333333
"background",100,100,328.277777777778,10.8333333333333,118.805555555556
"background",101,101,331.277777777778,2.80555555555556,166.833333333333
"background",102,102,323.833333333333,55.5,247.833333333333
"background",103,103,343.083333333333,0,170.027777777778
"background",104,104,326.083333333333,55.2222222222222,247.305555555556
"background",105,105,302.138888888889,12.75,307.333333333333
"background",106,106,315.194444444444,19.6666666666667,445.444444444444
"background",107,107,329.638888888889,19.7222222222222,142.222222222222
"background",108,108,356.944444444444,11.1666666666667,348.444444444444
"background",109,109,280.638888888889,23.4444444444444,601.305555555556
"background",110,110,311.928571428571,49.75,241.071428571429
"background",111,111,321.444444444444,8.97222222222222,350.5
"background",112,112,327.388888888889,60.3888888888889,481.305555555556
"background",113,113,319.861111111111,36.25,142.027777777778
"background",114,114,320.027777777778,36.5,584.194444444444
"background",115,115,343.472222222222,0.583333333333333,152.277777777778
"background",116,116,315.277777777778,8.19444444444444,297.833333333333
"background",117,117,349.388888888889,1.11111111111111,439.722222222222
"background",118,118,327.527777777778,21.9444444444444,468.027777777778
"background",119,119,317.222222222222,30.3055555555556,481.5
"background",120,120,312.638888888889,31.9166666666667,380.583333333333
"background",121,121,309.527777777778,174.861111111111,586.916666666667
"background",122,122,309.722222222222,5.55555555555556,171.666666666667
"background",123,123,320.722222222222,84.6111111111111,421.222222222222
"background",124,124,257.305555555556,53.8055555555556,716.944444444444
"background",125,125,323.527777777778,70.6666666666667,370.166666666667
"background",126,126,312.333333333333,2.52777777777778,311.25
"background",127,127,312.083333333333,37.3333333333333,305.888888888889
"background",128,128,329.305555555556,3.36111111111111,438.861111111111
"background",129,129,331.277777777778,14.5833333333333,313.388888888889
"background",130,130,274.583333333333,81.2916666666667,570.375
"background",131,131,330.527777777778,45.75,193.388888888889
"background",132,132,320.111111111111,17.2777777777778,561.222222222222
"background",133,133,259.472222222222,104.944444444444,438.222222222222
"background",134,134,312.111111111111,148.472222222222,601.361111111111
"background",135,135,266.444444444444,38.5277777777778,568.166666666667
"background",136,136,349.861111111111,12.8333333333333,351.583333333333
"background",137,137,322.194444444444,0.972222222222222,262.861111111111
"background",138,138,283.666666666667,87.5151515151515,294.090909090909
"background",139,139,322.444444444444,66.5833333333333,285.833333333333
"background",140,140,314.305555555556,134.277777777778,628.916666666667
"background",141,141,288.194444444444,80.6111111111111,361.027777777778
"background",142,142,328.833333333333,5.11111111111111,445.222222222222
"background",143,143,320.833333333333,29.3333333333333,598.333333333333
"background",144,144,306.583333333333,19.4444444444444,353.444444444444
"background",145,145,315.25,103.555555555556,575.138888888889
"background",146,146,318.5,28.2222222222222,650.083333333333
"background",147,147,343.111111111111,13.25,75.1944444444444
"background",148,148,342.416666666667,2.19444444444444,93.5555555555556
