"species","x","y","bio5","bio14","bio18"
"species",1,1,312.638888888889,31.9166666666667,380.583333333333
"species",2,2,264.151515151515,53.6969696969697,733.757575757576
"species",3,3,312.638888888889,31.9166666666667,380.583333333333
"species",4,4,278.555555555556,78.3333333333333,370.916666666667
"species",5,5,312.638888888889,31.9166666666667,380.583333333333
"species",6,6,292.172413793103,66.0689655172414,730.827586206897
"species",7,7,291.222222222222,16.8888888888889,494.055555555556
"species",8,8,292.277777777778,24.6388888888889,452.944444444444
"species",9,9,257.305555555556,53.8055555555556,716.944444444444
"species",10,10,301.888888888889,62.1388888888889,304.611111111111
"species",11,11,312.638888888889,31.9166666666667,380.583333333333
"species",12,12,264.151515151515,53.6969696969697,733.757575757576
"species",13,13,257.305555555556,53.8055555555556,716.944444444444
"species",14,14,312.638888888889,31.9166666666667,380.583333333333
"species",15,15,257.305555555556,53.8055555555556,716.944444444444
"species",16,16,313.333333333333,62.4444444444444,489.555555555556
"species",17,17,293.638888888889,33.3888888888889,616.888888888889
"species",18,18,272,83.1944444444444,486.666666666667
"species",19,19,312.638888888889,31.9166666666667,380.583333333333
"species",20,20,282.305555555556,11.5277777777778,629.5
"species",21,21,292.277777777778,24.6388888888889,452.944444444444
"species",22,22,312.638888888889,31.9166666666667,380.583333333333
"species",23,23,293.638888888889,33.3888888888889,616.888888888889
"species",24,24,291.222222222222,16.8888888888889,494.055555555556
"species",25,25,312.638888888889,34.5833333333333,351.277777777778
"species",26,26,287.222222222222,78.8611111111111,379.25
"species",27,27,264.151515151515,53.6969696969697,733.757575757576
"species",28,28,292.277777777778,24.6388888888889,452.944444444444
"species",29,29,265.194444444444,23.0277777777778,718.166666666667
"species",30,30,292.172413793103,66.0689655172414,730.827586206897
"species",31,31,312.638888888889,31.9166666666667,380.583333333333
"species",32,32,257.305555555556,53.8055555555556,716.944444444444
"species",33,33,287.666666666667,34.25,497.083333333333
"species",34,34,312.638888888889,34.5833333333333,351.277777777778
"species",35,35,280.638888888889,23.4444444444444,601.305555555556
"species",36,36,287.666666666667,34.25,497.083333333333
"species",37,37,310.916666666667,18.0833333333333,534.222222222222
"species",38,38,312.638888888889,34.5833333333333,351.277777777778
"species",39,39,287.666666666667,34.25,497.083333333333
"species",40,40,300.730769230769,41.2307692307692,343.346153846154
"species",41,41,276.666666666667,12.8611111111111,693.5
"species",42,42,274.583333333333,81.2916666666667,570.375
"species",43,43,301.888888888889,62.1388888888889,304.611111111111
"species",44,44,278.805555555556,14.0277777777778,576.722222222222
"species",45,45,286.111111111111,9.52777777777778,590.055555555556
"species",46,46,257.305555555556,53.8055555555556,716.944444444444
"species",47,47,312.638888888889,31.9166666666667,380.583333333333
"species",48,48,300.730769230769,41.2307692307692,343.346153846154
"species",49,49,304.083333333333,13.5833333333333,493.027777777778
"species",50,50,276.666666666667,12.8611111111111,693.5
"species",51,51,312.638888888889,31.9166666666667,380.583333333333
"species",52,52,300.730769230769,41.2307692307692,343.346153846154
"species",53,53,292.277777777778,24.6388888888889,452.944444444444
"species",54,54,292.277777777778,24.6388888888889,452.944444444444
"species",55,55,312.638888888889,31.9166666666667,380.583333333333
"species",56,56,282.805555555556,36.4444444444444,526.666666666667
"species",57,57,278.555555555556,78.3333333333333,370.916666666667
"species",58,58,312.638888888889,31.9166666666667,380.583333333333
"species",59,59,264.151515151515,53.6969696969697,733.757575757576
"species",60,60,300.730769230769,41.2307692307692,343.346153846154
"species",61,61,257.305555555556,53.8055555555556,716.944444444444
"species",62,62,312.638888888889,31.9166666666667,380.583333333333
"species",63,63,292.888888888889,64.3888888888889,306.111111111111
"species",64,64,308.361111111111,24.6111111111111,379.111111111111
"species",65,65,291.222222222222,16.8888888888889,494.055555555556
"species",66,66,335.722222222222,24.9444444444444,491.916666666667
"species",67,67,300.730769230769,41.2307692307692,343.346153846154
"species",68,68,310.916666666667,18.0833333333333,534.222222222222
"species",69,69,312.638888888889,31.9166666666667,380.583333333333
"species",70,70,265.194444444444,23.0277777777778,718.166666666667
"species",71,71,312.638888888889,31.9166666666667,380.583333333333
"species",72,72,312.638888888889,31.9166666666667,380.583333333333
"species",73,73,293.638888888889,33.3888888888889,616.888888888889
"species",74,74,293.638888888889,33.3888888888889,616.888888888889
"species",75,75,292.277777777778,24.6388888888889,452.944444444444
"species",76,76,287.666666666667,34.25,497.083333333333
"species",77,77,292.172413793103,66.0689655172414,730.827586206897
"species",78,78,312.638888888889,31.9166666666667,380.583333333333
"species",79,79,292.888888888889,64.3888888888889,306.111111111111
"species",80,80,257.305555555556,53.8055555555556,716.944444444444
"species",81,81,310.916666666667,18.0833333333333,534.222222222222
"species",82,82,265.194444444444,23.0277777777778,718.166666666667
"species",83,83,293.638888888889,33.3888888888889,616.888888888889
"species",84,84,300.730769230769,41.2307692307692,343.346153846154
"species",85,85,265.194444444444,23.0277777777778,718.166666666667
"species",86,86,300.730769230769,41.2307692307692,343.346153846154
"species",87,87,287.222222222222,78.8611111111111,379.25
"species",88,88,300.730769230769,41.2307692307692,343.346153846154
"species",89,89,257.305555555556,53.8055555555556,716.944444444444
"species",90,90,293.638888888889,33.3888888888889,616.888888888889
"species",91,91,312.638888888889,31.9166666666667,380.583333333333
"species",92,92,292.172413793103,66.0689655172414,730.827586206897
"species",93,93,300.730769230769,41.2307692307692,343.346153846154
"species",94,94,300.730769230769,41.2307692307692,343.346153846154
"species",95,95,292.277777777778,24.6388888888889,452.944444444444
"species",96,96,300.730769230769,41.2307692307692,343.346153846154
"species",97,97,291.222222222222,16.8888888888889,494.055555555556
"species",98,98,287.666666666667,34.25,497.083333333333
"species",99,99,264.151515151515,53.6969696969697,733.757575757576
"species",100,100,287.666666666667,34.25,497.083333333333
"species",101,101,266.444444444444,38.5277777777778,568.166666666667
"species",102,102,312.638888888889,31.9166666666667,380.583333333333
"species",103,103,287.666666666667,34.25,497.083333333333
"species",104,104,312.638888888889,31.9166666666667,380.583333333333
"species",105,105,257.305555555556,53.8055555555556,716.944444444444
"species",106,106,306.515151515152,61.9090909090909,290.878787878788
"species",107,107,265.194444444444,23.0277777777778,718.166666666667
"species",108,108,300.730769230769,41.2307692307692,343.346153846154
"species",109,109,312.638888888889,34.5833333333333,351.277777777778
"species",110,110,293.638888888889,33.3888888888889,616.888888888889
"species",111,111,287.666666666667,34.25,497.083333333333
"species",112,112,257.305555555556,53.8055555555556,716.944444444444
"species",113,113,312.638888888889,31.9166666666667,380.583333333333
"species",114,114,300.730769230769,41.2307692307692,343.346153846154
"species",115,115,300.730769230769,41.2307692307692,343.346153846154
"species",116,116,300.730769230769,41.2307692307692,343.346153846154
"species",117,117,300.730769230769,41.2307692307692,343.346153846154
"species",118,118,312.638888888889,31.9166666666667,380.583333333333
"species",119,119,282.361111111111,54.5,580.083333333333
"species",120,120,312.638888888889,31.9166666666667,380.583333333333
"species",121,121,292.172413793103,66.0689655172414,730.827586206897
"species",122,122,300.730769230769,41.2307692307692,343.346153846154
"species",123,123,293.638888888889,33.3888888888889,616.888888888889
"species",124,124,257.305555555556,53.8055555555556,716.944444444444
"species",125,125,300.730769230769,41.2307692307692,343.346153846154
"species",126,126,286.111111111111,9.52777777777778,590.055555555556
"species",127,127,274.583333333333,81.2916666666667,570.375
"species",128,128,260.666666666667,24.5833333333333,718.055555555556
"species",129,129,308.361111111111,24.6111111111111,379.111111111111
"species",130,130,287.666666666667,34.25,497.083333333333
"species",131,131,293.638888888889,33.3888888888889,616.888888888889
"species",132,132,312.638888888889,31.9166666666667,380.583333333333
"species",133,133,300.730769230769,41.2307692307692,343.346153846154
"species",134,134,291.222222222222,16.8888888888889,494.055555555556
"species",135,135,312.638888888889,31.9166666666667,380.583333333333
