"species","x","y","bio5","bio14","bio18"
"background",1,1,315.722222222222,3.30555555555556,215.111111111111
"background",2,2,339.361111111111,4.30555555555556,459.388888888889
"background",3,3,349.861111111111,12.8333333333333,351.583333333333
"background",4,4,313.611111111111,12.0555555555556,429.416666666667
"background",5,5,332,4.16666666666667,418.888888888889
"background",6,6,322.230769230769,13.6538461538462,101.884615384615
"background",7,7,326.25,104.583333333333,374.777777777778
"background",8,8,297.388888888889,1.72222222222222,335.055555555556
"background",9,9,268.777777777778,20.5,678
"background",10,10,346.75,13.9444444444444,389.916666666667
"background",11,11,331.277777777778,2.80555555555556,166.833333333333
"background",12,12,329.861111111111,16.0833333333333,186.555555555556
"background",13,13,316.805555555556,9.80555555555556,691.972222222222
"background",14,14,334.416666666667,14.5555555555556,275.138888888889
"background",15,15,279.555555555556,11.9722222222222,660.694444444444
"background",16,16,308.555555555556,37.3888888888889,451.694444444444
"background",17,17,328.25,74.75,263.222222222222
"background",18,18,346.611111111111,3.44444444444444,476
"background",19,19,334.444444444444,5.91666666666667,70.75
"background",20,20,297.888888888889,57.1666666666667,452.055555555556
"background",21,21,335.583333333333,0.166666666666667,170.916666666667
"background",22,22,309.5,185.194444444444,657.333333333333
"background",23,23,319.583333333333,71.3611111111111,564.944444444444
"background",24,24,329.416666666667,9.58333333333333,262.916666666667
"background",25,25,338.638888888889,2.19444444444444,80.4722222222222
