"species","x","y","bio5","bio14","bio18","bio19"
"species",1,1,291.222222222222,16.8888888888889,494.055555555556,72.4722222222222
"species",2,2,284.583333333333,19.8055555555556,622.388888888889,85.7777777777778
"species",3,3,276.666666666667,12.8611111111111,693.5,79.0277777777778
"species",4,4,292.172413793103,66.0689655172414,730.827586206897,222.103448275862
"species",5,5,264.151515151515,53.6969696969697,733.757575757576,184.787878787879
"species",6,6,287.222222222222,78.8611111111111,379.25,333.388888888889
"species",7,7,260.666666666667,24.5833333333333,718.055555555556,104
"species",8,8,289.333333333333,16.1111111111111,314.472222222222,65.3611111111111
"species",9,9,287.666666666667,34.25,497.083333333333,120.333333333333
"species",10,10,282.361111111111,54.5,580.083333333333,215.527777777778
"species",11,11,280.638888888889,23.4444444444444,601.305555555556,89.4722222222222
"species",12,12,300.730769230769,41.2307692307692,343.346153846154,151.307692307692
"species",13,13,266.444444444444,38.5277777777778,568.166666666667,131.277777777778
"species",14,14,272,83.1944444444444,486.666666666667,296.083333333333
"species",15,15,308.361111111111,24.6111111111111,379.111111111111,90.3888888888889
"species",16,16,312.638888888889,31.9166666666667,380.583333333333,123.138888888889
"species",17,17,278.555555555556,78.3333333333333,370.916666666667,370.666666666667
"species",18,18,304.083333333333,13.5833333333333,493.027777777778,52.7777777777778
"species",19,19,257.305555555556,53.8055555555556,716.944444444444,180.222222222222
"species",20,20,282.305555555556,11.5277777777778,629.5,54.4444444444444
"species",21,21,292.888888888889,64.3888888888889,306.111111111111,247.666666666667
"species",22,22,292.277777777778,24.6388888888889,452.944444444444,109.444444444444
"species",23,23,282.805555555556,36.4444444444444,526.666666666667,143.555555555556
"species",24,24,293.638888888889,33.3888888888889,616.888888888889,114.833333333333
