"species","x","y","bio5","bio14","bio18"
"background",1,1,322.777777777778,138.222222222222,517.805555555556
"background",2,2,312.694444444444,13.5833333333333,436.138888888889
"background",3,3,334.277777777778,2.25,64.8333333333333
"background",4,4,327.583333333333,67.2777777777778,283.333333333333
"background",5,5,317.527777777778,41.6111111111111,615.222222222222
"background",6,6,296.5,8.02777777777778,564.472222222222
"background",7,7,334.694444444444,26.1388888888889,420.055555555556
"background",8,8,312.448275862069,8,246.965517241379
"background",9,9,324.388888888889,89.7777777777778,356.972222222222
"background",10,10,314.055555555556,10.4722222222222,366.083333333333
"background",11,11,346.305555555556,7.36111111111111,249.472222222222
"background",12,12,308.388888888889,217.527777777778,738.444444444444
"background",13,13,317.222222222222,30.3055555555556,481.5
"background",14,14,319.222222222222,193.694444444444,717.916666666667
"background",15,15,328.416666666667,22.2777777777778,340.388888888889
"background",16,16,323,47.7777777777778,218.611111111111
"background",17,17,313.666666666667,28.1111111111111,437.055555555556
"background",18,18,317.027777777778,2,142.583333333333
"background",19,19,325.583333333333,91.4166666666667,366.194444444444
"background",20,20,295.5,7.22222222222222,382.527777777778
"background",21,21,281.861111111111,81.5833333333333,523.333333333333
"background",22,22,308.305555555556,15.0277777777778,436.833333333333
"background",23,23,310.222222222222,1.52777777777778,233.583333333333
"background",24,24,322.888888888889,62.4722222222222,393.277777777778
"background",25,25,284.944444444444,8.5,562.527777777778
"background",26,26,333.333333333333,24.8888888888889,371.694444444444
"background",27,27,319.833333333333,66.4444444444444,284.444444444444
"background",28,28,346.75,13.9444444444444,389.916666666667
"background",29,29,319.916666666667,54,545.722222222222
"background",30,30,291.194444444444,30.7777777777778,217.694444444444
"background",31,31,330.222222222222,26.1111111111111,309.083333333333
"background",32,32,311.928571428571,49.75,241.071428571429
"background",33,33,342.916666666667,6.13888888888889,191.611111111111
"background",34,34,324.25,19.0277777777778,91.1666666666667
"background",35,35,347.888888888889,8.86111111111111,564.083333333333
"background",36,36,343.472222222222,0.583333333333333,152.277777777778
"background",37,37,354.166666666667,9.75,324.666666666667
"background",38,38,334.611111111111,4.97222222222222,369.444444444444
"background",39,39,326.361111111111,18.1111111111111,379.388888888889
"background",40,40,317.944444444444,105.305555555556,585.444444444444
"background",41,41,291.777777777778,96.4444444444444,389.583333333333
"background",42,42,320.722222222222,84.6111111111111,421.222222222222
"background",43,43,313.611111111111,12.0555555555556,429.416666666667
"background",44,44,315.083333333333,78.5,601.5
"background",45,45,321.638888888889,29.4444444444444,494.972222222222
"background",46,46,351.833333333333,9.25,370
"background",47,47,312.333333333333,2.52777777777778,311.25
"background",48,48,339.833333333333,31.4444444444444,507.388888888889
"background",49,49,330.75,37.8611111111111,482.305555555556
"background",50,50,288.527777777778,80.3055555555556,547.138888888889
"background",51,51,317.972222222222,54.9722222222222,583.25
"background",52,52,330.5,72.5,286.75
"background",53,53,302.805555555556,21.6111111111111,157.333333333333
"background",54,54,336.527777777778,11.4444444444444,599.138888888889
"background",55,55,292.172413793103,66.0689655172414,730.827586206897
"background",56,56,310.166666666667,8.5,565.305555555556
"background",57,57,317.972222222222,25.7777777777778,225.916666666667
"background",58,58,332.555555555556,4.69444444444444,70.6111111111111
"background",59,59,319.444444444444,1.16666666666667,161.777777777778
"background",60,60,325,9.36111111111111,573.611111111111
"background",61,61,313.333333333333,62.4444444444444,489.555555555556
"background",62,62,293.861111111111,5,449.388888888889
"background",63,63,307.611111111111,214.861111111111,770.305555555556
"background",64,64,333.333333333333,0.333333333333333,277.194444444444
"background",65,65,270.333333333333,124.638888888889,438.305555555556
"background",66,66,291.222222222222,16.8888888888889,494.055555555556
"background",67,67,295,4.88888888888889,279.194444444444
"background",68,68,326.694444444444,4.02777777777778,196.555555555556
"background",69,69,314.444444444444,96.7222222222222,623.916666666667
"background",70,70,343.222222222222,5.05555555555556,144.25
"background",71,71,282.305555555556,17.9444444444444,651.555555555556
"background",72,72,317,1.44444444444444,197.75
"background",73,73,321.916666666667,46.6944444444444,232.416666666667
"background",74,74,268.777777777778,20.5,678
"background",75,75,322.694444444444,45.0555555555556,559.25
"background",76,76,328.611111111111,3.63888888888889,437.083333333333
"background",77,77,323.611111111111,118.388888888889,383.777777777778
"background",78,78,334.888888888889,16.3611111111111,304.25
"background",79,79,314.666666666667,7.02777777777778,325.055555555556
"background",80,80,275,13.9444444444444,633.583333333333
"background",81,81,324.972222222222,28.4444444444444,446.5
"background",82,82,310.916666666667,18.0833333333333,534.222222222222
"background",83,83,317.916666666667,52.1111111111111,566.722222222222
"background",84,84,345.444444444444,2.25,362.027777777778
"background",85,85,331.305555555556,2.36111111111111,420.861111111111
"background",86,86,344.444444444444,1.75,484.472222222222
"background",87,87,323.277777777778,26.6666666666667,158.75
"background",88,88,335.027777777778,43.3055555555556,309.027777777778
"background",89,89,300.555555555556,4.27777777777778,253.25
"background",90,90,329.055555555556,27.25,132.222222222222
"background",91,91,300.972222222222,5.97222222222222,189.138888888889
"background",92,92,336.361111111111,43.3333333333333,458.5
"background",93,93,277.944444444444,11.4722222222222,732.222222222222
"background",94,94,328.416666666667,207.305555555556,706.388888888889
"background",95,95,286.111111111111,9.52777777777778,590.055555555556
"background",96,96,273.888888888889,61.8055555555556,487.805555555556
"background",97,97,326.25,15.4166666666667,322.777777777778
"background",98,98,309.527777777778,174.861111111111,586.916666666667
"background",99,99,323.777777777778,12.1388888888889,375.527777777778
"background",100,100,346.611111111111,3.44444444444444,476
"background",101,101,350.722222222222,0.888888888888889,131.944444444444
"background",102,102,354.361111111111,6.58333333333333,608.444444444444
"background",103,103,329.027777777778,84.8888888888889,270.5
"background",104,104,288.194444444444,55.75,521.888888888889
"background",105,105,343.388888888889,4.55555555555556,487.583333333333
"background",106,106,319.027777777778,60.8611111111111,550.583333333333
"background",107,107,328.583333333333,40.4166666666667,189.333333333333
"background",108,108,330.583333333333,77.6944444444444,271.305555555556
"background",109,109,323.305555555556,120.944444444444,406.638888888889
"background",110,110,320.777777777778,6.5,353.25
"background",111,111,328.75,14.3888888888889,434.944444444444
"background",112,112,282.722222222222,132.888888888889,558.611111111111
"background",113,113,317.333333333333,31.5833333333333,472.416666666667
"background",114,114,350.527777777778,2.5,289.75
"background",115,115,303.444444444444,11,219.388888888889
"background",116,116,321.444444444444,8.97222222222222,350.5
"background",117,117,308.861111111111,47.6111111111111,452.305555555556
"background",118,118,324.361111111111,1.44444444444444,284.388888888889
"background",119,119,319.638888888889,23.3888888888889,655.805555555556
"background",120,120,337.472222222222,10.5,127.361111111111
"background",121,121,352.5,4.44444444444444,248.055555555556
"background",122,122,325.555555555556,110.444444444444,380.805555555556
"background",123,123,308.833333333333,16.9166666666667,196.222222222222
"background",124,124,338.138888888889,18.3333333333333,498.194444444444
"background",125,125,321.722222222222,101.222222222222,405.333333333333
"background",126,126,355.555555555556,6.13888888888889,340.5
"background",127,127,324.555555555556,21.1111111111111,317.25
"background",128,128,336.75,2.44444444444444,158.083333333333
"background",129,129,324.777777777778,30.3888888888889,556.694444444444
"background",130,130,331.333333333333,6.16666666666667,238.583333333333
"background",131,131,330.527777777778,45.75,193.388888888889
"background",132,132,337,13.9722222222222,350.305555555556
"background",133,133,329.694444444444,51.3055555555556,201.833333333333
"background",134,134,295.388888888889,32.1666666666667,581.194444444444
"background",135,135,324.583333333333,28.1388888888889,456.638888888889
"background",136,136,330.055555555556,47.3888888888889,167.888888888889
"background",137,137,344.333333333333,2.16666666666667,406.5
"background",138,138,311.25,40,474.083333333333
"background",139,139,339.916666666667,28.3333333333333,468.722222222222
"background",140,140,295.166666666667,126.5,536.222222222222
"background",141,141,314.25,89.3611111111111,633
"background",142,142,312.638888888889,31.9166666666667,380.583333333333
"background",143,143,306.583333333333,19.4444444444444,353.444444444444
"background",144,144,278.555555555556,78.3333333333333,370.916666666667
"background",145,145,327.388888888889,60.3888888888889,481.305555555556
"background",146,146,329.722222222222,75.8888888888889,240.222222222222
"background",147,147,330.388888888889,31.2777777777778,569.555555555556
"background",148,148,325.444444444444,49.75,221.111111111111
