"species","x","y","bio5","bio14","bio18"
"background",1,1,348.25,4.30555555555556,505.111111111111
"background",2,2,281.861111111111,81.5833333333333,523.333333333333
"background",3,3,332.555555555556,4.69444444444444,70.6111111111111
"background",4,4,329.416666666667,9.58333333333333,262.916666666667
"background",5,5,300.555555555556,4.27777777777778,253.25
"background",6,6,313.277777777778,132.416666666667,643.944444444444
"background",7,7,305.25,2.11111111111111,258.694444444444
"background",8,8,314.666666666667,23.7777777777778,456.5
"background",9,9,275,13.9444444444444,633.583333333333
"background",10,10,319.861111111111,36.25,142.027777777778
"background",11,11,288.194444444444,55.75,521.888888888889
"background",12,12,337.25,4.16666666666667,305.055555555556
"background",13,13,324.75,37.1111111111111,150.333333333333
"background",14,14,329.694444444444,51.3055555555556,201.833333333333
"background",15,15,321.166666666667,6.61111111111111,617.666666666667
"background",16,16,298.972222222222,26.75,242.361111111111
"background",17,17,342.916666666667,6.13888888888889,191.611111111111
"background",18,18,326.333333333333,64.75,266.5
"background",19,19,341.111111111111,1.63888888888889,88.2777777777778
"background",20,20,327.027777777778,79.1944444444444,267.111111111111
"background",21,21,339.666666666667,8.47222222222222,267.888888888889
"background",22,22,327.694444444444,5.22222222222222,473.5
"background",23,23,295.5,7.22222222222222,382.527777777778
"background",24,24,329.722222222222,75.8888888888889,240.222222222222
"background",25,25,348.277777777778,2.5,472.027777777778
"background",26,26,309.833333333333,211.25,650.777777777778
"background",27,27,329.444444444444,77.0833333333333,309.333333333333
"background",28,28,356.583333333333,4.63888888888889,581.222222222222
"background",29,29,305.305555555556,212.194444444444,710.5
"background",30,30,324.138888888889,2.19444444444444,177.388888888889
"background",31,31,317.805555555556,8.22222222222222,354.944444444444
"background",32,32,314.666666666667,7.02777777777778,325.055555555556
"background",33,33,307.388888888889,220.527777777778,795.277777777778
"background",34,34,304.666666666667,13.2777777777778,642.222222222222
"background",35,35,348.527777777778,5,360.972222222222
"background",36,36,329.666666666667,89.0277777777778,278.527777777778
"background",37,37,304.416666666667,4.91666666666667,339.416666666667
"background",38,38,342.361111111111,16.0277777777778,553.25
"background",39,39,310.444444444444,5.33333333333333,220.472222222222
"background",40,40,319.138888888889,161.388888888889,535.944444444444
"background",41,41,324.583333333333,28.1388888888889,456.638888888889
"background",42,42,338.333333333333,30.3888888888889,347.527777777778
"background",43,43,318.583333333333,19.4722222222222,214.583333333333
"background",44,44,327.222222222222,96.4722222222222,327.083333333333
"background",45,45,330.527777777778,45.75,193.388888888889
"background",46,46,327.5,29.7777777777778,163.833333333333
"background",47,47,322.305555555556,105.444444444444,422.305555555556
"background",48,48,312.638888888889,31.9166666666667,380.583333333333
"background",49,49,337.416666666667,3.58333333333333,229.25
"background",50,50,345.888888888889,20.8611111111111,430.611111111111
