"species","x","y","bio5","bio14","bio18"
"background",1,1,337.416666666667,3.58333333333333,229.25
"background",2,2,305.555555555556,7.75,585.5
"background",3,3,300.75,35.1111111111111,543.111111111111
"background",4,4,312.583333333333,79.6944444444444,384.75
"background",5,5,315.25,103.555555555556,575.138888888889
"background",6,6,298.972222222222,26.75,242.361111111111
"background",7,7,317.944444444444,105.305555555556,585.444444444444
"background",8,8,320.555555555556,27.25,121.722222222222
"background",9,9,320.416666666667,30.8333333333333,586.638888888889
"background",10,10,281.861111111111,81.5833333333333,523.333333333333
"background",11,11,329.027777777778,6.22222222222222,418.166666666667
"background",12,12,317.527777777778,41.6111111111111,615.222222222222
"background",13,13,334.888888888889,16.3611111111111,304.25
"background",14,14,310.444444444444,5.33333333333333,220.472222222222
"background",15,15,318.583333333333,19.4722222222222,214.583333333333
"background",16,16,317.972222222222,54.9722222222222,583.25
"background",17,17,351.472222222222,6.63888888888889,110.138888888889
"background",18,18,327.694444444444,5.22222222222222,473.5
"background",19,19,336.722222222222,26.2222222222222,552.888888888889
"background",20,20,330.5,1.52777777777778,89.0833333333333
"background",21,21,347.888888888889,8.86111111111111,564.083333333333
"background",22,22,272,83.1944444444444,486.666666666667
"background",23,23,317.861111111111,69.7777777777778,553.555555555556
"background",24,24,335.416666666667,0.5,255.944444444444
"background",25,25,332.277777777778,15.5555555555556,575.638888888889
