"species","x","y","bio5","bio14","bio18"
"background",1,1,329.583333333333,26.5,162.444444444444
"background",2,2,329.666666666667,89.0277777777778,278.527777777778
"background",3,3,315.777777777778,2.91666666666667,51.5555555555556
"background",4,4,333.638888888889,17.4166666666667,133.75
"background",5,5,339.222222222222,0.722222222222222,143.305555555556
"background",6,6,348.194444444444,1.61111111111111,409.916666666667
"background",7,7,325,9.36111111111111,573.611111111111
"background",8,8,344.805555555556,1.61111111111111,31.75
"background",9,9,352.5,4.44444444444444,248.055555555556
"background",10,10,351.111111111111,1.94444444444444,460.222222222222
"background",11,11,317,79.4722222222222,651.333333333333
"background",12,12,346.305555555556,7.36111111111111,249.472222222222
"background",13,13,318.777777777778,45.0555555555556,620.361111111111
"background",14,14,293.833333333333,18.7777777777778,631.305555555556
"background",15,15,333.388888888889,2.11111111111111,195.75
"background",16,16,317.916666666667,52.1111111111111,566.722222222222
"background",17,17,287.222222222222,78.8611111111111,379.25
"background",18,18,320.194444444444,174.361111111111,594.361111111111
"background",19,19,306.583333333333,19.4444444444444,353.444444444444
"background",20,20,314.305555555556,12.5833333333333,147.027777777778
"background",21,21,334.611111111111,4.97222222222222,369.444444444444
"background",22,22,284.944444444444,8.5,562.527777777778
"background",23,23,312.083333333333,37.3333333333333,305.888888888889
"background",24,24,351.833333333333,9.25,370
"background",25,25,327.055555555556,54.0277777777778,203.027777777778
"background",26,26,328.111111111111,41.0277777777778,179.305555555556
"background",27,27,343.083333333333,0,170.027777777778
"background",28,28,297.472222222222,104.388888888889,378.805555555556
"background",29,29,308.361111111111,7.94444444444444,434.416666666667
"background",30,30,315.944444444444,56.9166666666667,628.583333333333
"background",31,31,313.666666666667,102.472222222222,366.944444444444
"background",32,32,286.944444444444,30.6111111111111,279.416666666667
"background",33,33,288.5,3.22222222222222,328.361111111111
"background",34,34,334.083333333333,51.4166666666667,191.25
"background",35,35,340.527777777778,0.583333333333333,227.583333333333
"background",36,36,315,134.972222222222,435.5
"background",37,37,305.25,2.11111111111111,258.694444444444
"background",38,38,291.361111111111,57.7222222222222,493.916666666667
"background",39,39,327.388888888889,60.3888888888889,481.305555555556
"background",40,40,326.472222222222,3.88888888888889,68.5
"background",41,41,347.888888888889,8.86111111111111,564.083333333333
"background",42,42,291.222222222222,16.8888888888889,494.055555555556
"background",43,43,330.916666666667,23.4444444444444,124.444444444444
"background",44,44,313.611111111111,12.0555555555556,429.416666666667
"background",45,45,356.194444444444,3.80555555555556,627.972222222222
"background",46,46,312.083333333333,176.777777777778,566.555555555556
"background",47,47,305.555555555556,7.75,585.5
"background",48,48,278.805555555556,14.0277777777778,576.722222222222
"background",49,49,323.277777777778,26.6666666666667,158.75
"background",50,50,325.305555555556,24.9444444444444,341.861111111111
"background",51,51,311.055555555556,13.0555555555556,187.055555555556
"background",52,52,328.583333333333,33.6388888888889,130.138888888889
"background",53,53,337,13.9722222222222,350.305555555556
"background",54,54,322.194444444444,0.972222222222222,262.861111111111
"background",55,55,334.777777777778,3.44444444444444,228.472222222222
"background",56,56,327.75,46.4166666666667,250.833333333333
"background",57,57,349.861111111111,12.8333333333333,351.583333333333
"background",58,58,339.666666666667,8.47222222222222,267.888888888889
"background",59,59,321.083333333333,7.97222222222222,267.666666666667
"background",60,60,309.527777777778,174.861111111111,586.916666666667
"background",61,61,329.527777777778,0.0833333333333333,240.805555555556
"background",62,62,323.777777777778,12.1388888888889,375.527777777778
"background",63,63,315.777777777778,162.416666666667,541.194444444444
"background",64,64,320.027777777778,36.5,584.194444444444
"background",65,65,323.583333333333,50.8888888888889,250.305555555556
"background",66,66,312.638888888889,34.5833333333333,351.277777777778
"background",67,67,348,1.44444444444444,135.805555555556
"background",68,68,304.972222222222,73.8055555555556,288.111111111111
"background",69,69,275,13.9444444444444,633.583333333333
"background",70,70,326.583333333333,20.5555555555556,137.694444444444
"background",71,71,347.083333333333,3.05555555555556,414.111111111111
"background",72,72,300.75,35.1111111111111,543.111111111111
"background",73,73,310.444444444444,5.33333333333333,220.472222222222
"background",74,74,314.444444444444,96.7222222222222,623.916666666667
"background",75,75,333.027777777778,4.97222222222222,453.972222222222
"background",76,76,268.777777777778,20.5,678
"background",77,77,336.527777777778,11.4444444444444,599.138888888889
"background",78,78,320.555555555556,27.25,121.722222222222
"background",79,79,343.388888888889,4.55555555555556,487.583333333333
"background",80,80,297.388888888889,1.72222222222222,335.055555555556
"background",81,81,324.75,44.7777777777778,200.972222222222
"background",82,82,298.888888888889,12.3611111111111,485.222222222222
"background",83,83,336.5,3.58333333333333,65.4722222222222
"background",84,84,281.083333333333,18.1111111111111,245.972222222222
"background",85,85,310.166666666667,8.5,565.305555555556
"background",86,86,347.055555555556,8.72222222222222,311.75
"background",87,87,314.666666666667,7.02777777777778,325.055555555556
"background",88,88,312.722222222222,6.30555555555556,446.972222222222
"background",89,89,318.583333333333,161.388888888889,520.833333333333
"background",90,90,339.416666666667,2.52777777777778,440.861111111111
"background",91,91,351.472222222222,6.63888888888889,110.138888888889
"background",92,92,290.875,96.8125,362.46875
"background",93,93,318.138888888889,24.6388888888889,653
"background",94,94,305.638888888889,104.027777777778,356.333333333333
"background",95,95,335.416666666667,0.5,255.944444444444
"background",96,96,323.833333333333,61.6944444444444,235.055555555556
"background",97,97,340.666666666667,8.36111111111111,90.5
"background",98,98,290.138888888889,6.33333333333333,231.5
"background",99,99,327.694444444444,80.2222222222222,290.333333333333
"background",100,100,288.194444444444,55.75,521.888888888889
"background",101,101,322.777777777778,138.222222222222,517.805555555556
"background",102,102,355.944444444444,9.72222222222222,382.972222222222
"background",103,103,297.611111111111,21.9722222222222,258.25
"background",104,104,319.861111111111,36.25,142.027777777778
"background",105,105,322.611111111111,60.6944444444444,284.166666666667
"background",106,106,303.805555555556,4.97222222222222,222.444444444444
"background",107,107,330.472222222222,75.5277777777778,273.583333333333
"background",108,108,321.027777777778,196.888888888889,666
"background",109,109,337.888888888889,4.05555555555556,410.722222222222
"background",110,110,336.722222222222,26.2222222222222,552.888888888889
"background",111,111,354.638888888889,9.36111111111111,75.4166666666667
"background",112,112,340.055555555556,13.4166666666667,340.722222222222
"background",113,113,347.194444444444,4.25,114.583333333333
"background",114,114,318.333333333333,58.8611111111111,374.666666666667
"background",115,115,315.5,26.6388888888889,228.5
"background",116,116,325.555555555556,110.444444444444,380.805555555556
"background",117,117,313.666666666667,22.5833333333333,563.555555555556
"background",118,118,339.611111111111,12.7222222222222,258.361111111111
"background",119,119,317.638888888889,33.9166666666667,155.277777777778
"background",120,120,345.888888888889,20.8611111111111,430.611111111111
"background",121,121,320.416666666667,30.8333333333333,586.638888888889
"background",122,122,334.277777777778,2.25,64.8333333333333
"background",123,123,346.111111111111,3.38888888888889,216.111111111111
"background",124,124,334.888888888889,16.3611111111111,304.25
"background",125,125,338.833333333333,12.1388888888889,110.833333333333
"background",126,126,288.666666666667,13.1111111111111,147.527777777778
"background",127,127,319.111111111111,177.555555555556,714.305555555556
"background",128,128,313.666666666667,33.4722222222222,490
"background",129,129,324.09375,8.5625,39.90625
"background",130,130,318.166666666667,97.6388888888889,650.055555555556
"background",131,131,344.055555555556,17.4166666666667,383.75
"background",132,132,346.305555555556,1.13888888888889,157.361111111111
"background",133,133,333.194444444444,16,206.416666666667
"background",134,134,331.305555555556,2.36111111111111,420.861111111111
"background",135,135,293.861111111111,5,449.388888888889
"background",136,136,356.944444444444,11.1666666666667,348.444444444444
"background",137,137,327.027777777778,79.1944444444444,267.111111111111
"background",138,138,318.444444444444,0.694444444444444,191.305555555556
"background",139,139,314.305555555556,134.277777777778,628.916666666667
"background",140,140,356.583333333333,4.63888888888889,581.222222222222
"background",141,141,336.583333333333,6.05555555555556,256.916666666667
"background",142,142,287.666666666667,34.25,497.083333333333
"background",143,143,321.805555555556,54.5,266.5
"background",144,144,302.805555555556,21.6111111111111,157.333333333333
"background",145,145,315.527777777778,5.94444444444444,617.027777777778
"background",146,146,281.444444444444,103.277777777778,537.916666666667
"background",147,147,315.194444444444,26.3611111111111,553.166666666667
"background",148,148,308.361111111111,18.6666666666667,228.805555555556
