"species","x","y","bio5","bio14","bio18"
"species",1,1,300.730769230769,41.2307692307692,343.346153846154
"species",2,2,264.151515151515,53.6969696969697,733.757575757576
"species",3,3,312.638888888889,31.9166666666667,380.583333333333
"species",4,4,278.805555555556,14.0277777777778,576.722222222222
"species",5,5,264.151515151515,53.6969696969697,733.757575757576
"species",6,6,292.172413793103,66.0689655172414,730.827586206897
"species",7,7,304.083333333333,13.5833333333333,493.027777777778
"species",8,8,287.666666666667,34.25,497.083333333333
"species",9,9,282.361111111111,54.5,580.083333333333
"species",10,10,282.805555555556,36.4444444444444,526.666666666667
"species",11,11,312.638888888889,31.9166666666667,380.583333333333
"species",12,12,292.277777777778,24.6388888888889,452.944444444444
"species",13,13,312.638888888889,31.9166666666667,380.583333333333
"species",14,14,257.305555555556,53.8055555555556,716.944444444444
"species",15,15,300.730769230769,41.2307692307692,343.346153846154
"species",16,16,300.730769230769,41.2307692307692,343.346153846154
"species",17,17,287.666666666667,34.25,497.083333333333
"species",18,18,292.277777777778,24.6388888888889,452.944444444444
"species",19,19,293.638888888889,33.3888888888889,616.888888888889
"species",20,20,300.730769230769,41.2307692307692,343.346153846154
"species",21,21,287.666666666667,34.25,497.083333333333
"species",22,22,282.361111111111,54.5,580.083333333333
"species",23,23,292.277777777778,24.6388888888889,452.944444444444
"species",24,24,264.151515151515,53.6969696969697,733.757575757576
"species",25,25,257.305555555556,53.8055555555556,716.944444444444
"species",26,26,287.666666666667,34.25,497.083333333333
"species",27,27,287.222222222222,78.8611111111111,379.25
"species",28,28,292.277777777778,24.6388888888889,452.944444444444
"species",29,29,272,83.1944444444444,486.666666666667
"species",30,30,293.638888888889,33.3888888888889,616.888888888889
"species",31,31,292.888888888889,64.3888888888889,306.111111111111
"species",32,32,286.111111111111,9.52777777777778,590.055555555556
"species",33,33,282.361111111111,54.5,580.083333333333
"species",34,34,300.730769230769,41.2307692307692,343.346153846154
"species",35,35,312.638888888889,31.9166666666667,380.583333333333
"species",36,36,312.638888888889,31.9166666666667,380.583333333333
"species",37,37,282.361111111111,54.5,580.083333333333
"species",38,38,312.638888888889,31.9166666666667,380.583333333333
"species",39,39,280.638888888889,23.4444444444444,601.305555555556
"species",40,40,293.638888888889,33.3888888888889,616.888888888889
"species",41,41,257.305555555556,53.8055555555556,716.944444444444
"species",42,42,292.172413793103,66.0689655172414,730.827586206897
"species",43,43,291.222222222222,16.8888888888889,494.055555555556
"species",44,44,264.151515151515,53.6969696969697,733.757575757576
"species",45,45,293.638888888889,33.3888888888889,616.888888888889
"species",46,46,287.666666666667,34.25,497.083333333333
"species",47,47,264.151515151515,53.6969696969697,733.757575757576
"species",48,48,278.805555555556,14.0277777777778,576.722222222222
"species",49,49,312.638888888889,31.9166666666667,380.583333333333
"species",50,50,257.305555555556,53.8055555555556,716.944444444444
"species",51,51,292.277777777778,24.6388888888889,452.944444444444
"species",52,52,266.444444444444,38.5277777777778,568.166666666667
"species",53,53,312.638888888889,31.9166666666667,380.583333333333
"species",54,54,312.638888888889,31.9166666666667,380.583333333333
"species",55,55,293.638888888889,33.3888888888889,616.888888888889
"species",56,56,308.361111111111,24.6111111111111,379.111111111111
"species",57,57,312.638888888889,31.9166666666667,380.583333333333
"species",58,58,257.305555555556,53.8055555555556,716.944444444444
"species",59,59,289.333333333333,16.1111111111111,314.472222222222
"species",60,60,312.638888888889,31.9166666666667,380.583333333333
"species",61,61,265.194444444444,23.0277777777778,718.166666666667
"species",62,62,310.916666666667,18.0833333333333,534.222222222222
"species",63,63,300.730769230769,41.2307692307692,343.346153846154
"species",64,64,312.638888888889,31.9166666666667,380.583333333333
"species",65,65,282.305555555556,11.5277777777778,629.5
"species",66,66,287.666666666667,34.25,497.083333333333
"species",67,67,287.666666666667,34.25,497.083333333333
"species",68,68,300.730769230769,41.2307692307692,343.346153846154
"species",69,69,312.638888888889,31.9166666666667,380.583333333333
"species",70,70,311.928571428571,49.75,241.071428571429
"species",71,71,312.638888888889,31.9166666666667,380.583333333333
"species",72,72,300.730769230769,41.2307692307692,343.346153846154
"species",73,73,292.172413793103,66.0689655172414,730.827586206897
"species",74,74,312.638888888889,31.9166666666667,380.583333333333
"species",75,75,257.305555555556,53.8055555555556,716.944444444444
"species",76,76,292.277777777778,24.6388888888889,452.944444444444
"species",77,77,265.194444444444,23.0277777777778,718.166666666667
"species",78,78,265.194444444444,23.0277777777778,718.166666666667
"species",79,79,293.638888888889,33.3888888888889,616.888888888889
"species",80,80,292.277777777778,24.6388888888889,452.944444444444
"species",81,81,291.222222222222,16.8888888888889,494.055555555556
"species",82,82,265.194444444444,23.0277777777778,718.166666666667
"species",83,83,292.172413793103,66.0689655172414,730.827586206897
"species",84,84,312.638888888889,31.9166666666667,380.583333333333
"species",85,85,312.638888888889,31.9166666666667,380.583333333333
"species",86,86,287.222222222222,78.8611111111111,379.25
"species",87,87,312.638888888889,31.9166666666667,380.583333333333
"species",88,88,300.730769230769,41.2307692307692,343.346153846154
"species",89,89,312.638888888889,31.9166666666667,380.583333333333
"species",90,90,291.222222222222,16.8888888888889,494.055555555556
"species",91,91,312.638888888889,31.9166666666667,380.583333333333
"species",92,92,312.638888888889,34.5833333333333,351.277777777778
"species",93,93,313.333333333333,62.4444444444444,489.555555555556
"species",94,94,312.638888888889,31.9166666666667,380.583333333333
"species",95,95,312.638888888889,31.9166666666667,380.583333333333
"species",96,96,286.111111111111,9.52777777777778,590.055555555556
"species",97,97,264.151515151515,53.6969696969697,733.757575757576
"species",98,98,300.730769230769,41.2307692307692,343.346153846154
"species",99,99,300.730769230769,41.2307692307692,343.346153846154
"species",100,100,288.416666666667,26.7222222222222,611.416666666667
"species",101,101,293.638888888889,33.3888888888889,616.888888888889
"species",102,102,260.666666666667,24.5833333333333,718.055555555556
"species",103,103,278.805555555556,14.0277777777778,576.722222222222
"species",104,104,292.172413793103,66.0689655172414,730.827586206897
"species",105,105,300.730769230769,41.2307692307692,343.346153846154
"species",106,106,292.277777777778,24.6388888888889,452.944444444444
"species",107,107,274.583333333333,81.2916666666667,570.375
"species",108,108,335.722222222222,24.9444444444444,491.916666666667
"species",109,109,276.666666666667,12.8611111111111,693.5
"species",110,110,291.222222222222,16.8888888888889,494.055555555556
"species",111,111,287.666666666667,34.25,497.083333333333
"species",112,112,292.172413793103,66.0689655172414,730.827586206897
"species",113,113,312.638888888889,34.5833333333333,351.277777777778
"species",114,114,300.730769230769,41.2307692307692,343.346153846154
"species",115,115,312.638888888889,31.9166666666667,380.583333333333
"species",116,116,292.277777777778,24.6388888888889,452.944444444444
"species",117,117,312.638888888889,31.9166666666667,380.583333333333
"species",118,118,312.638888888889,31.9166666666667,380.583333333333
"species",119,119,257.305555555556,53.8055555555556,716.944444444444
"species",120,120,312.638888888889,31.9166666666667,380.583333333333
"species",121,121,293.638888888889,33.3888888888889,616.888888888889
"species",122,122,308.361111111111,24.6111111111111,379.111111111111
"species",123,123,276.666666666667,12.8611111111111,693.5
"species",124,124,312.638888888889,34.5833333333333,351.277777777778
"species",125,125,300.730769230769,41.2307692307692,343.346153846154
"species",126,126,257.305555555556,53.8055555555556,716.944444444444
"species",127,127,293.638888888889,33.3888888888889,616.888888888889
"species",128,128,312.638888888889,31.9166666666667,380.583333333333
"species",129,129,301.888888888889,62.1388888888889,304.611111111111
"species",130,130,301.888888888889,62.1388888888889,304.611111111111
"species",131,131,300.730769230769,41.2307692307692,343.346153846154
"species",132,132,287.666666666667,34.25,497.083333333333
"species",133,133,292.277777777778,24.6388888888889,452.944444444444
"species",134,134,310.916666666667,18.0833333333333,534.222222222222
"species",135,135,293.638888888889,33.3888888888889,616.888888888889
"species",136,136,265.194444444444,23.0277777777778,718.166666666667
"species",137,137,312.638888888889,34.5833333333333,351.277777777778
"species",138,138,287.666666666667,34.25,497.083333333333
