"species","x","y","bio5","bio14","bio18"
"background",1,1,351.833333333333,9.25,370
"background",2,2,331.944444444444,8.55555555555556,334.805555555556
"background",3,3,333.638888888889,17.4166666666667,133.75
"background",4,4,337.25,4.16666666666667,305.055555555556
"background",5,5,337.888888888889,4.05555555555556,410.722222222222
"background",6,6,318.138888888889,24.6388888888889,653
"background",7,7,321.111111111111,144.194444444444,471.611111111111
"background",8,8,300.75,35.1111111111111,543.111111111111
"background",9,9,318.444444444444,0.694444444444444,191.305555555556
"background",10,10,311.361111111111,27.2222222222222,502.111111111111
"background",11,11,307.388888888889,220.527777777778,795.277777777778
"background",12,12,323.611111111111,118.388888888889,383.777777777778
"background",13,13,332.222222222222,69.0833333333333,301
"background",14,14,331.944444444444,12.6111111111111,398.5
"background",15,15,303.194444444444,122.722222222222,441.5
"background",16,16,297.555555555556,2.75,385.805555555556
