"species","x","y","bio4","bio14","bio2"
"background",1,1,488.5,19.0277777777778,90.8888888888889
"background",2,2,1693.63888888889,23.2222222222222,104.888888888889
"background",3,3,441.083333333333,95.5,85.6666666666667
"background",4,4,2012.02777777778,15,122.944444444444
"background",5,5,598.027777777778,44.7777777777778,81.0277777777778
"background",6,6,826.638888888889,1.44444444444444,116.805555555556
"background",7,7,1101.02777777778,0.472222222222222,128.666666666667
"background",8,8,2835.77777777778,74.3055555555556,108.111111111111
"background",9,9,1401.19444444444,62.1388888888889,84.5555555555556
"background",10,10,1339.08333333333,3.30555555555556,90.6388888888889
"background",11,11,3474.75,119.75,124.666666666667
"background",12,12,2835.80555555556,81.5833333333333,122.694444444444
"background",13,13,606.944444444444,72.9722222222222,89.6388888888889
"background",14,14,609.25,8.97222222222222,129.388888888889
"background",15,15,416.472222222222,93.6111111111111,85.9166666666667
"background",16,16,790.555555555556,2.13888888888889,122
"background",17,17,406.583333333333,10.5555555555556,129.027777777778
"background",18,18,1062.94444444444,1.44444444444444,130.75
"background",19,19,453.611111111111,8.86111111111111,135.916666666667
"background",20,20,511.277777777778,9.66666666666667,122
"background",21,21,663.75,6.13888888888889,142.277777777778
"background",22,22,559.083333333333,69.6388888888889,87.8888888888889
"background",23,23,602.277777777778,66.4444444444444,87.3333333333333
"background",24,24,1209.27777777778,1.52777777777778,120.138888888889
