"species","x","y","bio4","bio14","bio2"
"species",1,1,1633.36111111111,31.9166666666667,100.777777777778
"species",2,2,1508.44444444444,34.5833333333333,102.888888888889
"species",3,3,1921.22222222222,9.52777777777778,118.777777777778
"species",4,4,2194.33333333333,23.0277777777778,119.222222222222
"species",5,5,2628.44444444444,62.4444444444444,118.916666666667
"species",6,6,2267.66666666667,53.8055555555556,96.9444444444444
"species",7,7,2976.30555555556,54.5,100.361111111111
"species",8,8,2170.55555555556,19.8055555555556,131.222222222222
"species",9,9,2984.44444444444,83.1944444444444,105.361111111111
"species",10,10,1278.30555555556,64.3888888888889,78.5
"species",11,11,2026.47222222222,14.0277777777778,116.416666666667
"species",12,12,1256.88888888889,78.3333333333333,68.5
"species",13,13,2368.19444444444,38.5277777777778,106.527777777778
"species",14,14,1408.42424242424,61.9090909090909,81.7575757575758
"species",15,15,1256.63888888889,16.1111111111111,115.361111111111
"species",16,16,2001.13888888889,24.6111111111111,101.166666666667
"species",17,17,2844.625,81.2916666666667,78.7083333333333
"species",18,18,2226.94444444444,18.0833333333333,121.055555555556
"species",19,19,1401.19444444444,62.1388888888889,84.5555555555556
"species",20,20,1424.07142857143,49.75,85.7857142857143
"species",21,21,1587.69444444444,12.8611111111111,108.222222222222
"species",22,22,1877.11111111111,24.6388888888889,119.25
"species",23,23,1121.55555555556,78.8611111111111,69.1111111111111
"species",24,24,2425.63888888889,36.4444444444444,116.194444444444
