"species","x","y","bio5","bio14","bio18"
"background",1,1,342.527777777778,9.61111111111111,536.861111111111
"background",2,2,348.527777777778,5,360.972222222222
"background",3,3,305.25,2.11111111111111,258.694444444444
"background",4,4,309.5,185.194444444444,657.333333333333
"background",5,5,308.277777777778,13.9722222222222,621.194444444444
"background",6,6,305.25,35.1666666666667,292.361111111111
"background",7,7,325.088235294118,2.5,85.2058823529412
"background",8,8,339.666666666667,8.47222222222222,267.888888888889
"background",9,9,313.666666666667,22.5833333333333,563.555555555556
"background",10,10,342.666666666667,3.22222222222222,107.888888888889
"background",11,11,313.277777777778,132.416666666667,643.944444444444
"background",12,12,315.083333333333,78.5,601.5
"background",13,13,303.083333333333,4.97222222222222,356.277777777778
"background",14,14,343.277777777778,8.08333333333333,75.9722222222222
"background",15,15,332.972222222222,48.7222222222222,323.888888888889
"background",16,16,305.305555555556,212.194444444444,710.5
"background",17,17,347.361111111111,18.5277777777778,488.777777777778
"background",18,18,331.166666666667,68.3333333333333,229.611111111111
"background",19,19,334.611111111111,4.97222222222222,369.444444444444
"background",20,20,336.527777777778,26.9722222222222,477.027777777778
"background",21,21,315.194444444444,26.3611111111111,553.166666666667
"background",22,22,346.694444444444,0.472222222222222,230.777777777778
"background",23,23,304.666666666667,13.2777777777778,642.222222222222
"background",24,24,277.944444444444,11.4722222222222,732.222222222222
"background",25,25,319.833333333333,66.4444444444444,284.444444444444
"background",26,26,321.916666666667,72.6111111111111,618.083333333333
"background",27,27,328.416666666667,49.6111111111111,543.944444444444
"background",28,28,327.333333333333,81.3055555555556,361.194444444444
"background",29,29,335.027777777778,9.94444444444444,464.444444444444
"background",30,30,349.888888888889,5.61111111111111,283.333333333333
"background",31,31,327.444444444444,79.1388888888889,261.527777777778
"background",32,32,336.305555555556,11.8888888888889,179.361111111111
"background",33,33,315,134.972222222222,435.5
"background",34,34,272,83.1944444444444,486.666666666667
"background",35,35,309.833333333333,211.25,650.777777777778
"background",36,36,339.916666666667,28.3333333333333,468.722222222222
"background",37,37,319.694444444444,42.4722222222222,517.083333333333
"background",38,38,336.472222222222,22.4722222222222,365.527777777778
"background",39,39,325.805555555556,2.80555555555556,159.611111111111
"background",40,40,290.138888888889,6.33333333333333,231.5
"background",41,41,304.416666666667,4.91666666666667,339.416666666667
"background",42,42,312.972222222222,19.5277777777778,527.083333333333
"background",43,43,322.888888888889,62.4722222222222,393.277777777778
"background",44,44,322.194444444444,0.972222222222222,262.861111111111
"background",45,45,329.138888888889,3.16666666666667,202.472222222222
"background",46,46,323.833333333333,61.6944444444444,235.055555555556
"background",47,47,333.666666666667,4.36111111111111,45.1944444444444
"background",48,48,315.527777777778,5.94444444444444,617.027777777778
"background",49,49,291.777777777778,96.4444444444444,389.583333333333
"background",50,50,296.5,8.02777777777778,564.472222222222
"background",51,51,332.416666666667,6.97222222222222,325.027777777778
"background",52,52,344.416666666667,1.5,175.861111111111
"background",53,53,328.277777777778,10.8333333333333,118.805555555556
"background",54,54,351.111111111111,1.94444444444444,460.222222222222
"background",55,55,317.222222222222,30.3055555555556,481.5
"background",56,56,261.888888888889,74.3055555555556,502.972222222222
"background",57,57,326.972222222222,85.25,286.5
"background",58,58,310.444444444444,5.33333333333333,220.472222222222
"background",59,59,325.694444444444,75.3611111111111,347.611111111111
"background",60,60,330.916666666667,23.4444444444444,124.444444444444
"background",61,61,335.416666666667,0.5,255.944444444444
"background",62,62,314.444444444444,2.61111111111111,89.9444444444444
"background",63,63,340.527777777778,0.583333333333333,227.583333333333
"background",64,64,329.75,15.3055555555556,465.694444444444
"background",65,65,327.342857142857,18.6571428571429,104.828571428571
"background",66,66,323.583333333333,50.8888888888889,250.305555555556
"background",67,67,338.861111111111,5.77777777777778,141.166666666667
"background",68,68,326.472222222222,3.88888888888889,68.5
"background",69,69,330.055555555556,47.3888888888889,167.888888888889
"background",70,70,322.611111111111,60.6944444444444,284.166666666667
"background",71,71,325.861111111111,22.8055555555556,107.472222222222
"background",72,72,344,3.86111111111111,242.888888888889
"background",73,73,305.555555555556,7.75,585.5
"background",74,74,286.111111111111,9.52777777777778,590.055555555556
"background",75,75,333.833333333333,7.72222222222222,251.472222222222
"background",76,76,317.805555555556,8.22222222222222,354.944444444444
"background",77,77,319.138888888889,161.388888888889,535.944444444444
"background",78,78,333.027777777778,4.97222222222222,453.972222222222
"background",79,79,307,6.52777777777778,467.361111111111
"background",80,80,312.916666666667,64.7222222222222,483.972222222222
"background",81,81,349.777777777778,5.13888888888889,549.166666666667
"background",82,82,291.361111111111,57.7222222222222,493.916666666667
"background",83,83,312.583333333333,79.6944444444444,384.75
"background",84,84,336.722222222222,26.2222222222222,552.888888888889
"background",85,85,254.833333333333,117.944444444444,462.166666666667
"background",86,86,284.583333333333,19.8055555555556,622.388888888889
"background",87,87,343.388888888889,0.527777777777778,182.861111111111
"background",88,88,312.448275862069,8,246.965517241379
"background",89,89,295.5,7.22222222222222,382.527777777778
"background",90,90,309.527777777778,174.861111111111,586.916666666667
"background",91,91,327.694444444444,80.2222222222222,290.333333333333
"background",92,92,308.361111111111,24.6111111111111,379.111111111111
"background",93,93,318.333333333333,58.8611111111111,374.666666666667
"background",94,94,326.583333333333,20.5555555555556,137.694444444444
"background",95,95,345.305555555556,2.27777777777778,438.222222222222
"background",96,96,318.583333333333,19.4722222222222,214.583333333333
"background",97,97,262.833333333333,122.444444444444,460.111111111111
"background",98,98,301.257142857143,66.0285714285714,276.342857142857
"background",99,99,318.888888888889,2.61111111111111,194.222222222222
"background",100,100,288.416666666667,26.7222222222222,611.416666666667
"background",101,101,326.777777777778,93.6111111111111,376
"background",102,102,349.388888888889,1.11111111111111,439.722222222222
"background",103,103,347.083333333333,3.05555555555556,414.111111111111
"background",104,104,319.424242424242,11.6969696969697,56.5454545454545
"background",105,105,347.888888888889,8.86111111111111,564.083333333333
"background",106,106,293.833333333333,18.7777777777778,631.305555555556
"background",107,107,336.027777777778,14.5,67.6666666666667
"background",108,108,319.638888888889,23.3888888888889,655.805555555556
"background",109,109,322.583333333333,142.527777777778,462.527777777778
"background",110,110,339.416666666667,2.52777777777778,440.861111111111
"background",111,111,337.527777777778,0.0277777777777778,275.944444444444
"background",112,112,274.75,74.0555555555556,467.888888888889
"background",113,113,311.416666666667,162.166666666667,591.25
"background",114,114,326.416666666667,78.5,333.333333333333
"background",115,115,273.888888888889,61.8055555555556,487.805555555556
"background",116,116,356.194444444444,3.80555555555556,627.972222222222
"background",117,117,292.172413793103,66.0689655172414,730.827586206897
"background",118,118,317.027777777778,0.638888888888889,214.527777777778
"background",119,119,330.527777777778,45.75,193.388888888889
"background",120,120,320.027777777778,36.5,584.194444444444
"background",121,121,304.972222222222,73.8055555555556,288.111111111111
"background",122,122,334.444444444444,37.2777777777778,400.583333333333
"background",123,123,307.416666666667,25.3055555555556,514.138888888889
"background",124,124,347.055555555556,8.72222222222222,311.75
"background",125,125,311.361111111111,27.2222222222222,502.111111111111
"background",126,126,317.027777777778,2,142.583333333333
"background",127,127,330.5,1.52777777777778,89.0833333333333
"background",128,128,323.25,65.5833333333333,571.972222222222
"background",129,129,333.111111111111,26.4722222222222,313.805555555556
"background",130,130,282.361111111111,54.5,580.083333333333
"background",131,131,314.25,89.3611111111111,633
"background",132,132,331.277777777778,2.80555555555556,166.833333333333
"background",133,133,334.277777777778,2.25,64.8333333333333
"background",134,134,336.361111111111,43.3333333333333,458.5
"background",135,135,309.388888888889,23.2222222222222,174.277777777778
"background",136,136,315.888888888889,70.5833333333333,621.388888888889
"background",137,137,343.472222222222,0.583333333333333,152.277777777778
"background",138,138,328.777777777778,45.2777777777778,348.972222222222
"background",139,139,305.638888888889,104.027777777778,356.333333333333
"background",140,140,340.527777777778,7.27777777777778,118.305555555556
"background",141,141,329.666666666667,89.0277777777778,278.527777777778
"background",142,142,288.666666666667,13.1111111111111,147.527777777778
"background",143,143,313.666666666667,102.472222222222,366.944444444444
"background",144,144,335.333333333333,26.8333333333333,112.861111111111
"background",145,145,306.444444444444,34.5277777777778,197.138888888889
"background",146,146,296.333333333333,7.47222222222222,628.027777777778
"background",147,147,324.611111111111,109.361111111111,349.944444444444
"background",148,148,291.944444444444,78.9444444444444,451.972222222222
