"species","x","y","bio5","bio14","bio18"
"species",1,1,292.172413793103,66.0689655172414,730.827586206897
"species",2,2,292.277777777778,24.6388888888889,452.944444444444
"species",3,3,300.730769230769,41.2307692307692,343.346153846154
"species",4,4,293.638888888889,33.3888888888889,616.888888888889
"species",5,5,284.583333333333,19.8055555555556,622.388888888889
"species",6,6,278.555555555556,78.3333333333333,370.916666666667
"species",7,7,300.730769230769,41.2307692307692,343.346153846154
"species",8,8,312.638888888889,31.9166666666667,380.583333333333
"species",9,9,265.194444444444,23.0277777777778,718.166666666667
"species",10,10,312.638888888889,31.9166666666667,380.583333333333
"species",11,11,312.638888888889,34.5833333333333,351.277777777778
"species",12,12,293.638888888889,33.3888888888889,616.888888888889
"species",13,13,292.277777777778,24.6388888888889,452.944444444444
"species",14,14,312.638888888889,31.9166666666667,380.583333333333
"species",15,15,292.277777777778,24.6388888888889,452.944444444444
"species",16,16,292.277777777778,24.6388888888889,452.944444444444
"species",17,17,312.638888888889,31.9166666666667,380.583333333333
"species",18,18,282.805555555556,36.4444444444444,526.666666666667
"species",19,19,312.638888888889,31.9166666666667,380.583333333333
"species",20,20,312.638888888889,31.9166666666667,380.583333333333
"species",21,21,264.151515151515,53.6969696969697,733.757575757576
"species",22,22,282.361111111111,54.5,580.083333333333
"species",23,23,257.305555555556,53.8055555555556,716.944444444444
"species",24,24,289.333333333333,16.1111111111111,314.472222222222
"species",25,25,291.222222222222,16.8888888888889,494.055555555556
"species",26,26,293.638888888889,33.3888888888889,616.888888888889
"species",27,27,257.305555555556,53.8055555555556,716.944444444444
"species",28,28,276.666666666667,12.8611111111111,693.5
"species",29,29,300.730769230769,41.2307692307692,343.346153846154
"species",30,30,257.305555555556,53.8055555555556,716.944444444444
"species",31,31,292.888888888889,64.3888888888889,306.111111111111
"species",32,32,274.583333333333,81.2916666666667,570.375
"species",33,33,300.730769230769,41.2307692307692,343.346153846154
"species",34,34,291.222222222222,16.8888888888889,494.055555555556
"species",35,35,300.730769230769,41.2307692307692,343.346153846154
"species",36,36,312.638888888889,31.9166666666667,380.583333333333
"species",37,37,300.730769230769,41.2307692307692,343.346153846154
"species",38,38,300.730769230769,41.2307692307692,343.346153846154
"species",39,39,292.277777777778,24.6388888888889,452.944444444444
"species",40,40,312.638888888889,31.9166666666667,380.583333333333
"species",41,41,313.333333333333,62.4444444444444,489.555555555556
"species",42,42,292.172413793103,66.0689655172414,730.827586206897
"species",43,43,293.638888888889,33.3888888888889,616.888888888889
"species",44,44,312.638888888889,31.9166666666667,380.583333333333
"species",45,45,278.805555555556,14.0277777777778,576.722222222222
"species",46,46,257.305555555556,53.8055555555556,716.944444444444
"species",47,47,300.730769230769,41.2307692307692,343.346153846154
"species",48,48,312.638888888889,31.9166666666667,380.583333333333
"species",49,49,287.666666666667,34.25,497.083333333333
"species",50,50,266.444444444444,38.5277777777778,568.166666666667
"species",51,51,300.730769230769,41.2307692307692,343.346153846154
"species",52,52,287.666666666667,34.25,497.083333333333
"species",53,53,312.638888888889,31.9166666666667,380.583333333333
"species",54,54,272,83.1944444444444,486.666666666667
"species",55,55,264.151515151515,53.6969696969697,733.757575757576
"species",56,56,291.222222222222,16.8888888888889,494.055555555556
"species",57,57,287.222222222222,78.8611111111111,379.25
"species",58,58,292.277777777778,24.6388888888889,452.944444444444
"species",59,59,287.666666666667,34.25,497.083333333333
"species",60,60,310.916666666667,18.0833333333333,534.222222222222
"species",61,61,287.666666666667,34.25,497.083333333333
"species",62,62,278.805555555556,14.0277777777778,576.722222222222
"species",63,63,264.151515151515,53.6969696969697,733.757575757576
"species",64,64,292.172413793103,66.0689655172414,730.827586206897
"species",65,65,257.305555555556,53.8055555555556,716.944444444444
"species",66,66,312.638888888889,31.9166666666667,380.583333333333
"species",67,67,278.805555555556,14.0277777777778,576.722222222222
"species",68,68,292.172413793103,66.0689655172414,730.827586206897
"species",69,69,306.515151515152,61.9090909090909,290.878787878788
"species",70,70,308.361111111111,24.6111111111111,379.111111111111
"species",71,71,265.194444444444,23.0277777777778,718.166666666667
"species",72,72,287.666666666667,34.25,497.083333333333
"species",73,73,260.666666666667,24.5833333333333,718.055555555556
"species",74,74,313.333333333333,62.4444444444444,489.555555555556
"species",75,75,286.111111111111,9.52777777777778,590.055555555556
"species",76,76,282.361111111111,54.5,580.083333333333
"species",77,77,300.730769230769,41.2307692307692,343.346153846154
"species",78,78,300.730769230769,41.2307692307692,343.346153846154
"species",79,79,287.666666666667,34.25,497.083333333333
"species",80,80,300.730769230769,41.2307692307692,343.346153846154
"species",81,81,292.277777777778,24.6388888888889,452.944444444444
"species",82,82,257.305555555556,53.8055555555556,716.944444444444
"species",83,83,292.277777777778,24.6388888888889,452.944444444444
"species",84,84,310.916666666667,18.0833333333333,534.222222222222
"species",85,85,292.277777777778,24.6388888888889,452.944444444444
"species",86,86,312.638888888889,31.9166666666667,380.583333333333
"species",87,87,265.194444444444,23.0277777777778,718.166666666667
"species",88,88,300.730769230769,41.2307692307692,343.346153846154
"species",89,89,287.666666666667,34.25,497.083333333333
"species",90,90,292.888888888889,64.3888888888889,306.111111111111
"species",91,91,312.638888888889,31.9166666666667,380.583333333333
"species",92,92,287.222222222222,78.8611111111111,379.25
"species",93,93,291.222222222222,16.8888888888889,494.055555555556
"species",94,94,300.730769230769,41.2307692307692,343.346153846154
"species",95,95,286.111111111111,9.52777777777778,590.055555555556
"species",96,96,312.638888888889,31.9166666666667,380.583333333333
"species",97,97,312.638888888889,31.9166666666667,380.583333333333
"species",98,98,287.666666666667,34.25,497.083333333333
"species",99,99,312.638888888889,31.9166666666667,380.583333333333
"species",100,100,304.083333333333,13.5833333333333,493.027777777778
"species",101,101,312.638888888889,31.9166666666667,380.583333333333
"species",102,102,292.277777777778,24.6388888888889,452.944444444444
"species",103,103,257.305555555556,53.8055555555556,716.944444444444
"species",104,104,311.928571428571,49.75,241.071428571429
"species",105,105,265.194444444444,23.0277777777778,718.166666666667
"species",106,106,292.277777777778,24.6388888888889,452.944444444444
"species",107,107,288.416666666667,26.7222222222222,611.416666666667
"species",108,108,293.638888888889,33.3888888888889,616.888888888889
"species",109,109,312.638888888889,31.9166666666667,380.583333333333
"species",110,110,300.730769230769,41.2307692307692,343.346153846154
"species",111,111,292.172413793103,66.0689655172414,730.827586206897
"species",112,112,265.194444444444,23.0277777777778,718.166666666667
"species",113,113,300.730769230769,41.2307692307692,343.346153846154
"species",114,114,278.555555555556,78.3333333333333,370.916666666667
"species",115,115,265.194444444444,23.0277777777778,718.166666666667
"species",116,116,264.151515151515,53.6969696969697,733.757575757576
"species",117,117,312.638888888889,31.9166666666667,380.583333333333
"species",118,118,257.305555555556,53.8055555555556,716.944444444444
"species",119,119,293.638888888889,33.3888888888889,616.888888888889
"species",120,120,300.730769230769,41.2307692307692,343.346153846154
"species",121,121,312.638888888889,31.9166666666667,380.583333333333
"species",122,122,312.638888888889,31.9166666666667,380.583333333333
"species",123,123,293.638888888889,33.3888888888889,616.888888888889
"species",124,124,265.194444444444,23.0277777777778,718.166666666667
"species",125,125,310.916666666667,18.0833333333333,534.222222222222
"species",126,126,308.361111111111,24.6111111111111,379.111111111111
"species",127,127,257.305555555556,53.8055555555556,716.944444444444
"species",128,128,292.172413793103,66.0689655172414,730.827586206897
"species",129,129,300.730769230769,41.2307692307692,343.346153846154
"species",130,130,300.730769230769,41.2307692307692,343.346153846154
"species",131,131,264.151515151515,53.6969696969697,733.757575757576
"species",132,132,292.277777777778,24.6388888888889,452.944444444444
"species",133,133,291.222222222222,16.8888888888889,494.055555555556
"species",134,134,292.277777777778,24.6388888888889,452.944444444444
"species",135,135,291.222222222222,16.8888888888889,494.055555555556
"species",136,136,292.277777777778,24.6388888888889,452.944444444444
"species",137,137,312.638888888889,34.5833333333333,351.277777777778
"species",138,138,272,83.1944444444444,486.666666666667
"species",139,139,264.151515151515,53.6969696969697,733.757575757576
